-0.4115380309240081	4.944035670180629E-5
-1.1588248277638338	0.0020165620998763268
-0.029252971537497795	-9.423001094810094E-4
0.2063131149204444	-0.0013351996396635491
-0.2731097776934746	-0.0018776009623172735
0.5623993910629298	0.008307983398942608
-0.26346446254529865	0.010507974617440278
0.09404979399044781	-0.002739287113072978
-0.06689240545219552	5.142529108866198E-4
0.37888286960018736	-0.013989697692713817
0.26592717081826345	0.008262020379483375
0.4968303870306486	-0.00390402169087435
-0.8923382395791828	0.0012612737127602022
-0.5867759108682328	0.0018981839655601467
-0.4865739415312359	-0.001553447941740401
0.49204392653146733	0.0034554272342409817
-0.3764615640082022	-0.02112232648322236
-0.0034939487631856737	-7.457609109914812E-4
-0.4939618120876668	-0.008592939880557884
0.46693943655782283	-0.009699391143106932
0.1629075016541193	-7.684325081257951E-4
0.21478320514799837	0.005997502790978051
-1.1499445558794612	-0.01363131595465838
-0.24575310938804448	8.646163898189211E-4
-0.6226503913145316	-7.283615628012383E-4
-0.10528960837369386	-0.007589394961132994
-0.03750345326848202	-0.001934527199541635
0.28790627539103153	-0.001725144476678181
0.3745130822142181	-0.003262500123526589
0.03329457255722753	0.0051719697020919265
0.06938987636851585	5.465606362370929E-4
0.04907750235443258	0.0027128970929982104
-0.6648698111719875	-2.2102918814350254E-4
-1.1831241846103422	0.003428631247544735
-0.6307966700406722	0.006995195451965524
0.03897228965705971	0.002325222535371031
0.7838298431078974	-0.0013408066751495256
-0.14067266193609365	-0.0056928611602497445
-0.36762491010321063	-7.868878386759204E-4
0.31355185411379805	0.001120146255184519
-0.10285613466668109	-6.246006887005291E-4
-0.06785800353884601	3.5500653670968326E-4
0.003061644667775901	8.193547091016482E-4
0.10563226646378121	0.004638690420057198
-1.0267319745910877	0.004578010182143898
0.3573834767491809	0.004244144989054078
0.20564456667041262	6.897342695854608E-4
0.08745679848124946	-0.001584849274441703
0.6830766187920462	-0.0058768689628352225
-0.44654221379726383	0.007182927912992043
1.2663782443366975	0.0072380015090466494
0.18749888304708498	-0.02261048347107809
0.3484100871440753	-0.005777079379814814
-0.214320782081775	-3.269578264981499E-4
-5.948147632270479E-4	8.116883108224379E-4
-0.04944352890113557	0.0010662213183619007
-0.5556642389094294	0.0024630299647093266
-0.05269017394090641	-0.007570923337725235
0.6427643864920417	0.09013457999093369
0.5418269264007342	-0.015144106071213775
0.8049478560873143	-0.0018507836900807917
-1.4332307225848804	-0.001325756880511846
-0.7521578041298198	0.0017768640268328946
0.004247667296295646	8.173806643863669E-4
0.17680378510352154	0.002265092069736594
-0.37974586263456495	-4.163952098280859E-4
0.17521209038562724	-0.001789722275529283
0.8535667017180708	-0.0049741612242083285
0.13564006879409685	9.94456105124816E-4
0.06873277305465625	0.0013709471587175011
0.48877267282287845	8.412605019038358E-4
0.04770268683221039	-0.005636614904947151
-0.6083563569274303	-0.01489771147298261
0.9026365600741058	-0.006564000817710486
-0.2914441405294944	-0.007695329524002899
0.30348369451163393	-0.0022328642870196383
-0.23130638615496904	-0.001593875085583981
-0.19273927875623947	0.0011109811052227051
-0.3683699731376066	-0.0024874932842278833
-0.06885989163370622	0.018481168647904733
0.6594321963597002	-0.0038117646273507066
-0.14607797126918926	0.0014577035180943524
-1.111308357281675	0.04274925724986782
0.443190196671311	-0.002779186929006499
0.33479501836556025	0.0031675258643108933
0.15479732991387887	5.196263437205298E-4
-0.6227552854842416	8.82707044630071E-4
-0.6753166577991884	0.0017866018946279382
-0.10068983236876877	-6.315797485515708E-4
0.3427779663377844	-0.015360618150889587
-0.5984977099286599	0.0035151547330689718
-0.49598768642834445	-0.018319837210683403
0.04404445708211616	-0.0023342265454482317
-0.263382875209863	0.04827495054804914
0.35901309938968196	0.0014129575643877653
0.7798766914037816	0.0056245933149298
0.11005817972345198	-0.0032120284038181343
0.23601899933582576	-0.030008744475042575
-0.8053063357370707	0.0023417935233160784
0.09340135126599146	-8.606792394526996E-4
-0.11235300041850357	0.0036081501497365687
0.16582567888461064	0.0023065277063783972
0.17095625786871602	0.0030479013867720766
1.2206187005907319	0.0024577063819259466
-0.10906071951277449	-0.0028541494902659496
0.5094771610146854	-0.0019957607908291817
0.4122650525431501	0.011843201238483323
-0.7901727083274567	-0.00229105090528823
0.4332167825184866	-0.0026766692147760307
-0.34265901976246155	3.1200695593262655E-4
-0.39403307496667067	-2.5409809964352983E-4
0.11603722142126213	0.023598240074027273
-0.4287625446534109	-0.00142182292285872
-0.34693749621445263	5.535017916458593E-4
-0.8024807073269492	-0.02222623636559456
0.7578213705151383	3.4716573693814053E-4
-1.350828337286754	-8.094873622075326E-4
0.010503167238371813	0.0036060117916691396
-0.29647430351322396	0.00808956168011861
-0.31608758315543234	-0.02017230024788752
0.003798618028595232	-0.0020020282639233175
0.2293303926456388	-0.00280703219922865
-0.8123159816731909	0.002175518161259413
-0.35841701841345647	0.0024509849528355832
0.31083483882994734	0.0011994549969623614
-0.2988126156885493	7.974310066690277E-4
0.22928239077567614	0.0033925179754082635
-0.24360336491740084	0.003601230367291552
0.2328858853251883	0.0015834176192285891
-0.8309188705234972	0.002989563131554886
-0.9511315102697416	-0.0060348846236586975
-1.265633396665491	-0.010067161448194585
0.525040026157364	-0.0014164941467788975
0.17586425747595977	0.003215087688814814
0.6187909098781048	-0.006828214426777969
0.357625851347304	-0.0010828027073424072
-0.35698403098442383	4.915546490568518E-5
-0.5780813470721028	-8.630256721099363E-4
-0.2503278602078321	-2.680985001743063E-4
-0.5275193984302643	-0.004210435682520968
-0.7496669215997431	0.009326804168513964
0.577647555605886	0.012486840851128342
-0.04306890380605861	0.001055564035096189
-0.9564083125800912	0.0013160861270450751
0.08676865795101311	0.028967540462427492
0.6474176140502633	2.581608308190347E-4
0.6749182460313792	-0.002136817117670103
0.39401961128876417	3.615371796772903E-4
-0.1588772252867068	0.0013841223495793292
0.014587626499725635	0.001040740979802429
-0.4260962376493172	-0.0040983132298698976
0.3940201215622472	-0.0013225991233899305
0.23812384066502518	0.016794321827741345
-0.5776592043555147	-0.0017420869784344109
0.6733156138871388	-0.0033140467000284525
0.1958031285071274	0.0026583121992613448
-0.7024245110244016	-0.0033813576832394006
-0.31615096332356146	2.1505253969396323E-5
0.19516389345901708	3.7600272584260944E-4
0.6419687798018598	8.077698823728808E-4
-0.14464433762572557	0.0022594420068472038
-0.7076962979305788	0.0026900412620753985
0.564673489215769	-0.0021577248249730757
0.13872032401702902	-8.627610718357949E-4
0.22389492542398787	0.008462458591543645
-0.9053204005414626	5.100846620909186E-4
0.30777869071421254	-0.0014374941380886478
0.10168460495151982	6.008598217823325E-4
-0.8084841868376201	0.0016860531313189087
0.3571891702375636	0.005069993905949189
0.5097933405558616	-1.23437847282826E-5
-0.49020572651181155	-0.002566056421303669
-0.025392812932828124	-0.005551052887268957
-0.18133535543586485	-0.0014493332071612293
-0.14627736087641238	6.038008482678518E-4
-1.0062082574326485	-0.0011657985362927622
0.05338142529610665	-0.003193708105968702
-0.09939324877401934	-0.03606209729402837
-0.28270735049580425	0.001369108961464678
-0.10891740124017397	0.018629838470636234
-0.09176175660622511	0.0012566862255829123
-0.371710015453436	-0.003786048316449653
0.46330944494080967	0.0032773878311963146
0.017477083436247775	4.587539260812523E-4
0.19185334554854058	-0.0015021654753173664
0.1880970971425702	0.004073225178390157
-0.36126700066638445	0.003898099158794404
0.3141775130593151	0.0012217982708536094
0.4129454576170973	-0.0076578434122131014
-0.43575079804446415	0.002980773419347707
0.4095716065842053	-0.0015604522182288301
-0.0036358147479374067	-0.003652418438079799
-0.6868304870665873	-0.0027294921335704173
0.11928623876713042	-0.021160649296997985
-0.08054821423247498	-0.014609177944893172
-0.45867683181888597	0.004058418979054069
1.6942842991875724	-0.004131399070604492
0.22559962259581645	-0.009848383000350059
0.32701357044145984	-0.004474705883062699
-0.5258926895766545	-0.007138658579162006
-0.39888320937964306	0.00383331013126197
-0.2718869657799343	5.079769130519879E-4
-0.5999318596262775	0.0033909914198792983
0.22120492965035393	0.005183017131180063
-0.10016988171460943	-0.0015874688410540015
0.2556156360040375	0.0019160948022304508
-0.2752815383364996	0.002820429613728825
-0.3622976881981939	0.002517572669897761
0.10600445114113802	0.0030902075875207297
0.05733899630232955	-2.3574316274472325E-4
-0.458589702162566	0.005733604956195975
0.033792542503558246	0.011649976990424532
0.22947064831117991	0.001039307761547016
-0.14755467574154782	0.10576389218147704
-0.08005486741194974	0.0010193344104498893
1.800130119612967	0.007962894376364651
0.3417352872105038	0.019135523689873413
-0.04023637827695111	-0.004748214282013929
1.1255877043495457	1.885781398423724E-4
0.18060705961802584	0.0010742074725966966
-0.6227206797518552	0.0018255538287068696
-0.5141489048002466	9.770798096300657E-4
-0.9401572498396821	9.511363060628207E-4
0.36289948434539593	5.289578076148383E-4
-0.04125223382915726	-0.0026650608412387465
-0.09862201101320157	0.004027707754941845
-0.08705586344319888	0.05407715127783091
0.6755989497255149	0.00104067362009821
0.7260019217747091	3.456899552657835E-4
-0.5567408957932325	0.0018389674911736206
-0.43960531096260475	0.008800959381828106
0.5064571130350995	-0.004676174454053278
0.1441279010631043	0.0021709897836762106
0.5740322783287615	0.001298175881588477
-0.06888755495888303	0.004011426090930565
-0.03880686260883718	0.002625172809276766
0.5567471105676263	-0.001155815336778042
-0.4188772918501464	0.0016011532124840006
0.40264242587557836	-1.729875991218488E-5
-0.8405919607158086	-0.002146377576106542
0.019734769661302245	0.0034518364157424767
-0.028048380042752792	-0.0011867957916169474
-0.11432730042109444	0.004293070369378555
0.18778625114821204	9.829687235941445E-4
-0.3809048368859133	0.008825480695976157
-0.6938160591309237	-0.0031968131239009105
0.12760473224299215	0.008175035951514429
0.13590964010324263	0.004393452046784917
0.777148449793907	0.0030737743941095575
0.05747174164646041	-0.0025966459277529177
-0.32669692914908255	0.0035632416294117094
1.107329986947982	0.008461493060621425
-0.9411756904376573	-0.0025134443802654095
-1.234952745395632	0.008541391876660209
-0.2534494906390088	0.0011710828344911163
1.003628796609457	0.00358425279793807
0.6951303622203786	-0.0024554323128232686
0.025737699420461557	2.024130043285129E-4
-0.40786758818156293	0.005334888292608577
-0.3349433444656091	7.527252215813106E-4
0.6405129368644797	-1.8115119188503458E-4
-0.0380822897148759	-0.0011160877980401099
0.2836822382871033	-7.519012721910503E-4
0.6205513818973708	-0.007986394175575685
0.36030334771485956	-0.0038187300893981744
0.6550690847589886	-0.0021166639360898076
-0.24976380402910545	2.2979216566764655E-4
0.7629699663349292	-4.2155447974562846E-4
-0.2168581013980838	0.0011027536391812224
-0.7189020784683638	-0.0017823665985394698
-0.1137806242474055	0.024023690338541105
0.07465385791007927	-0.006383524158154419
-0.5395975136481476	0.01999600589884239
-1.2055627476645494	-0.0017865445014904181
0.4460757032128014	-0.01784976847026467
0.07340199962672421	0.0011610235088540244
-0.490603310559824	-0.0045013311137507735
0.12160278199346307	-0.0012672410741033722
0.7029551566033171	0.002357348711247522
-0.6838631074737311	-0.001006650648760762
-0.20207791128780397	0.0024158954328421557
0.5209529863571256	4.114105450299508E-4
-0.7637271808645353	-0.0022741377686404515
-0.10406053722730116	0.0034357757422066705
0.06979205641899133	-4.377820379549429E-4
0.264313055050662	0.00192079360393102
0.40921002348240637	0.014290133597180177
0.43307349703278847	2.6911881523809285E-4
0.035664668942807336	3.3867133495606784E-4
0.5859686165521655	0.0011799027056098488
-0.059426658312126374	0.006130866229493856
-0.029447768640925978	-9.148984061450973E-4
-0.17193980786395036	0.0030629689112051843
0.6407584041091013	-0.003985432863274441
-0.4667565646786167	-0.007467630359547335
0.2645497856521704	6.688782875343101E-4
0.2711507950507937	-8.504940007739428E-4
0.3200745514633966	0.04487033501314895
1.2202533429891458	0.0021923311803841547
-0.7012657698529535	0.0011215352197398744
-0.30170158073438036	6.051310137195311E-4
0.3151643361414254	-4.4911870457561804E-4
0.7984750456023922	0.004635825653741759
0.32905126109459015	-6.901593538628193E-4
0.4592791928237122	-0.0010215975049196852
0.43360047242862776	-7.812604659643207E-4
0.36417928574957764	0.0016065024627538
0.2606726200422525	-0.018275506656609625
0.40620260224401683	2.0110918315315975E-4
-0.7090893772729522	0.0025508436088550373
0.21087458822203092	-0.008722701939129699
0.1893192537672069	-0.0028822270310595722
0.37350907312764425	0.013155829856465344
0.6266135946503542	9.088148902813839E-4
-0.5990938633031504	0.005555673292442418
0.11216738249950067	2.0827169228920271E-4
-0.4044136294008298	-0.011379837644359488
0.6482494314452284	0.002757741136285018
0.9133991027683708	-0.0017564146148021525
-0.005024819434493285	0.017532979351139958
-0.07229673828493838	-0.0017598196785365463
0.03133690005652765	-1.3204305129925546E-4
0.3813787075492467	-0.0023207770670311033
0.4386001950298286	0.001886813187569236
-0.4415812640603205	0.0018800965970905128
-0.37947991953925503	-0.002232876361826555
0.12374696028326834	-0.002401550608022062
-0.473588605932339	-0.020219018894953457
-0.7978427980148924	0.0012215538183137536
0.2000333157008666	-0.0022639144476304485
-1.1446000472613018	-0.04099109020782995
0.7184607456625278	0.003003801152225698
-0.4638432830771348	0.003279321329282997
-0.6395753189559419	0.001452837524369824
-0.1793403304245421	-0.002541078635677533
-0.5687466911572259	-0.003691387506604527
-0.4251377155619952	0.005082574355821497
-0.6143953600107488	-4.822303200851595E-4
-0.2889769793255766	0.019352172585019926
-0.1819465471148991	0.0031095103182374254
-0.4663540035481614	-0.0011054445929644541
-0.32471219268306695	0.01992308509983295
-0.8312110038959074	7.81532934745723E-4
-0.25390640582507196	0.012005808025472338
0.927667853537785	8.991718037324741E-4
0.131845387515452	0.004034694136955022
0.12216766874622895	-0.0018455801949549008
0.09471019645126903	-0.00362647586579387
0.20108645943524237	-7.958527054594843E-4
0.3786603549072089	0.007413501990592234
0.598999041666803	-0.001903512047842502
-0.49604882414717955	-0.03057321802798361
-0.5139479189966207	-0.0023080369467656145
0.04710748101472824	0.007339500147836355
-0.1984260600144556	-0.03196740478118923
0.23523939740923186	4.2111058223298967E-4
0.050993428210260004	0.010602356094254072
0.2662318489035453	-0.00877157019729257
0.08848551481526815	-0.005849865515341749
0.05943181039303653	0.0025701114403294365
-0.02154799121464165	0.002096454770822946
-0.09501413233416685	-1.0438034832785239E-4
-0.4737519824097863	-0.0015059089978484135
0.674937288713165	6.210943608196314E-4
0.3066497969836841	-1.520522689318511E-4
-0.27797717558862367	-0.00678783528909467
0.5523558537173144	0.005154891959374543
-0.018209258323264275	-1.39205709853748E-4
0.14852501980281166	-0.00103423727301337
0.8517975216403996	0.003267871305282877
0.17612476271683158	-0.00468443710197669
1.1782123818591819	5.996494257547648E-4
0.30385231799209594	0.003995707181182081
-0.29500021021019346	-0.006672052947604726
-0.16314917142125662	-0.04169185295329141
-0.2701542524547933	0.0018123981915140867
0.3996749056538836	0.00827976439727316
0.2601867191643557	0.003224834760413956
0.042771323809772235	-0.001071866301250452
-0.20101437817965567	7.696632029998952E-4
-0.6536222369052191	5.048028055237935E-5
-0.01910633953618264	-2.830952014391942E-4
0.6222050512126336	0.003575693153761775
0.4890032930633094	-0.002769016665363047
0.03910379779214242	9.309389696727583E-4
0.6189206982410568	0.0036978001648525697
0.6140228110552618	0.007505898212413515
-0.6785712904997622	-0.019510052684538037
-0.028668181694084083	-2.2944589757912127E-4
-0.26297285356939226	0.0021061700560600486
-0.6348631214777867	-0.0019267216062103403
0.2569407614426819	-0.0014086554894820623
1.0392377517082112	0.0028918055934543507
-0.2278718691822795	7.799920896586517E-4
0.8466753782183977	-0.004556306654996242
-0.23803958196319078	-0.022651116393235398
0.7268910855382515	-1.5264723960184396E-4
-0.3700970565794814	5.797940361283506E-4
-0.2412106781432145	0.0019701774009832362
0.10793936805354866	-0.0016019724252974354
0.8100932210543615	0.006180622226611665
-0.06666662513219593	-0.004614969245986603
0.1654334792973352	0.016675295992058334
0.10717612057142777	-7.516130935320957E-4
-1.336088498388162	7.038213186558606E-5
0.4865309272546924	5.218337196080841E-4
0.29756143503866694	-9.020455892280733E-5
-0.6753286228824187	0.008759403928814576
0.28681077323421333	0.011966019432774413
0.6264482022864007	-0.04417489446902758
-0.3176940080547852	0.003913218499715606
-0.2646543805711044	-5.826375880603241E-4
-0.5888718339397615	0.005121402487131424
-0.7427250185720917	9.722464319310136E-5
0.2858522343845158	-0.0028492521966338768
0.03838466002098167	-0.00468252877793875
-0.3097262391356423	3.976830475003197E-4
1.1062010438121401	0.02480190734348584
-0.4026107865792849	-1.6746878189141938E-4
-0.556882941641006	0.0013838653029425263
0.2330423259544747	0.007420945439042611
0.7143876371516578	-0.0034448523188660408
0.05254067752799877	1.7629649232267427E-4
0.39612217706277475	-0.0072607578634641436
-0.39348813907337354	-0.003578136621712392
-0.09330790879553635	-0.009100963531154903
-0.144208167898664	0.012229981197775151
-0.3389553413562881	-0.0013239440180956945
-0.7427687214087865	0.006164848329394263
0.20304276063759916	0.016255702623756228
1.0605220174577228	0.002487790212394964
0.18572678915435797	0.031444366973935024
-1.0888402360715417	-0.0029793231507646654
0.2011103590805217	-0.006016958910978363
-0.1274407918174208	0.001886090881028653
-0.34435523216350283	0.001420130714864545
1.3453388172948482	0.004153588750357031
0.2683711436482341	-0.0028452475500851744
0.11692029999918432	-0.005856693768643034
-0.017323810693994145	2.1643502140322417E-4
-0.3111374160641142	-0.0019697622801804256
0.5880794737981963	-6.427958681567931E-4
-0.4963972053973439	0.0193292579409057
0.4002923775100394	-0.0024163568850172823
-0.20429699276673896	-0.00218692600007033
-0.2629572160468031	2.1500957274821358E-4
0.9814558834352681	0.002504686970842586
0.4238739402300648	-0.0014313111898201648
-0.4731406579068507	-0.010493788899765974
0.030507458885909902	-0.0013085459020684212
0.11551800117384123	-0.0013032241883424076
0.3964771902444236	-6.648744921789164E-4
0.7427552232363825	-0.0014550455707013107
-0.014810466496595771	-0.0015084575803595898
0.6040670707115233	0.017777628182903776
-0.23868725167782093	-0.002335163034875483
-0.628292182341453	-5.011079881093012E-4
-0.33634916217570743	0.002997609248552441
-0.9829781154455405	0.0015344412531193771
0.03403993730321149	0.012680194280243251
-0.5621522583599136	-0.02191777213912729
-0.1421662859882699	-0.010982695184736898
0.5528348411303114	-0.0034552935603069513
-0.4917243826255225	0.0014155029377662257
0.7587412873922621	1.472590064407164E-4
-0.22034109880734037	-0.0012863679164550105
0.5012499445365974	0.002163168392327446
-0.12325159354070817	-0.014257496793804931
0.3099298071588572	0.0024459943800437434
-0.24210142294247197	-0.0019638686067725577
-0.16631680154257578	0.0010701270805840415
-0.2774434560322008	0.0036884975751041178
-1.045961526619075	-0.0037657317025763344
-0.3135341035011375	-4.8284569463675516E-4
-0.08419293640156686	-0.005044958073231645
0.37948322273687635	0.001839664408006488
-0.6988827201665644	-0.09524553580861189
-0.2637175480583551	-0.0030976657642051626
0.2981789415985041	4.006269872689434E-4
0.4000937305125168	-0.0037997237936683056
0.86550891915488	-0.014957090976923096
0.19550285849056445	-0.006565921312184531
-0.07774188335979564	0.0015563879331208245
0.5398520614760179	0.010750184620008034
0.6780376565016747	0.0020544360375289276
-0.25435659458026383	-6.926090167102191E-4
0.07010969897821646	8.447418678629145E-4
0.6446422293772933	2.251138678787016E-4
0.5093043971583959	-8.65221547347954E-4
-0.8266193228526858	-0.0011617646442447429
0.7475343579994664	0.010363680921296662
-0.027658649323964172	-0.0010866994695365325
-0.13491896693295655	-0.0013051983359225001
-0.06700556501651031	0.014228554922779883
0.4791392776998461	-0.0030468981588187734
-0.20216381059233007	0.00364958598375837
-0.5929602901141204	0.006089079336757658
0.7360034269274045	-1.3253270708237527E-4
0.23385597561675997	-0.0033687392603113167
-0.3733084947572874	-0.0024100427831284564
0.12875172302409504	-0.0011833050409460787
0.7788941106607775	0.0063523992811213865
-0.017763914286595916	5.570381181760993E-4
-0.7762734725481686	-0.003562070836803537
0.4237437457885668	0.0032767824234288933
-0.38473213759100444	0.004149465838214362
-0.28651441505617303	-9.361965136004669E-4
0.23094635830968718	-0.03222890224822556
0.2329796436580732	0.003943321827904264
0.26170719118283947	-9.527796592773788E-4
-0.13223937777212136	-0.009815520694101217
-0.6774138978986888	-0.01162886076158685
-0.6857346294318137	-0.0020911102018361513
1.199885401950514	0.002496648294360357
-0.6525105305969789	0.0014319354099265368
-0.36994999872425854	0.002383681459494611
0.4213490083467504	0.007014407099799967
-0.05885269717993623	7.466938879492527E-4
0.27837330252509335	0.0037128789140886496
-0.28588722617357154	0.004925662608474321
-0.21857025885712122	-0.0014061203395784032
-1.0484568099389977	-0.002693777623583577
-0.30292557084459254	0.001572870427115821
0.2520129171353885	-0.002982935043525733
-0.42726864376732376	-0.0030700628586249204
0.557953609259085	0.006145524428322579
0.9160868910796909	0.001946945018655526
0.11374427367425975	-0.0014365201947008702
0.1902718774881096	-0.006689752491769349
0.24718319929446364	-0.014954345602171014
0.5386717912613923	-8.444227768088931E-4
-0.25604492731710193	0.005985881979316357
0.3264230966522273	-0.004014845636076973
-0.1092937033068848	0.002039669959228849
0.18588285771027763	-0.003898388844570526
0.5120435619239551	-0.005932947438716312
-0.13324130997158437	0.0014622408161328356
-0.23965353664962255	-0.014078049800602031
0.27584318755064635	0.022134619124305432
0.17194837922172826	0.013788495307704898
0.262835761309844	0.0031587754484583186
-0.001606575082138991	0.018312949196631963
-0.6969096505752037	-0.010867192082582952
-0.17455292427185934	-7.877667855703224E-4
-0.21567883973785815	-9.348707709003848E-4
0.7898898288355996	-0.0032326396128895744
-0.3702114059185036	0.004136542692476746
0.366146012368425	-0.009863793697900552
-0.4283060055543196	0.0017908444717899665
-0.4223321870862806	-0.0073157760331840965
-0.07404404946013192	0.003563337283958286
0.35178246527377505	-0.0017144294841924118
-0.8825790122848164	4.162725902155348E-4
0.2013960141167844	-7.800408005995806E-4
-0.06662025529826858	0.00549926561938245
-0.0968061640512486	0.0016903680138605297
0.5924900169071482	-0.005889306835908157
0.1846356786073996	0.008064270226418665
0.22095539978642167	0.0031132723847020587
-0.7197784790280414	7.184815817659862E-4
-0.357141822505684	0.0014122090125443213
0.0804937975921366	2.592495823857421E-4
0.11664899847063111	-1.2511259065180862E-5
-0.1849357943380876	0.0013501588178555979
-0.4591287805878708	0.004233082413759706
-0.572893254174796	-1.571830188646067E-4
0.1385588841715225	0.0019221333909556699
0.4125419160990652	-0.0023364130682987853
0.8923698505098436	0.002731509903508991
0.08591135386020754	-0.017142180846089438
-1.3434427615132536	0.016035951394524215
-0.4051787267775388	0.0011028092765511229
-0.6233300257076723	-0.0030775828463666974
-0.46643865000648255	0.001097765830984487
-0.13136437284694216	0.0013880374005288106
0.35039997457617234	-0.002037494626948245
-0.3627872490775715	0.002953006590994527
0.34840375067317103	-2.015733076910506E-4
-0.5661570447364919	6.387577398252382E-4
0.8300831343354387	0.002854093925896821
-0.28501118620101745	-1.1422601424746165E-4
0.7092389227466463	0.01856913928603344
-0.0604906119974624	0.032028191334073114
-0.012435070580558604	0.002336639466965839
0.8506918132940962	-0.006010822885277257
1.1006663824114815	0.0049296394002561065
-0.2747252520318553	-1.0539644638365041E-4
-0.514300096652184	-9.96358257924583E-4
-0.6390697103805811	0.006096888849187906
0.07289027581707426	-6.260945817224431E-4
-0.30866350708573576	0.02863368216412451
-0.20284539938160617	0.0013028631632872427
-0.09114012928403888	0.002636433979549189
-0.2003864881839656	-0.0019606690937828946
0.13376932020637972	-0.005104635895924434
-0.03555079609688333	0.002914716901930109
0.14327940030884903	-0.001675376581110834
0.4532606199563515	-0.003053468953495387
0.7804395398896412	-0.015299195050751278
-0.6899549713300164	0.0024785631114183477
-0.03791412503169891	-0.0017949605277680152
0.2959083650964315	0.002638026708345486
-0.03107499895587126	0.001116123166027609
-0.45009689875464826	0.006777431210972681
-0.6330708370141059	-0.010754167166157454
0.07774379851201754	-0.03975924367459076
-0.6549892961263515	-0.006685101787404529
0.25428384105318214	0.0024115683389075043
1.0811230126899911	-8.025893771539808E-4
-1.3179941994146211	0.002776753305689056
-0.18466458241477812	9.057360380235768E-5
-0.4464368264554491	0.002315925617954022
0.1878523858734671	-0.003369570828981744
0.2957759545578089	-0.0025894471460627343
0.09014996872016331	-0.003521281804824311
-0.7226227929184	0.18659803368856134
0.16219721295290201	-0.0032004289712743127
-0.7853670179036587	0.0016056921549618736
1.0706078537470147	2.445801949949078E-4
1.0552353967193377	-0.00963477287155744
0.21558533069546265	0.0010666991150178177
-0.2514485289993572	0.0015254237221157256
0.24825642166650266	2.502961916705211E-4
0.24670793681029335	-8.21325228735041E-4
0.6799399319867121	0.005155207979558781
-0.454472248520451	0.0014658577211446274
-0.07641217150558657	-0.0024260076826440233
0.31110325722417537	-0.003640661350246639
-0.8357129833829875	-0.006596420019668203
-0.24902643460154864	5.784073673279325E-4
0.012932228419387425	-0.0010402831038771748
0.4431494260821172	-0.00283680863620664
0.518460948437283	6.423987272777898E-4
0.7540120054827036	-0.0023038280923394156
1.1795265065282199	-0.002156924604120817
-0.6143897442675622	-2.589373366099311E-4
0.13453869307213015	0.0034363735841477974
0.43619616880449635	0.003946690271017521
0.009235986796153155	0.009766849177519828
0.6388233342759425	6.950433817084184E-4
-0.28048670428420197	-9.888437819970308E-4
0.5532320232789958	0.003383060536597
-0.4023731343361656	-0.0032530334714297353
0.187492034368961	2.5208358357841504E-4
0.41923725796207145	2.306674850731564E-4
-0.6008826628256527	7.146658694981941E-4
-0.12865709248321475	0.003792997094696484
0.6315923892044568	-0.0021245545842472607
1.2260555642435178	0.0015722455818324528
0.36130524181109536	3.0866731896673507E-4
-0.28036540967284007	0.0016918893314803952
-0.3608341136780525	0.0033438042269751432
-0.25391959935388925	7.240398466412283E-4
0.9173963244516068	0.0024782986438992003
0.1306740813408699	-0.003012276177576912
0.4565103950972175	0.0035198218733122565
0.605317991646998	-0.010607332495962716
-0.18766734338198526	0.015821725035130563
-0.08684998776615192	0.0011829378675422696
0.22168507493130257	-0.007523820038938293
-0.8022040117016236	0.005746614519768825
0.15990562279477405	-0.0010408661782523837
0.028764190039152274	0.001797410969663644
0.25908157285278594	0.0015338187753266067
0.20004335411951385	0.0024180492410896324
-0.1820441883740022	0.005365566451670107
0.483854173005002	-0.0022096271359759957
-0.72318669115392	-7.572339481579759E-4
-0.8010813937897012	-0.0032321575504188076
-0.06625837165942215	-0.0037043112229594908
0.18885878935466793	0.0037048557196355247
-0.201515856732141	0.003864818271533233
-0.07406202458187988	8.383191205924117E-4
-0.0150921403431824	6.9758789137267E-4
0.06111567333543655	-9.442550027319257E-4
0.20583409737781638	-0.00460051109638339
0.3447656258860987	0.01564053639845971
-0.2687899310817602	0.003960649590703921
0.14734072560642758	-0.0029060796943565156
0.6945702780144684	0.004445409361111107
-0.7230136782044122	0.0024077673177958833
-0.6221752241302362	-0.0018624566043377222
-1.1717830862082557	0.0035981575070230987
-0.0731908698964622	0.043556418296494814
0.6771260039493022	-0.00316385018866555
0.31847600416589567	-0.001992470353774135
-0.22049842705264674	0.0016741683531052102
0.05911929659235572	0.001081764128729016
-0.3627864594720738	1.7294848825530177E-4
0.037476216329901536	0.002721837958358772
-0.1638669099645513	-0.004529326701453232
0.6331625476143464	0.0024535560398847764
-0.23832892013694065	0.0011157520514105783
0.34696081401935686	-0.0012260445479256607
-0.7094313067254902	-7.01650988459517E-4
0.5100352837714426	-8.706337916998888E-4
0.14144691362734368	-0.0012575998324611559
-0.9546959502755841	-1.7980694305834327E-4
-0.36251832375072457	-0.02790100143215583
-0.048373084013267585	0.002835218528567595
0.8074160535383965	-4.2854051594643774E-4
-0.013651211092171711	-1.8025551710610955E-4
0.04983260590225474	-2.4176660440340683E-4
0.0590100672522126	9.397227944422162E-4
0.4994497674819298	-0.011566536274584295
0.3539633206827928	-4.3735955420757595E-4
-0.22145047540579846	-0.0044394208843394276
-1.0495967344787072	4.7425708205144106E-5
0.8561910507762371	0.0033844373905899975
-0.3318817283682536	0.0017184851148303818
0.6092185795177544	-0.0024459713753381004
-0.7715987196700652	0.0010879554076584004
0.5588114050634241	0.0253145051660691
0.5292852933509791	-0.00284631610066668
0.4335457074413895	-0.0029855157888738653
0.37197317520836215	-0.0010558221230665293
-0.49672211447304154	0.0016858775621654363
0.5208513847282532	3.4035903709908757E-4
-0.4252612612425771	0.03354197425001114
-0.7562902406361032	-0.011321446414018617
0.5030425532504682	0.004435079079260553
-0.16406099726819154	0.002970080973251528
0.4547917061030476	0.01892775786724098
-0.578506835142853	5.189530515564715E-5
-0.25635000520695705	0.0012585760227825486
0.3098127971204749	0.0012715298267252952
-0.40417742885283203	0.01779136465074898
0.4657413154044173	0.013558958886654062
-0.2963371122946824	-0.0013395292932325948
0.11797256497894062	-0.015358977571135012
-0.48265669969369773	-5.528136971847649E-4
-0.22677290976110334	0.0026313890032244537
-0.18558227202195524	-0.002685218097552173
-0.28127542513478226	-0.0026989306890039927
-0.12461978292988213	0.0018424358545187176
0.05766831668435186	-0.004127204745766851
0.06310085398249676	-7.987880156543082E-4
-0.0391401630194741	-0.0032729666937345034
0.6576676253912245	-0.002197910165266836
-0.13671196348707157	-0.009223465965953309
-0.6322683504130756	0.002037116156445527
-0.18501455570472664	0.009812505146775147
-1.2088297224676923	0.007487872561097938
0.676326422992822	-0.0016305720021080657
-6.372204962650177E-4	0.0017574338707243707
0.3388333092757366	0.0011110335034095838
-0.43952484215992504	0.002424965018347404
0.21448644289922456	1.4968591704106024E-4
-1.2374645681786431	-0.01792445649710676
0.051569416519040734	-0.008223669825754714
0.34398940950448526	-0.18686744999399152
-0.7394930964022122	0.0020061833496061274
0.2547339612744731	-0.07865449241169623
-0.06414708912890034	-0.0038498799588769974
-1.0666490568632174	0.0038490062322056803
0.019001829390111906	0.007988621997623168
-0.14799566829175873	-0.01818358583918076
-0.24291161267986738	4.982579257987666E-4
0.5361937520275227	-0.0027126477466453925
0.17229635229371384	-6.52212773642235E-5
-0.29672378256124704	-0.002233116528883345
0.29055507886325416	0.001689049241817915
-0.3925759577819805	0.0015759149233738052
-0.6784732870273052	0.0032440275912250325
-0.6152659115132664	0.0033226605347160608
0.0742494326984502	0.004717251914899966
-0.8737115925859531	-0.0024742640976284313
-1.212960364517704	0.007329527483848983
-0.5437701383340896	-0.0015903170962987083
0.17005326304968219	0.012865215340819086
0.15686864204947137	0.01481265956907079
0.4157982993044086	-0.0017589648677596955
0.20586859387318351	0.0010942218486070493
-0.5575132992481067	0.0030013651827275143
0.12270323344545114	2.4047162396802855E-4
0.21295168062979802	0.00111859774618566
-0.19292621135992105	0.001887644359170787
0.1061575478248826	-7.026445068044286E-4
0.6767217722563054	-8.564978411655884E-4
-0.42653655456434175	0.008868263825195788
0.4432139433925244	-0.0017354631517212018
0.25372550007136274	-0.010386748661572456
0.9327718334360764	0.029369236806548904
-0.03786858420605032	-0.0010235351230522913
-0.855931608384824	0.004291858380737969
0.11386097771132989	0.0023101061048520642
-0.7817303669948236	-0.0014005761777889
-0.07450518455252841	-0.0019580249087877014
0.26746205088175073	-0.0012247854016198382
0.6815740727180307	-8.302170921856834E-4
-0.11077035772887021	-0.0017892674380063532
-0.30478166206597596	0.002489653279897695
-0.021995634907097224	0.002821349668062846
-0.41292599029516	0.0015764776263319125
-0.18894142337016598	6.608610802159114E-4
0.603280856514768	0.004278303216499587
-0.4830377939507208	0.00748755804861059
-0.3495397183777387	0.0018678612693235467
-4.687104901891501E-4	5.614663001167975E-4
-0.05594452627306539	0.001892492334877716
0.17301262207647072	-0.005908881633806368
-0.35634291037732235	-0.0033183486064879172
-0.0022880810963081524	-0.01987834991295289
-0.30425831564205413	-0.03232394971030647
-0.08929622545293739	-0.0013372875252375962
0.7926951668331061	0.006207151060444441
0.5649721907486841	0.001821152154798252
-0.7464154262250725	-0.0013392532661954488
0.5318121835545323	1.3421697760351072E-4
-0.22677675999304714	-0.005832005807430775
-0.7437839047960227	0.012196274654912988
-0.5334361842146066	-0.0011394807560434594
-0.13889693923443794	-0.004223638866505628
0.33875906943714224	0.0017777449965013536
0.5732995478540889	1.3524812538584334E-4
-0.1503910101780205	-0.0045461264981296766
-0.6388071363794576	0.0015936462226084584
-0.29297720482144624	-0.003859020719471643
0.005280900107922059	-0.022665975103701625
-0.6706422601171721	0.004074920050679449
-0.08727600076572435	0.08754293335663958
0.7094116685542157	-0.0015817356771557981
0.5729608803508311	0.0018927966518641854
-0.015776390354417028	-5.26576096593844E-4
-0.40444440811959337	-0.0014179385667333676
-0.013322989282795938	-0.03873040812451881
-1.1123220396503373	0.0049192197218617065
-0.6073489900412037	0.00461158566037986
-0.484684475043793	0.008280843293835063
-0.281603060720673	8.669897788872556E-4
0.47376285088231257	8.387346452669072E-4
0.04965783551437661	0.0029428474353296557
0.04354354231088227	-0.02427156741183003
-0.6000424759776651	-0.0014238567922433831
0.2900852299470249	0.002289631278234618
-0.713624889847945	-0.0011722775968883118
-0.420329188470666	-0.003363744044533701
-0.14821750875835962	-0.07198396310732044
-0.7927078422489903	0.0015851879124738604
0.05242034755024547	-4.115826296526008E-4
0.24797275146742284	4.0386912348479184E-4
-0.09193236461212595	-0.003055173171496249
-0.37008012788005334	-0.002593986738084907
0.05045613908321673	-0.008145905299632734
-0.9338310973847319	0.0023740772702796325
0.20497452746487815	1.703670038591643E-4
0.48386237420289474	-0.018651673193919083
0.14953891794295	0.004360047338978132
0.9922999850825305	-1.1774309043296486E-4
0.3550313888564953	6.908100824158631E-4
0.18535564912272304	0.001971941561936675
-0.22541488917998742	7.232799361334203E-4
0.7303787596970007	0.002451870185383112
-0.7129741369123963	0.005055596896681746
0.0046283896646181115	0.0020203171862666486
0.4923158375497339	-0.0013595282861494685
0.44991726646748936	-3.6918845264108227E-5
0.11258382569172566	4.2241453029830106E-4
-0.908976033934058	0.0029933229892177807
0.47688637181336885	-0.006776208935075309
-0.6320500647520967	-0.003746918850044301
-0.2462624720355778	5.365087261961982E-4
-0.4032494932054173	1.966151888680507E-4
-0.247612073130909	-0.00413552612202144
-0.32514047506237587	-0.006060840656324551
-1.0542948730233548	0.002637796980598556
-0.0028053521102453633	-0.008004025563929828
-0.4996208973319174	-0.0020645468742435586
0.19689350122142166	-0.17501076327791773
-0.06482279727427828	3.3854351108116124E-4
0.8083061434810674	-0.0035179576330655396
0.4483618448149736	0.0030986969878475747
0.9248182711119699	-5.143753836379304E-4
0.26703835728517583	-0.0021548390949474583
0.3970907813655822	0.035598950050074546
0.20103528779586394	0.0018434690591314243
-0.09514501071643067	0.08854972053105244
0.33360270133334907	-0.029861409090576652
0.271634472157571	0.016357014608382126
-0.06605280812064385	-7.373448598134279E-4
-0.20137338583428252	0.00124411815094151
-0.6327416302365678	0.007782381728727111
0.01336223768078849	0.006708896845114997
-0.42160630441757047	0.003456655325748924
-0.04029028979589487	-0.0011270655103553045
0.32843510638740353	-0.005284870283938881
0.7833407599138931	9.733419992308881E-4
0.11678415072735947	-0.00486464604392252
0.3757589835226132	-0.006112201846923564
0.01457588033082492	-0.020848250347130205
0.42201192493975453	0.03108881628595153
0.9628002851540133	6.544692533668662E-5
-0.7202258885624809	5.153502425623783E-4
-0.45322200054960954	0.004130899050256221
0.8817943025960138	-0.0026052407827770736
0.5081283862280412	4.261790771553956E-4
-0.07840524048840565	-0.0869369639696445
0.4714079891370598	-0.2568024888407714
0.46895439388480636	-0.0037259316713526953
-0.5578942994100703	-0.01178860069221686
1.158362953032465	0.021929615002405627
0.16205312411245512	-5.479760342705154E-4
-0.48140851712754423	-0.006741562137952399
-0.6942255251334838	-7.272425728388653E-5
-0.18193750358427052	0.0012861285221946192
0.2697822948644239	0.003784519843610298
0.4349145695807305	0.012240791510078347
0.21441451714342713	-0.00413717771629263
0.26987858440156787	0.004395118962265247
0.5412530398542478	-0.001670358151664776
0.6152394656453862	-7.058925214777077E-4
0.05098598648995259	-0.0027572795734409727
-0.3709207940856456	0.0021372728069553237
-0.08130945537737345	-0.005317028174371039
-0.25541065364338256	0.0030926102287734407
0.7264235642358253	-0.0015792190240810726
0.04151319388986379	-0.0036242700855979373
-1.082589979500904	-0.0017131079949909674
-1.0077192746407104	-0.00368732295364102
-0.35943970928399016	-0.013525932444816948
-0.15585127457424394	-2.680240286449939E-4
-1.031298823003002	0.0012862671258058154
-0.42055220790089426	-0.005072540385069443
0.4320759643929007	0.0015673638255359486
0.047852141181172224	-0.0025951933043918463
0.5560770276918009	-0.017274363267077014
-1.0973823311718194	2.3141481077794187E-4
-1.2540030693273545	0.0014731528630943338
-0.2995596104379451	0.0025361200299175582
-0.2541098701939091	0.0019587607100552207
0.012896393483647508	-8.121707857129077E-4
-0.788219503295932	-0.001343849767638387
-0.15141495930705764	1.8877135273879183E-4
-0.9396319317901838	-3.4965570000331246E-4
0.754682544933404	0.01121690880501127
0.8235638017474022	-0.0045366813209674174
0.24241884983033765	-0.010413576088611255
0.11090561850602633	-1.6342054848724822E-4
-0.1617521441854658	-0.004947702409158658
0.16420802703477605	5.080485194270143E-4
-0.3734784822397629	-8.813814233537173E-4
-0.3498746424227114	-0.006465247861682131
-0.5734687424790169	0.002884817683630657
-1.7518331148158395	3.551558969820026E-4
-0.1914572779519401	-0.0012968125478391743
0.7233852603942215	0.009696570325805651
-0.32730011906859724	-0.013538995049827774
-0.8292835174401952	9.85234037875092E-4
0.08334354630691969	0.004965148354514445
0.3160890964980905	0.003708710458710672
-0.0510653777712519	6.802866683372944E-4
0.09930108220391837	0.010253878673710585
0.08436433339952992	-0.003848987060006003
0.5544876131536087	0.002221684507101212
0.06284795161875795	-0.001471450869525147
-0.19913886143374826	0.002228369965029125
0.4796564974753694	-0.032798498936234294
-0.21986933074414286	0.0016489053295336642
0.2532793548216209	-0.005504366299231703
-0.06909633756801724	-0.001226422530782896
0.1974575172744687	-6.521084198476705E-4
-0.3036292169670919	-0.0022984342779684996
0.8675906066342354	-0.0014924046095937918
-0.1718988868916056	0.035438810943639834
-0.2907512424898212	-0.012583158541104828
0.452925784601521	5.626163035177019E-4
-0.5048685357848364	-0.005328732524521872
0.63385305582108	0.07131943478800083
-0.5677980334719743	-0.002167832274994118
0.15568076592823762	-2.8390742824922152E-5
0.5398999400866222	0.002629979743183634
-0.052793621690507275	0.0011683404643566702
-0.18848128609488216	-0.021556119447055787
7.422483553196698E-4	0.002790929678986358
-0.26140402875133173	0.003921666193794228
-0.293862633351019	-0.010478632770135232
0.028275523730998692	-0.0016295918936741925
-0.09174393477337098	-0.0015522685327918361
-0.7570605547248068	0.0035537636591914533
-0.15410197154062555	0.0019553243965947115
0.6151371745459402	2.5750280960362844E-4
0.03489457263853789	6.615224565011338E-4
0.26343617394254243	1.8542108785367056E-4
0.5705270550704953	-0.0015262171134912193
0.7025852747841493	-0.002567500632646928
-0.4647499162765648	0.002109407262323369
0.03779226999162003	-0.0097992646443828
-0.09434067170349157	-0.0010224565720375921
0.23693723730795443	-0.0017108205645798337
-0.0019275953260076014	0.019681774943174118
-0.2596169435322972	0.0010225449850856218
0.5455373171054926	2.7057957483539013E-4
-0.5503854633088774	0.0016642940299292956
0.24292967208918134	0.002696510583194972
0.10327079123000239	-0.002105321738932884
-0.24396669254249442	0.03534416927221141
0.41730581024004154	5.577137955507799E-4
-0.20982719914635198	0.0015563652847900462
-0.2500226827423298	-0.00262234002988837
-0.47165598364449446	-0.002361639673223538
0.102140747525151	-0.0051915170331230005
-0.3878350519933751	1.758890901494596E-4
0.015684166050069222	-0.004255796593360138
-0.043342947217110184	0.001613698810994687
-0.19620589779321052	-7.224129559740527E-4
-0.4210615211555919	0.004594762080939573
0.1481962267255789	0.003330719956980858
0.1516113339632099	-4.997320680903227E-4
0.3637149817195482	1.7910133778343653E-4
0.44050797330397834	-1.3675723503077242E-4
0.5023819986223581	-0.005830068633831166
-0.5407381491756861	9.588189125942649E-4
0.5261969043410862	-0.0031672737376812372
-0.575987705105144	-0.002295971893828928
-0.38959712197975976	-6.459009078514704E-4
0.10069510837361947	-0.004571917341706804
-0.1416071638590528	-8.106775378754538E-4
-0.5058316994975106	-0.001621231474373057
0.024649478484722227	0.01470380761670716
0.18340702588463317	-0.0016503928778636137
-0.36535797778132084	0.008520449194080848
-1.0302364962175699	-0.00270068436652355
0.628184670105774	0.003432034947241637
0.3251439994415406	-0.003682413689493829
-0.39677742661249477	-0.0025746687544145196
-1.572236165157118	0.001974264361625075
-0.3098125465621478	-0.0020746922733040985
-0.4300020418177028	-0.003123008247591413
-0.849552800851982	6.052043249169636E-4
0.025872336710590024	0.0037962347363565017
0.17412471803474408	0.0022833519052322176
0.5504737372325621	-0.0019128435671592328
0.3002973738505362	-0.004202836468256327
0.4520647648095973	-8.109048296712364E-4
-0.27758681795185747	-0.002472138550454605
0.43632456959423277	-2.2873635751108795E-4
-0.10684205570947768	-0.004176164016884285
0.5457806055967023	-0.00427288763127313
-0.14629697285047852	0.001815106643552025
-0.7197654214957891	-0.0035738779027958668
0.4382453375509162	6.006711952767131E-4
0.26596915572324425	-3.582977279282809E-4
0.4101827964046793	0.02436813647728689
-0.1251288048626145	0.002390999843271763
0.38968300898056835	0.0014168552262249382
0.26681163995980406	-0.0011311370472922003
-0.45500210712236516	0.004704219534222381
-0.213325421627198	3.726255615698398E-4
0.6450461630619708	-3.1141900780702836E-4
-0.08742642695597432	0.004579800049639744
-0.4517917271336797	-9.629280862298241E-4
-0.42665451633731966	-0.008120865630757491
0.17083295358429934	-0.006576162697839398
0.47110522331103494	-0.002143404529383739
-0.4033926717564619	-2.3448348845602434E-4
0.07926024064670864	-0.005103504521414947
-0.1898866642158512	-0.003520121237014868
0.04755725753968483	0.0020585207349861872
0.769401109093553	0.005045799293826062
0.16775524578325995	0.002827716616102809
0.5323888050242949	2.7622114046367823E-4
-0.260540623604774	0.023962860906853595
-0.5168377585538415	0.0017019081940532648
-0.2184852840573801	-0.09022129607327461
0.14033535475448392	3.315405826062946E-4
0.028948114749000154	-2.583354120795263E-4
-0.1344187234828899	-0.0012404707644020436
-0.24775089592769867	-0.004011629392964019
-0.05838313169534117	-0.010623241870136522
0.39448676221824824	0.0038645350815287227
-0.3485052159401224	-0.0024947397530578237
-0.2624079473725903	-0.0016021295982658213
-1.342698795964464	-0.011556695229497167
0.211508211148545	3.5189600642631335E-4
1.311461725237017	-0.0028451594839413855
-0.058501703678005716	-9.792893810919709E-4
0.23968568418557368	-0.01056426783658604
-0.3004510760897708	0.002705579115413575
0.06839159856030012	2.3986360353739973E-4
-0.11170981908686956	-0.0033879526824065267
-0.29377717833085276	-0.003915570082352611
-0.003582990065780885	2.2586660391022472E-4
0.4240397661225973	-3.63336547714299E-5
-0.2684055454728567	0.007436085564280163
0.0669544288157402	-0.0011993299467693097
0.15772721799383357	-0.0012825003438950607
1.4084615402250324	0.06645521173925086
0.23876903257168636	-0.0019633525433714405
-0.06513664492190613	0.0088640071833619
-0.275900445902124	-9.593693508606231E-4
0.157033402957225	-6.331825905807538E-4
-0.9689605950646153	6.168683444603196E-4
-0.6090945300424611	-0.0033871408241724155
0.4338865697875141	0.001676128633074826
0.23496028071954692	0.012537730751898145
-0.5758486149803228	0.004469544226080283
-0.43634056275099264	0.0014888653483935586
0.14636658040304196	0.017097691757413463
-0.06759125409339133	-4.998248787643071E-4
-0.38988277360774115	-0.009644119332391624
-0.39804541428975965	-0.002174250013005776
-0.1678760147854167	0.003870683156806989
0.24580925196824777	-0.0019140470204476426
-0.6153130856462068	-6.370550673684634E-4
-0.09780027143772167	-0.003897563649680936
0.5077268100454991	0.01899869573511747
-0.23585173314891136	0.0016041406218376007
0.15539761195047608	0.002497521458561859
0.9439011492676739	-0.004741824787184141
-0.27632565700248957	-0.0026806883071089616
0.3947250168068899	0.0026928695539148373
0.038447881366430056	0.0020008528288733276
0.6739069635232279	-0.01144048388374988
-0.2739613935244227	0.0019779017313988193
0.6043362062133691	-0.007244146444573322
0.6205945805706093	-1.6897257981527203E-4
-0.33795116813637927	4.735498782537419E-4
-0.2610639698123976	0.0010409406357752666
0.14509278958695263	0.001358483735968202
-0.2445271496217884	9.324297622048294E-4
0.2564686135235326	0.007731047661771806
-0.03240584581144624	0.0039990803380825345
-0.3483356557169365	-0.004102310059940878
0.07686153208583794	-0.0021738765253645565
-0.17678471352922803	-4.1956663805295615E-6
0.06593134149344766	0.005486860530477266
0.918178924350532	-0.0021225892536915
-0.1952832213480391	-0.011966807108869961
-0.38194481427470434	-0.41641157971613035
0.2796950571352618	0.0014386955793029676
-0.03686650974392929	5.915273686376965E-4
-0.26038989373432253	-3.588322368403553E-4
-0.19279396653131758	-0.0011524193242095982
-0.042003962283629855	0.0019698478273526315
-0.4066318749409941	-0.002583307574038553
0.43384863954058833	-0.004872504607672357
0.20065804944364105	5.630649535799038E-4
-0.3780723527426677	-0.006036030974144716
0.7000147713352063	0.0014426951238564766
-0.3438669588968848	-0.008003655134578038
-0.6923808742865192	0.0033734075841870444
-0.1782399021950466	6.357924104356397E-5
0.10067883926937245	0.004213703920456105
-0.13478644687847044	-0.007746681118883046
-0.7472955886861589	-0.002194633642703929
-0.0939452220353655	0.0010210553156679866
-0.4392884475457322	-0.007227685565518439
-0.3557803588664779	4.3411200625560856E-4
-0.3173130036614552	-0.0013685636108952818
-0.17738879639282337	-1.3766410593846703E-4
0.16386521828923228	0.004888085653370554
-0.6483506852271834	-2.1471813915593745E-4
0.0369142296063812	0.003080341530870707
0.06847034388792719	0.04977758659748563
-0.2405704263584343	0.0020155247016527024
-0.1562094227557228	0.05115859635266996
0.10198466280522739	-0.004801368683242101
0.7621739568444059	0.004251207962781652
0.2748957231281815	-0.0039441547674049695
0.04876975117611446	-0.013747602013784107
0.20030263734131704	4.1663663569157654E-4
-0.35972148354634914	8.719406711680182E-4
-0.21477418816446112	-8.416900832871546E-4
0.046322443500905607	1.1940822520900493E-4
-0.6179009776105744	0.0031467589770869152
-0.18590294364983478	0.015628936119573503
-0.5537720047767024	-0.00145138368402255
-0.12323500001279265	0.0019752059573288423
0.23104071502716825	0.0035627246534550025
1.320730326563749	9.79277731716609E-4
-0.6768560607302937	0.0036124083675824295
0.2509832997456938	-0.006412908731776438
0.1984320922728879	-8.585778043883739E-4
0.06350924169147211	0.012003059352279915
0.5323759693589241	-0.0025884630207108415
-0.15909864161387613	-3.48892974542294E-4
0.5186828216528122	-0.0022368028754974883
0.23877033574030676	-0.0035490953338074183
-0.36055615160666843	-0.0055606980656681205
0.3396175231982316	5.537623073820886E-4
0.06671395624726131	-0.0014744448574691069
0.5796445874759584	0.0715990128425307
0.11655106579478834	-0.0019311103324471115
0.3542979479540889	-0.0027928069527597492
-0.5630638080479371	-0.002932287991082966
0.7377610860831912	-0.0051020393774647045
0.6187297074172581	-0.014270223348298096
0.15656235340778335	0.0013300359308898435
-0.19223266401614103	0.003144863636472802
0.3748594360588094	9.414187991638843E-4
-0.6722709201299598	0.013826681688176176
0.32458195639725035	2.1720506612989905E-4
-0.23073118026621683	-0.0032168565400852436
-0.25551610797440766	-0.0014452435819134425
0.6049764254944532	0.0040684817253878475
-0.5661222419258054	-5.779472527667507E-4
0.24071146661557127	-3.1615927836235654E-4
0.08558425136117298	8.581055899143585E-4
-0.09951588401845504	-0.004301814577700362
0.1906128959053501	-8.35389630948526E-4
0.00623140792378653	0.0014313384563897373
0.09814031921778128	-4.456049191167307E-4
-0.15471149930661574	-0.004107458227673517
0.0653245761910769	-0.0020929158758938513
0.06423056519074456	0.002745879643611059
0.4083281553789064	0.0033699473951525638
0.3198164736246545	0.018132959666062414
0.42901877494873447	0.001956500493078919
-0.5185247383879709	-0.0014675955609313744
-0.6073738059278083	-3.678863514077345E-5
-0.5960574948607041	7.534652495126015E-4
-0.08770637377946268	8.4391491681383E-4
-0.4423767478249885	-0.0033368618525299464
0.47198795834674406	0.0011521134231821367
0.5528383305238436	-0.004683197525793765
-0.5350701042041229	2.563259953949923E-4
-0.20439685438803268	4.6767725183815173E-4
-0.8460666439161488	0.05083111963895154
-0.2723372198060194	-1.1695445510706798E-4
0.5008000146132386	0.002521197690651876
0.39637895884044516	-0.014007723801313371
0.7076101621179368	-0.0050570889440289726
-0.3122892017702175	0.0010961729026680214
-1.1559005203953565	-0.018663283938935016
0.17885731605691846	-0.0012858439469548735
-0.1973466048095472	0.0015145863831428708
0.912852738731221	-0.003113495639624033
-0.07430793889771063	0.002027694806114077
0.19299081857841702	0.001280698206671294
0.7055343560840216	2.3966597250125774E-4
-0.8756522798148767	-0.008469697947984262
0.2299320132661023	5.238946727850019E-4
-0.9248020988863264	0.004099237039889315
-0.03202460838931654	-0.0024303996073326943
0.5204362842989495	-0.0034342264968954114
0.8042783373299774	-0.009231894861767481
0.001065113135314561	-0.009582608133975677
-0.18641986265791893	0.11096076882669036
0.5050833716464974	0.0067637524128749665
-0.63646078159405	-0.004341348849031461
0.75991529510868	0.002796586135006821
-0.575258432123851	-6.780738882211652E-4
0.4139230128734936	0.0026477596952320572
0.5787796070408893	-0.00575919335326906
-0.2004989755268371	1.469333570739719E-4
0.09689942641830936	0.001043843435580897
-0.042306537543643316	0.002931052016692086
-0.691779775694402	-0.002387434154667708
0.18092671662861812	4.766800375398815E-4
-0.0616928347179245	0.04581487738681268
-0.7281118592537787	-0.011439622850421658
-0.3132930523168528	0.0019108801511090582
0.4494985020700679	0.002530662289945067
-0.4093614187633414	-0.03457617525281949
0.7007915844144823	-0.00226653204415187
-0.6684724026314123	0.0011599179345693252
0.038054629999739964	0.013960991010421135
0.21038062730057108	-5.813794549385044E-4
0.3086744933661602	-0.0037238485398185975
-0.193342264283443	4.2067293348797656E-4
-0.4393361572229155	0.0011153186202428498
0.09826778712835113	0.0015963104740828943
0.161542299288161	-6.135522418535045E-4
-0.15541446542516052	-0.1589697385736839
-0.6247216679086124	-0.008228026506875435
0.41027090019995993	0.002001819063130925
0.30498008270910865	-1.9242068847413347E-4
-0.2261651311410442	0.0016131630527162677
-0.936428564400598	0.0028915703019198576
0.4331109903674744	0.00994572500459505
0.8386750400553397	-3.5765605761859157E-4
0.6286404318772938	-0.0036715345980978063
-0.8322861554278215	2.5733898445127085E-4
0.8689134755247617	0.04563807393875676
0.5399361310364941	0.013353548366089674
0.10740986869548214	0.0067601306324949935
0.19028681957703766	-7.145827237133434E-4
-0.41935322881896503	0.0016084569392109673
0.01996491247256714	-3.5176949490444375E-4
0.5152387494522949	0.002261674611152176
-0.130669634170296	0.0021182715795263754
0.7499340270483511	-0.0020380824548590437
0.4038093357169297	-8.333272694744255E-4
0.4165392869279203	0.01697243924273656
0.36617289849136375	-0.002591300713492053
-0.3740964743436432	-0.003610029878593649
0.1350249132866529	0.21294740141506963
0.5723400759263159	3.1290189352984536E-4
-0.04116634082033582	0.002621484559846835
0.13625756876954287	-9.274033819627843E-5
0.014841851173855515	-2.3686791987681424E-4
0.3366810496793563	0.008443744999629308
0.26984098098782777	1.1928743028561063E-4
-0.14422155172913037	-0.0033431167490922927
-0.20578206555258416	-0.012852436648362742
-0.03946259000907535	0.0011234488874836347
0.15015380183927388	0.0013580966303217924
-0.13583837222892384	-0.011714844695216288
0.6562302781579972	-5.228203400694335E-4
-0.2658485286987805	2.7769893657551457E-4
0.042812546965471945	9.563988124613979E-4
-0.11311569314346807	-0.004321476050232417
0.13104337741863384	-9.87054719325112E-4
0.1273904416230636	-9.634902416055263E-4
-0.32224085211490705	-0.0012611367553337883
0.6019377826083305	-0.003115184065156144
-0.17342105289063442	-0.004428103098932317
-0.8468653990211683	-0.0038205896851169962
0.03557628380263484	3.377862197488573E-4
0.048684947741747336	8.710172688191516E-4
0.05822178836432288	1.1023925768341409E-4
0.12003826604677727	7.291514847777511E-4
-0.840948617139482	0.0014474113622932605
-0.10107355534682749	0.0072425485442054885
-0.6438336695406509	0.016330875302388064
-0.11454859243359485	-3.1681398703891066E-4
-0.48556958876988315	0.0014143585674210894
-0.10969708454318182	-0.006115803247675645
-0.33095484038400896	-0.0010668364979424202
0.0793718082825321	0.010197222800751776
-0.7568085282804299	-0.0037411673224858367
0.09551871791956913	0.0065630265997169614
-0.06606394125676497	-0.0024609623738077627
-0.2151040334579314	-0.003144396317342711
-0.3087426801792012	0.003776700237218656
0.7117496378347348	0.003573034373388135
-1.0501266244635796	-0.0014752659941084758
0.6714417041054379	-0.007222933208253238
0.03769147518403125	-0.0020538436640136102
0.32569207816684714	0.004697644493083665
-0.3950693729651633	0.004120037508999191
-0.2949737145928775	4.2318257100117866E-4
-0.5291643500105804	-0.0019420816653868134
0.3741266578253288	1.85224008836372E-4
-0.1448941101955924	-0.0021275345486278952
0.3423843033922227	0.0023701845627179734
0.454343009906555	-0.006627192114520096
0.06974008132785406	-0.001146426768703371
-0.17377779001197088	0.0013221471474911721
-0.027012182954739113	-0.010003561332251795
-0.5954136655687148	0.002229202938462329
-0.9959459923675009	-0.006473500765811494
-0.2868322560168233	-2.4184353282652753E-5
-0.715522970604872	0.0014452102744675142
-0.8524283483398232	-3.598741150684875E-4
0.2859128640207673	-0.0028550931711727227
0.1423325175659474	0.008787042815538182
-0.04271260844575837	-3.8887687047236516E-4
-0.35890789209138757	0.0029513870035858445
1.4958121495464924	0.0018013278465504557
-0.26886634275966376	-0.006092425040388321
-0.16996015932873457	0.003045580969223619
0.2794678243534685	0.007316950884819564
-0.45762589709323764	-0.004617288998303034
0.7358634442640364	0.008666565232659875
0.034946865649192624	5.57796531987237E-4
0.8010098175409589	0.0012678410667048988
-0.24221761403368033	-0.012093546619684621
-0.9764529159941217	9.037495154180999E-4
0.5119823978440132	0.03394037434847441
0.08230162856212905	-0.0029405146880183736
0.9157927177764431	5.610030927911049E-4
0.13340329843287668	0.003258060174950736
-0.7959265442060464	0.001506670960955389
-0.9736345826281675	-0.0029234304906630357
0.004333844277050834	0.047120587280660486
0.043277830064960186	6.832101823463839E-4
0.2704269204590447	-3.458832904838698E-4
0.44338867195414805	-0.00384023942205312
0.822927727626868	-0.004671015666144902
-0.46949254939626806	0.01175022164937482
-1.3174373025483894	0.0019306228502270631
-0.37131436715641736	-0.0029629995530708313
0.8575706145813419	-0.0015623077333683946
0.2928458920620274	0.004227016143995255
-0.030715182852087016	-0.0028500706433452487
0.2205178590598715	-0.005982206329156411
0.007492857115787325	-0.0025222698925848742
0.12522152550287954	0.0028154306779312795
0.3064879177208602	0.005588394587714246
-0.4000466924134626	-0.0028145675179775597
-0.47705973927657225	-9.09977984796998E-5
0.934418021793134	-4.8009665015137594E-4
-0.40984095560685707	0.0012792396160775852
0.009651375649913278	0.008874460694439255
-0.10439326597170569	7.110923092557975E-4
-0.13963260756407528	0.011237835516664206
1.1203674260214251	0.01806379970363469
0.08597391376800109	-0.0035468773270431113
-0.47015484963094617	0.005238151364774749
-0.15753948222226363	-5.290108392088855E-4
0.09872732237805192	0.0019219260075862472
0.2385892587708113	-0.0021401763834929515
0.44597368988635067	-0.002385311619290574
-0.49868472836028604	0.002550321075165075
0.5687793964010074	-0.002666410601834463
0.272243397797538	0.002132269005092091
-0.8982647028957843	-0.004815381071689247
0.17465917098062086	-3.2431235156220024E-4
0.5791816348158332	0.006956549553088013
-0.866657757303735	-0.00594755433168265
0.3545444689750677	0.0014506181806891527
0.9599903739470391	0.003980551978201124
0.6459801738618309	-7.003385189111293E-4
1.2699258049042532	0.0013282159918427455
0.2557278338127857	-0.0014633055210212542
-0.2274203362314887	0.0019884536497013065
0.0899961582748845	0.0055972374610803585
-0.3314248250164311	6.565435585858487E-4
1.0016526822235294	-1.0231982086830853E-4
0.027893983044061477	-0.0013307715579922604
0.10511727427672943	0.018317707599763203
0.22323405383147066	-0.0027909824877246025
0.39726119229913237	-8.856143781200141E-4
-0.3092281527185377	-0.0037018020088277477
0.5409682191646749	-0.018317561235869785
-0.1065911703426624	-0.0033560902395050832
-0.07775021072878777	2.0150814401628472E-4
0.02521457788456667	0.007434392528123798
-0.07838946160932932	-0.0011128750884273396
-1.2316621526581446	-0.0015099404953835824
-0.2397859585318989	0.0012168716978910254
-0.23190077116384888	0.009816923873419323
0.3199556340602056	0.004492666149332429
-0.025995912427515137	0.0019430043633858415
-0.2813385360121135	-0.0054218006228046
0.5014887499603862	-0.0025752876391657293
-0.5956543163781629	0.002323445288215725
-0.0944856753991266	3.58326596671684E-4
0.4269806277079558	-0.0011290515720588958
0.2553478969871788	0.00745058608557687
0.05004059004201188	0.0029283868191694066
-1.3572022094276377	1.0724154914024558E-4
-0.39821916194602	-0.011896263157340138
-0.23213635584885167	-0.0033926287991187945
-0.05185739163664119	0.004348092551001007
0.6670971809527657	0.019732740703733678
-1.5079699229730128	0.0043280538313632735
-0.4689123994552694	0.0033104193666775614
0.4796078199962777	-0.003717732526822272
0.7355438321083366	-3.393300847128409E-4
-0.5636941266978598	-0.0038346844660774623
-0.09173052065577171	-4.033410226104999E-4
0.6661456355404706	0.005473022366291798
-0.23724007816982814	-0.0036364975935764946
-0.7128115155832595	0.001629258679716262
-0.026049293161360176	-0.001312971623543782
0.12024368278960001	0.0027311584086929263
0.27352149308871465	0.004407115072284888
0.24418707200881204	-0.002701991156143548
-0.08853565799187169	0.004134659285468366
0.7866240852055916	8.828761464138348E-4
-1.1677142490208996	-7.956714301530267E-4
-0.2747688560472954	-0.0030835639162113907
-0.18541476974646115	-0.001683933519006564
1.0491334729340265	-0.01926575084079696
0.2748887308117137	6.656558653331612E-4
-0.41176841882746823	0.00587143644067042
1.2767366439587602	-0.00246001234779278
0.608630480149201	0.02052800018765858
-0.26376245818197674	-2.5110798199455753E-4
0.7076258577354023	0.0014819484768443666
0.25021630397403344	4.043608660784383E-4
0.13575137496903109	-9.180271453179069E-4
0.02625239748519071	-0.0021187805850080626
0.6714108369566177	0.001628420004677027
-0.20952981859007644	1.0821668418630727E-4
0.7142797714352128	0.0026630375343189867
-0.2210931966196716	6.805585806149604E-4
0.9213764930912378	-0.0031874980243162612
0.6947301985863134	0.0038172198620317218
0.31953297767485256	-0.0011728803922239632
-0.46690448637466825	0.0014995317012718038
-0.833237650206133	8.8000272984424E-4
-0.7825588853154042	0.004879044677863512
-0.43849202511510027	0.0016650701686192395
-0.627551406980402	0.005688632357198334
-0.6404127840409616	-0.2490945196936507
-0.221614512003926	-0.0014313580835538272
-0.018379581998015787	-0.0028103473022773385
-0.2266720283263007	0.003563817209237392
0.35760691784460236	8.642026791158186E-4
0.760452922852988	-0.001797935601110049
0.19989723805157522	0.0060379045669804645
1.1569407875768045	-0.0025262489031561133
-0.5282259953502699	0.0012478963085522548
0.21147662987671204	0.0019263294176139042
0.28769607996112456	5.819698150490136E-4
0.3097378129925304	0.009869772391188567
-0.4539324540150732	0.0015127478618504283
-0.6589326704670007	-0.0010919843488347105
-1.2719422977826613	0.018928082218904442
0.005225494653850228	-0.0038653099985833986
-0.12343972287572495	0.003727490881030861
0.454808353752579	6.602663645755101E-4
0.268157203331164	0.006651467969486528
0.10979227451955331	-0.005529469190673334
-0.07805853738872126	-7.100347837057456E-4
-1.405855909266049	-0.0012287587308063357
-0.08068585147500808	-0.0025818804858277213
-0.28741704539505847	0.13497461574918007
-0.9351555835118991	-1.0914807209903607E-4
0.6744476724218307	-0.0019298947542029062
-0.6250044482886234	-0.0011782438988291685
0.8098465008263764	1.8873555899198263E-4
1.2689206118291103	-0.0015132057528317127
-0.004084568189294701	1.678801913454799E-4
-0.46000357175414075	1.2601334908312361E-4
0.17902307626318228	-0.0026456916114976246
0.7660286692676511	0.001062498849431512
1.0013097156841666	0.002449276379277049
-0.19260460533464668	0.0018073909559882437
0.18373869722404085	-0.0034564501921519443
-0.2568330413779872	0.002254678048432439
0.2954662994522853	0.0017393109749605814
-0.14563100377060964	2.89151269194189E-4
0.272285539244712	-0.01218072306212317
-0.08152569461255975	7.36810509852677E-4
-0.7667672571793441	0.002750131120683719
-0.12845353120293568	0.0013559864603758258
0.860575041100123	0.0026507900353495355
-0.8049010441367853	-0.023217624616373937
-0.14735616009405236	0.009503634201646165
0.09651820015765465	0.003272877944363349
0.03114775495877116	0.005378672449234167
0.3070352081487369	0.005210308691189784
0.44013125465460085	-0.0025889404895929487
-0.15717176628592194	0.0022200044172622506
0.2837560903451533	0.004513780256990617
-0.0803338771874842	-0.006904513377162507
0.8076987366145191	0.012234108547133657
-0.3253862829813199	0.011913022846233128
0.5769692643902538	0.003608134995611342
0.2853481902904849	0.012823789040214991
-0.009679254470965504	7.112855570238422E-4
-0.7513242405482509	-0.007675395393010801
-0.20266776917829382	0.0048023204030784375
0.2906791919387717	0.00541544682348002
0.46385414941461117	-0.00435542174326546
-0.08514653435652966	0.047647610743972904
-0.5064172154795418	0.0027038356050961905
0.5527378454951138	0.018588980086811122
-0.30113800932033463	0.001349213769180278
-0.14137552033697684	0.002177694997906706
-0.030653524907918867	0.006420912635594308
-0.3401416377460002	-0.002484037479429584
-0.8576569189132057	-2.9407443848877433E-4
0.12819194058360475	-9.949762655952347E-4
-0.16116639099587535	0.0018073588953056957
0.012515064276374305	0.0020781262258050986
0.41932903264085425	-5.348891613332455E-4
0.46921788196965525	0.0016636339681707648
-0.03237887667637181	0.024469919954577753
-0.692446698272954	-0.0029864608801824545
-0.06610202937631796	0.008006344422677406
-0.44235731781012294	0.0033628273222769704
0.01192727770194327	0.003659372790296423
-0.4579274615740722	-0.010225515022855725
0.5644807280849292	-0.057757545246018366
-0.2584184391704526	-0.012081790071896489
0.5060232221366179	8.956201767697702E-4
0.5148680441338176	-2.7816559093396582E-5
-0.09071120017849717	-0.0019348112021449313
0.34140132013953595	0.0069351084238123755
0.7579871420218204	0.007724983082370821
0.5956324585537498	0.0013242054457938924
0.17804252244269106	0.028059148013994607
-0.06288602472340402	-5.197825518467719E-4
-0.43534962350990325	0.003397211403536282
-0.04733408527121852	-0.006320694771120226
-1.1667503235977732	0.00410426971902242
0.7242809175720747	8.160993142576535E-4
-0.23522019840351924	0.001786318045742485
-0.5826115167898108	-0.001852167414919135
-0.13830437671385337	-4.04570357585203E-4
0.3129540379307044	7.689814830997741E-4
-0.26640341612426827	0.0013412902165308572
0.10114652638223262	0.003920056685268222
0.8683161328912296	-7.450925809573838E-4
-0.4052043224303147	-0.0018358904294307004
-0.7740179202856082	-0.0027225746289193387
-0.9301481654752705	-0.0024568867644126943
-0.08120060167382852	-0.0022060607282302445
0.3702132756706731	-0.003803627350373639
-1.213004644291246	-0.010744727504870934
0.9338756053860705	0.003765122485768029
-0.39319109770819777	2.814166797276498E-4
0.06171977130986559	0.005696933128788281
0.1775351602279948	0.0013412526471311692
0.366466584573245	9.580694437632636E-5
0.05281873179840358	0.008314071201333562
-0.30260862465044663	0.0011898688817595794
0.538544751831933	9.539852863011139E-4
0.1864512003686875	-0.0025534216311024426
0.17659233797777585	-0.0024525278825254368
0.145609977380808	9.055973418790775E-4
0.5658356583905992	-1.3343365893291612E-4
0.4523415826461335	-0.01742802771474955
0.11810611880100322	0.004787289398287697
-0.22945240066318867	-0.004410996437355933
0.32144429665798985	0.002726167726407038
0.3863921776030755	-0.0011342531409888146
-0.1584733962407247	-0.0019376195802638563
-0.19902313375085803	0.0013446330009996396
-0.594574773957655	-0.001787188068666045
0.32167445179692344	-0.0042075297866578185
0.03823887523238359	0.003528467422468543
0.48485661705377425	0.0030889209956012492
-0.3989776826831618	-0.001878063436881961
-0.7420145188983472	0.0015643221485081406
-0.991659343623783	-0.006701148203724669
-0.3912517121539454	0.005612285438491361
0.6171068094899623	23.05926843907134
1.181900961595563	-0.0013893398997635443
-0.13601108507988074	0.0031553802538028756
0.9904380658761133	0.0023434404965641076
-0.7288437068551123	-2.388657948881289E-4
0.45616358226813336	-0.0026810571269454994
0.18214405077109014	0.007202371060927007
-0.2824546227407202	-0.004646039120044717
-0.2646780924025927	0.004635475443476223
-0.976201697286358	-0.0013421550064641112
0.19855090315119414	-0.003870386871182572
-0.2296622515857063	-0.005202590307918077
-0.27094341225000884	5.0307716321641344E-6
-0.03961382343682004	0.017437114814773613
1.1989865001757745	-0.0028734788229199124
0.6918400945490926	-0.0015431120891175505
-0.06329013401716956	0.003631197065949588
-0.2480913038892691	0.002196711594736183
0.18773215746037333	-0.0011413218411449294
0.3749444550851749	-0.015159383252837564
-0.36986434709068156	-9.87487850181377E-4
-0.38483183756462513	0.010082651302227793
0.41177603500783366	-0.008931544435451726
0.11062922541266011	0.003935816152506787
-0.093847625385435	-0.0026686832563718142
0.557239602759552	-0.0071637790838785026
0.0131662091721152	-0.007174203435904998
-0.3676785527723702	-0.0013865946958979982
-0.5495774263394365	-0.0034180109973976384
0.2220791072444419	0.0025876651171224266
1.214503030790137	0.026707627237313368
0.2755507192334083	-0.0027058634898133494
0.5527866249336538	6.938882497232008E-4
0.5815499290804241	-6.703920594877195E-4
0.06764879024249965	-9.471947688845325E-4
-0.1629190495238966	6.258984492190323E-4
0.4642396836313974	0.0034935435498241775
0.01012462084771703	-0.0036543913791459207
0.01943920976943888	-0.0032198141272686263
-0.6531316627010656	0.0011746334909454338
-9.685845091271377E-5	-0.0021482049105576127
-0.7893983793099503	-0.0010024697937785203
-0.5317380168681201	-0.0012478091411794305
0.6813098280501458	0.0014338154939325498
-0.5569728029582977	-0.003511236205626517
-0.5515997005286001	2.1062820389915383E-4
0.1301012522447334	-0.005619507986297941
0.06186168595786687	2.398500056105251E-4
-1.2643467258079286	-0.009428948056150053
0.9125147449312894	-0.001987764387375338
-0.03153893332845974	5.1593020315394E-4
0.4591155399500444	-0.003046270599993039
-0.441800102967499	-0.0024028189081518685
0.4586938314988078	0.003357113655381352
-0.15020100761562494	7.058928694003241E-4
0.7740969807377929	4.4650956198607713E-4
0.4970022436637939	0.001931639974808101
0.5689836392447815	-0.0031629990609008006
0.47620796963720086	0.0027836153677840017
-0.12315552536030186	0.002031967712743687
0.20158509489149246	4.899799097332154E-4
-0.20126564280160383	-7.068517098938317E-4
-0.02380253777974952	0.0015557845452067052
1.205752332679871	-0.0019554997399382516
0.5727232986342363	-2.1072761591960917E-4
-0.3982772373350541	0.008324286864992383
0.33456699738548606	0.003064172228509465
-0.9555854218475355	-6.045625320550529E-4
0.3031018384090991	0.003999632607408217
-0.6418304038105541	0.0034943811402097474
0.38481550557220284	-0.013145202164112484
0.14604101429989513	0.0026326130037506554
0.4614108142507824	-0.017484154400764725
-0.5437250325656798	0.0012525726130907088
0.4131879335137152	-0.011700155799569373
-0.35653913609523263	-0.005450898184320617
-0.528418007974032	-0.014853695355772386
0.005545398064972878	-0.003169483200047962
-0.5036285117296789	0.002504253285549957
0.27718356527184895	5.3038862593616946E-5
-0.34915177686547594	0.002785441546091967
-0.3184702095443023	0.014212463620691295
1.464551556224597	-0.0342850546502982
0.4999741142054354	5.479113942841085E-4
0.3256622378644457	-0.0017789553482894839
-0.40550955822849766	6.717081825513823E-5
1.0570594817000862	0.00470173868119834
-0.025487128185435963	4.11851145804365E-4
0.09756309278825798	0.0013462301589298134
0.2665937001836188	0.0018407802771326963
0.20316316332601503	-0.001970965232126734
0.025474040400763925	-0.005465739958651704
-0.1384473347024478	0.005151484989755559
0.5591374152403689	-0.0014842248883762887
-0.6221190981879978	-0.004396344766459987
0.8776671218609301	-0.0019664885218935143
1.088328439687627	-0.0031269778711946784
0.4840877764504257	-0.0018443712524778885
0.199213618758411	0.009151978123193709
0.33989172954925945	-0.007595613072230189
0.2005126710785194	-0.0012869013559898973
0.21439363906160422	0.00396889120213678
-0.07950815365417652	0.0026084481315083443
0.5454583551159257	8.444633238833716E-4
-0.4249315584484181	-0.0056109771736185966
-0.23396215850146118	-0.001401969401935773
0.5215344350477239	9.327291083772091E-4
0.8130452889382923	-0.01668609951333709
0.33138699777865244	-0.0015613951130042548
-0.49371055751881276	-0.0014425984938569415
-0.04842368186167563	0.003705646045123112
0.9009664165978835	-3.8743127441436985E-4
0.11779080455736754	0.0026842991762754944
-0.7983556307961751	0.0033021996251223922
-0.38162972512677623	-0.007702133215657328
0.44047009694690487	-2.554207746888538E-4
0.014658074115941767	0.00158253955887128
0.5237178320260965	-1.7406014002921327E-4
-0.3558571910374519	0.0065555273659053115
0.22255050701034895	0.016679900206228407
0.00885711807613535	0.0015760178901277247
-0.10392842426382262	-0.001652413284139034
-0.4037813987876599	0.002898036893155225
0.630877295717456	-0.0024360969177144513
0.4751635656158876	-0.0013641905794110523
0.49218962652118237	-0.00840580546109062
-0.6033008927985477	0.0019400242907643029
0.3432261797869598	-0.0013516451677789705
-0.3505019507629583	-0.0016148270240802446
0.6822288507774031	0.009763093649373009
-0.5926436847660045	0.025823123005349145
0.49096841080296344	-0.0015665368765879534
1.0121984962667177	-0.008547301638409565
0.34412144108060466	-3.263909952939817E-5
-0.19316958369362514	-0.0038106524420277025
0.684320845996873	-0.0027385563738222883
0.37105776232282184	-0.006257152495576579
0.04889968870640223	0.0017809832852569603
-0.20222738447623187	-0.001015772897522942
-0.8971852921124132	-0.0013566331658879313
0.41714840865222524	0.005239294492355451
-0.07389580597401034	-0.0026176050623677636
0.6723855642607242	0.0012693112939671514
-0.9288781561233685	8.702268345380816E-4
-0.14451427721042562	4.756315850856602E-4
-0.5800024623139663	-0.0025127035821699358
-0.14581819784340255	-0.0029609771688344543
-0.047563353842383714	0.0024448792002653304
0.18916772695611353	-0.0019787177920222326
-0.7172985458003416	-0.004122067557003166
0.16111778147454903	-0.012651935945368
-0.7369603031223249	0.0017508326118371392
-0.030691242017933575	0.003989900102123443
-0.4007398903838013	-0.003038794664625422
-0.3520200579853202	0.0012764332651951727
-0.19455731223649492	-8.773938488728805E-4
-1.0791856460279226	0.03418490737262684
-0.05910573226086737	0.5528243083225512
0.1565938181114532	0.005126197925634572
0.08953074202554875	-0.0014674915867008266
-0.4212227293913955	-0.005432105930921284
-0.2663517539062325	0.00692866738854411
0.4561516548000784	0.0028940887276632486
0.1555328702284711	-0.018209111504790553
-0.48233681230987535	-0.00274843425581584
0.11819608960992174	0.002543821589452462
0.0026264325994579825	5.1328535437169E-4
0.6265057579225158	0.06089928751941467
-1.2071335294946053	0.0011282616156651228
-0.9851995222186148	1.3097062044201642
-0.3209605708771844	-0.018454392087198658
0.5749800379176269	2.2252578974450444E-4
-0.25605036646645263	-0.0020614161064687305
-0.4716085957868765	3.502194736021749E-4
0.046627714328356544	8.324114336143297E-5
0.22641821958859407	-0.0017435896692170715
0.026119447878192557	-0.0010940555194516779
0.08383154261876438	0.0015845753694117928
-0.05572943732885151	0.0016702852925000445
-0.5565421752011688	-0.01245266367165984
-0.6383228527138413	-7.456165790413711E-5
-0.5004407299961257	0.00803340071466951
-0.6536607042815462	-0.003209805061314761
0.16744861216369367	0.0010834098649362626
-0.3793201387083223	0.0011713106762363038
0.433573730070177	-0.0013874861942961099
-0.0576646769424517	-0.006490615122424783
-0.3724908099721421	0.002695026694508312
0.146361246414986	-0.001813726015869129
0.05220493813506232	0.0032305992449450753
-0.15117084195734298	0.016239317025896833
-0.17971336277732886	-0.004340361863604143
0.4554715504589281	0.0040425598085677295
0.596586557923707	0.005290653376866794
0.6170033415169989	4.4566732573041385E-4
-0.6527191063684639	0.013829574706279761
-1.0179248307141198	-8.972174785172006E-5
-0.750305648495278	-3.1154830798496097E-4
-0.2989422426589723	9.783378895272987E-4
0.09290732141024978	0.0011963096702889298
0.07810399572861479	0.0027968111295011027
-0.2225445993320516	-0.0017041890199313164
0.10520744526184132	-0.003192935407110836
0.7254429859706251	8.61830663709331E-4
-0.48475434016193086	-0.0424019608241428
0.5927018975382113	0.0015628305204365264
1.0563945524822804	0.0021170708110472016
0.44016440001271845	0.0020876951711418057
0.7065672980579608	0.0011871085158175695
-0.8400984543462398	0.004735845125394784
0.0412374979632414	-8.386946840851561E-4
-0.13090990004955852	-0.00402196243074494
-0.10287137763873559	0.003830024649526929
-0.6802516554746529	-0.0023742957494972037
0.46330040231967606	0.003942925425074992
-0.3510659450486864	2.4632647810372306E-4
0.5903305462781102	-0.0015798572234362767
-0.1982323176447314	0.003462889745788913
0.16204477504494028	-0.003154821377846958
0.6059116531479021	-2.204788698566341E-4
0.8193140948715786	-0.0037011972345418745
-0.0033480826942702034	0.005311015612730605
-0.7726263723920436	-0.1897652842006219
-0.5044378074551946	-0.0012219408763733599
0.65322211626518	0.004723138524562446
1.3277863870942854	0.006953122428669769
-0.2971394068713464	0.0018700676629048074
0.27571025890275397	-0.0011372434563336616
-0.3408210107804801	5.869082760191022E-4
0.10164109231534021	6.08197841339046E-4
0.01641937723217135	0.0070910136305556044
-0.09611299378001867	-0.019970773503226527
0.7155096587829914	0.0013584558185199833
-0.3832303966431246	-1.5400825081068233E-4
-0.26198144873012524	0.0033287320518940963
-0.6623425135720821	-3.058947695071692E-4
-0.08467780333569605	-0.004207359785873238
0.2329479293483926	-0.005471077468140165
0.6941471135534288	0.006418496640758999
0.036052502766011484	-0.0011907239745580288
0.09645758664471082	-3.695200154871073E-4
-0.368637533652871	-0.017048101135908936
0.17260896733128353	-0.0014736968216180859
-0.21174704170786393	0.007883051938885196
0.2275848774429947	-0.0014073138318446313
0.6452816380090712	6.935696053590716E-4
-0.7676722648357809	-0.008680892422765877
-0.4367715517123087	-0.0014386953580464413
0.09965910564913984	-0.004578722432339497
0.04064794256743031	0.003227093222594587
0.36040177080837305	0.00311641758455264
0.6148991758432208	-0.0020265503905006277
0.07923705247850382	-7.479395417398754E-4
-0.24611493425316666	-0.024588599256581165
-0.7986686535352573	0.0011311933093635968
0.010419369957101495	4.3961997183660493E-4
0.21604359081174415	0.001252571877893215
0.2190080062997432	-4.3651440403465706E-4
-1.0131562872033826	-0.0011457668564705478
-0.3419499846058884	0.005430875029039599
-0.3790936431004113	-8.617971107120066E-4
-0.10833666593325597	0.0024631995975610247
-0.12910196765316903	0.0013305517805673826
0.01845984946332267	0.0022559517023308124
-1.3099105357832983	0.0022005894958548513
0.6066292553949114	-0.0022403184163128117
-1.0201401293244827	-0.0021202267986535285
0.7035396794015754	-0.005393819705897051
-0.4662962932458143	-9.445319480798814E-4
0.2290833997500697	-6.619335413538053E-4
0.9380761906310238	5.785273748279743E-4
-0.3938886892429571	0.011429311899278849
0.7844436865007819	-0.01016668018735666
-0.665173666266315	-9.968336628592674E-4
-0.15381911067096318	-6.489296675400705E-4
-0.39222340020273555	0.02403409808984491
-0.7067923839460463	-0.0015129103897815659
0.031678207711637055	-0.002063265690468931
0.10487602808836992	0.026017555617263537
-0.7398652409875065	6.277958853584724E-4
-0.1844186070746157	0.008606648257869344
0.051745651326316894	-0.0029236938248741917
0.301834826398862	-0.0036051635344275675
-0.5723767336016023	-0.002438358363445284
0.10111176835800281	-0.0042733184542140335
0.267983550404443	-6.812153809340745E-4
-0.2900008140957965	-5.119695543218699E-4
0.6642044085062142	-5.288801621421114E-4
-0.9491752758886474	-5.281387048959623E-4
-0.635049856404813	-0.003199333720438348
1.1904272956721436	0.00229860788873604
-0.9730026664034483	6.717314727131355E-4
-0.8305632084732529	-0.0011120363515519389
-0.021051021644938973	-0.008045810707991279
-0.3164023196379588	0.006692584957245675
-0.19584951255149663	-2.8104553511483417
0.01604595893901204	5.69216148778409E-4
0.5537760685878237	-0.006113141010597918
0.18112666883612236	0.00838871115013508
-1.3368425282621867	0.16989856966606573
-0.07615883695392088	-0.004374636438586308
-0.2923084522052045	0.045391914023477115
0.30267919632128176	-0.003007293554345559
-0.1163561695022895	0.0037494451716613424
0.8562967962578408	0.0027020040497293457
-0.5250676224661297	-0.0019167383475446095
-0.19858865383912389	0.0012946926735080439
0.14954853363389584	0.0017442248805586659
-0.33087977723208645	-0.0014835340151184606
-0.1256862952169922	0.0010711734705098578
0.1457104866776225	0.009601955429112328
0.8075347224738395	0.003518510708058364
-0.030160076853515606	0.0012621437680951431
0.9564148248620837	3.2162679228809574E-4
-0.012978855548098921	-4.8664964612379777E-4
-0.34198503430696875	0.0029743673783240374
-0.18751507210986984	4.0898750140408837E-4
-0.8999555344478506	0.002745410714646898
0.13120031263818197	0.00348527383237371
0.5239762089993477	-0.003382956167189376
-0.33613881519328276	6.5278263491741E-4
0.31125809731229637	0.0021911306125316395
0.05924201394484871	-0.011320034339075476
1.1076456839148934	6.060325331424153E-4
-0.2644232630487304	-0.00964592139083458
0.07492012513902911	-0.004780750476818014
0.02160545394377918	-0.00785354298426126
-0.7198821845528565	-0.029027425179220606
-0.34975119107025626	-0.006120286608891541
0.07952970775842749	1.7639111143733115E-4
0.8214965061395476	-0.005492371426195851
-0.16322353170842432	-0.004031036440234961
0.08579924734454639	0.003559414632199046
0.1250619341563758	0.0036114447284747156
0.39213649790228894	-0.0032654374402398606
0.07976965679697151	-7.816656863080207E-4
0.443749078351728	-0.2220423631307631
-0.1905114749847472	-0.01213051554154318
0.2970643661571985	-0.017210632888236013
-0.3085049944925827	-0.00857285387604617
-0.43861880571660755	0.00211300613529376
0.7610875836393212	9.298784947442727E-4
0.8860708794439205	-0.002230052124589458
0.8339488657379487	-0.0018284029763616836
-0.24742973553347022	0.0013519343861715816
0.11516300314993158	-0.007965406673323362
-0.12809482950698114	0.021752176596445596
0.1784164129492761	9.277494557298244E-4
-0.09313048373776092	0.004765957253703338
0.7059891415246535	0.005862549264900956
0.9077996156611237	-0.005598704120560657
-0.056246656393775823	-0.001856387675244408
-0.08197070186207109	0.0018227432900772618
0.21349244696026193	0.004057760298507252
0.09266701089861915	-0.003384800318792771
-0.4283146784693669	0.0016033993143925126
-0.5926246082759847	0.001089822002653567
0.4024208521379833	-1.0269516987156804E-4
-0.14118251206829924	-0.005100670666602529
-0.3509923812853095	0.002537879427520857
0.14520471795170947	7.141402322594788E-4
0.3927836243822801	-0.0023439915243696897
0.6101869420568797	0.004356856594625758
0.1338596976341586	-0.0010611708843286881
0.1949545035346811	-0.0027884684539094687
-0.0710463771844753	9.47951459042977E-4
-0.08927103043435597	-8.167078049885596E-4
-0.10930959141123206	-0.001164901438094002
0.26186048320787125	-8.203765840671508E-6
0.22068741041631593	-7.099262665561277E-4
-0.020390950158201207	-6.171187250396324E-4
-0.1129976850213379	-0.0017353138774422005
-0.5373860961146647	-7.991348701748797E-4
0.17048558783982812	-4.7729302688887784E-4
-0.2052740007363609	-0.002931485150729998
-0.004654773064999005	9.063882700770348E-4
-0.0661447794932796	-0.0035076674513013703
0.37708350504126154	0.0015830935639693162
-0.12003371930516903	0.004349538355062294
-0.4097298431979379	6.856724283094978E-4
0.8676124168588956	-0.0016332447117427215
0.47615349166362536	-0.0020730236906982124
0.32344281344168524	-0.0029421376387508036
0.5556151643942061	7.151151538390266E-4
0.4246399166641212	4.416955976579035E-4
-0.08751922028466504	-0.008386451746924636
-0.47549445532359247	-6.298996717734998E-4
-0.7864815575749646	-0.0012748142199383548
