-11.720400803565235	0.45289160209433177
-10.72333749984049	-0.5958031913071085
-8.46049369415071	-0.2802093514803965
13.184782270495214	-0.8457571395473684
16.41671864020423	0.4370840328038445
-25.946854777067873	0.08626203377829313
-7.981465796449439	0.10618458078405037
-30.781414132311706	0.04595820055035285
2.255570623411426	-0.04639438116619853
-6.249505295686019	0.3009084986987816
1.309698652811363	-0.15871913060149356
30.143809863985208	0.08152440443860852
5.736123048581846	0.19708618617675328
-4.818989929125131	0.09856831917652656
-3.453843521652415	-0.22254764007317737
-18.763306208053276	-0.1085016746593675
-32.99220106806307	-0.17985386363366704
6.354265852553063	0.06647938694184657
3.6544233654996585	-0.583096878658344
-40.012391936224624	-0.02784307024698759
6.254338380074133	-0.2941096784595775
2.1200176274487204	-0.051075121051792384
0.24854192606018108	-13.546998474326756
22.77596988080329	0.6122952618926655
-19.742387822642495	0.0680934815939897
1.3659157835402376	0.024474957667987483
-23.63543732337202	0.025299898770415295
-17.98256087521198	0.05397053297362614
19.028728572034897	-0.016564705420401907
-13.625954273818403	-0.00266027909384292
7.020558068123563	3.4927628676865905
1.1472162628541671	-0.03285590913097669
-9.79036554384526	-0.32762911809017176
25.060167208712233	0.1631155541013527
-12.394300352451323	-0.06791307062457141
-6.195908008071685	0.13370125951357179
23.37354130013521	9.552200572234932
8.29711946229234	-0.1260568202541294
15.357474666749182	-2.2898124961465496
21.569954390586012	-0.028135536803492688
23.347086743342018	-0.034508544592466925
-30.165484232196388	-1.3313552414027812
-6.933633187445297	0.5181390373257032
-15.16906900207553	-0.08658634825482013
-4.232362902836043	1.3660135599275727
-13.910739770901891	0.01749730827492859
5.068806411758742	0.0718235954622337
20.113204702495032	-0.12071001353674474
-5.927577194627894	0.32938352348758454
21.735172856631632	-0.09980126299506784
1.2972268507857478	0.16377357120834138
15.616065909480286	-0.15313738903176272
-15.207018367054046	-0.22743646068494605
21.736648725999125	-0.09618746243120148
20.362135958917715	0.009908637810144455
-6.953075748364918	0.022458749749856753
-12.42563632793442	0.14836207715947444
21.25548872814996	0.06957277897222372
-17.105685039377462	0.1558896022307457
5.702014047752339	-0.0841144222715346
-5.879064919029743	-0.4024313032572517
28.557713968032893	-0.09066181833967661
9.11306667954803	0.06853637256357378
-38.98566142225395	-0.2441769171846433
-9.394154525813846	-0.08999035918206015
12.66345027370616	0.18468332253838005
-33.741883117338965	0.10500885764695032
15.610956154970742	5.983096156907567
7.74766258004768	1.0888119385900616
2.901774897109627	0.11486789342454508
16.88512826168273	-0.20029173316432106
1.3964657845496142	-0.15114234956013145
-2.8988489820531687	-0.08656271781329529
11.065842319799227	-0.07209550922122625
-29.868681768856565	-0.2036384054486693
20.54439046675473	-0.16339853571084825
-22.358096815534278	-0.3879879045820726
-11.480253849567314	-0.17825391843600275
-5.497060291715872	0.6577221451017242
-18.78558639003943	0.024994468946077663
9.389802422803324	-0.8506907177659963
-15.45500163983395	4.1820060263604555
-15.411084374328624	-0.02853520088446626
8.588560284871361	0.33323887946414893
3.982431027371445	-4.307080461681128
-6.78299885837472	-0.4198871150993221
34.50322420086654	0.3298375474503816
-10.23321177263854	-0.15571131920463116
21.289346025396352	-0.21142856994804046
-10.797869784713933	0.68642820435145
12.42311678931504	0.1967118900640566
16.293079528776353	0.13219574667149797
-25.172399619285503	0.3958660143579173
-29.390262150106533	0.01735416862431939
-7.462196358384168	0.08743639297380575
-7.5568819507485205	-0.3008532323311358
4.183596396494907	-1.0501208238650857
-23.11596227732865	-0.049088642266265296
-31.645918323562753	-0.09026889496924898
1.553287024659269	0.13388697811099334
21.6967061523429	0.22522605855303976
0.6975944267330433	-0.49111742369549494
-6.072621591043096	-0.13037053320523978
-26.455275108726223	0.012088107552525075
16.471231049229573	-0.059426502257168286
2.1159271232061063	0.1048711058081042
-29.890842677286038	-0.7297448872558177
11.733396246884277	0.09821897399111268
-33.60118150520628	-0.47408354833960664
-10.322047613439617	-0.2881336359949557
4.944087703036308	-0.11654097494041782
-14.190482623564684	-0.12030519194549981
26.233135786320144	0.17619036771588809
12.004008385322528	-0.17016204934337192
17.143486435432692	0.05511252695455839
1.1707504891243743	0.18499662100194256
-33.425445619748636	0.9766750716031135
3.492058847184496	0.20375095420308192
-5.852250704467713	0.06521503740286294
-21.429120879402223	0.14638408417889323
14.975982258242226	0.16191453672848988
27.52981531709304	0.0964941787673261
10.461251902872025	-0.2539394942355034
9.876267860261674	-0.41662486455992886
13.790989408882396	0.11636294369978493
-29.66285517208525	0.8290859669710617
17.569993176172424	0.11964729519669413
19.542256824075906	-0.07749318364992965
-7.814903537298485	0.22311212413999187
-5.753501384491134	0.06522959498372265
1.0524216173554415	0.906378745936166
-27.143240796873677	-0.15724557222720317
-16.449715089644034	0.18825775594270477
1.279186583559607	5.984289783279314
-8.100036458866173	-0.2272686668455193
-27.168884445682885	0.07894859566002502
-4.01034715484416	-0.2403677101922675
-23.796825551758413	-0.14615509526708106
-1.9795948488427844	-0.6151899076370728
-24.814865136598165	0.09608035614459473
-21.314482981123273	-0.28516744062548754
0.3165458977696159	-0.03458265712536575
17.464127452120415	0.19703228744985168
3.208858593162622	0.027407181181729134
39.23135354922736	-0.5109490604399263
-45.32425254102483	0.13369700762080425
30.030854342271944	0.31526314960575624
7.975974993792027	0.10430525668809017
1.171565879001428	0.08968298135836268
-8.495629017500177	0.43498106437429995
14.282304282578085	0.019929594596862815
-8.23481877860685	-0.32984900008817053
13.19285701497463	0.05396739685996741
7.7230756012040285	0.10024899832916574
-15.226361322072147	-0.025541528417611075
-0.13799245752413786	-1.0864337351604774
4.798028488806673	0.5251503042593322
-8.73097416331907	-0.6122862524423621
-11.358877056432581	0.015015424197820823
16.036973647928498	0.007466405324447887
-11.511183207849802	1.1570291111095856
39.288963771377794	0.8651519451401616
-22.216164042846263	0.12861790411912474
-8.961443908367196	0.30517736567916315
-23.976277107540565	0.09414738115199987
-10.264535874574035	0.12096561829749564
-40.599440878594656	-0.17137541805036546
14.04500776985041	2.0846877023094734
-8.654059292705853	-0.24067418944842722
3.5562105599430405	0.2817853760542774
-27.95845899856762	-0.12616822413192202
19.763000851904437	0.06860469452197156
-2.1585061020833183	-0.04213380684293133
-27.469295500906036	-0.10862550957042574
-13.824311496745288	-0.45561002337324075
8.256383615335867	0.0357362522590148
-14.106137381878986	-0.1595954642182896
-23.973549670311318	-0.030462114930924496
6.527006428973973	-0.09964331114648821
5.887829867176213	1.4191231473300954
15.913587647903805	0.16768128371159272
14.19713119180665	-0.06637912862226808
8.431930423651826	0.02200765697164005
18.010292602497554	0.04015770716951358
-2.597416175027018	-0.33784575216527774
-22.283511760474212	0.25781125806068933
0.6898114953551785	0.6319697261492965
23.232125801887342	-0.04902899670524334
-44.42307395100204	-0.01530488138503502
24.95228779224298	-0.10629406274968237
5.85081360709042	0.6520265256003762
47.83741908430032	0.43626310943496127
-12.85120227497134	0.4548984006720153
-28.155415884310738	0.05165652581310915
12.005802710338543	-0.06510814481932295
-11.766035667462504	-0.1381157145804608
5.620797539127117	-0.060844908163351925
-4.9435516293171835	0.3084760767080463
-40.76064432666497	0.03363893451456111
-41.219377794894086	0.3137932894861941
-1.8393892206100582	0.09782012165125205
-0.5534506414849817	-0.06875114957376252
-12.760089004385895	-0.7147207342721587
-11.07168288958167	0.22764102590086172
-15.877608890104819	0.2890304077322864
13.43569136567879	-0.007822920697761138
-12.715386326308172	-0.06466599438510116
14.816696434073684	-0.3974911519457937
3.996657667033275	0.4912151996319353
-9.817435905374081	-0.92919819098394
-1.0557290396898398	-1.5877862887277028
29.767248310081595	0.8777150774776661
46.805163673192986	0.006383192957430401
-18.525628586493976	-0.009944338626039216
-7.490671666415542	-0.07496345644331491
-6.706383138506389	-0.7402755893916813
1.2638587291579322	0.7268063486832012
5.117690396773209	0.27295675703102207
26.23328093652079	-0.285170584255915
-25.342362897853377	0.34765697480978214
14.95058322095084	0.11650905223079937
-21.177017732478866	0.2786026735069204
6.7376853107106465	0.17696416605463666
-9.299447593551061	-0.0787505655944351
-17.039147897013557	0.05324892958830964
-4.32630163246557	-0.23378509361397504
10.822909346075583	0.13524989431229992
-18.197756260075238	0.38078930607012246
-23.03823531310193	0.15899273512247364
-18.449607700960232	0.09722474226640809
20.336671385709447	0.03617263625486333
-6.621650805086073	-0.025242846780150503
-6.338278193899742	0.4297385448925323
-37.242236580705736	0.15556469003066703
-17.959868469495564	0.16183512044631526
8.889392968044184	0.16510379814696283
5.01969150184245	-0.18852479472982875
-12.765198213653116	-0.12620038127617048
1.3473779677293254	0.07904182253256103
7.676420257754429	-0.23909376782233258
11.209162815698491	0.12135419111432307
27.59113872770976	-0.07366898723840619
-6.315425293625001	0.109447432803807
20.526639865582858	0.08242561703541128
4.5144770763862105	-0.11979337185989024
-1.7469728776130233	1.016781999141437
-18.101259537537377	0.12316465464203678
34.08893154964454	0.07325975788537387
1.6764875306522682	-0.39051536456408487
4.4625253543070285	-0.45088177891551556
0.3875044971595569	0.12884520324141482
-39.1275902345006	0.1240717411085686
-24.89456516091901	0.32024336674004533
-26.681882249990927	-0.21800259430990068
-2.624811392655596	0.18829543945243962
-32.66766343498788	-0.1807130453828069
-13.686410615351043	-0.16989919652518595
-7.479730220464662	-1.319846643399684
9.353065349708373	0.8590826827669547
10.93461509761445	0.006041891109752901
-41.291816846617095	0.40915933426660395
12.386126938281384	0.10810609723429587
-4.671129402087888	3.6782487273614994
-13.868632810054333	-0.4628943104435834
-8.845008006466456	8.040717840294324
-21.535600728827898	0.008840885611458547
20.99455782355354	-1.2253635010829067
-0.736399155080788	0.1721871909529983
-1.0392592566028076	0.08100259464120041
-2.454079428125102	-0.22299782555869282
10.145543012810649	-0.18476775341147766
-2.3065822377489913	-1.0920082048384512
-39.74308750361773	0.15939779334887413
-24.816354281830005	0.5362692026597553
-1.8827045764288546	0.1400050215575274
1.1086416017917249	0.07545584753988521
-23.96957083157589	3.373191440785161
-4.10788403428416	0.24945994456362172
25.97604465177671	2.450224237715735
28.263612333525426	0.08350258038187239
41.03642372296856	0.038995424033734245
-1.5616853941387485	0.09873608174693532
-44.86521462849668	-0.3084507285600581
5.515298212035406	-0.16330218015509168
-15.38982053501793	-0.3278772807540963
-14.608380249066949	-0.1520549151909023
-19.518503053124462	0.19775248798235812
3.766709131105069	-0.7155144337775674
-1.0193926261508963	-0.42717554065117525
5.346651214717984	-0.16979572260841577
-30.5713382273017	0.21955252535110623
-15.25750875518037	-0.0346519404645115
13.086416917666883	0.23155481795494984
0.7015355016956875	0.048702847956228576
-13.37756867037664	1.3388990338992055
22.857540065878887	0.03274386617611458
23.023639589679064	0.1849899352810558
4.606355846655685	0.03543643354198021
-35.70382362001278	0.5541017049004691
20.47149724863698	0.45701495856644825
9.23816201225254	0.09507111422924729
18.912471372981358	0.006782856489219162
3.8806814525259767	0.2694340650667621
-26.937743452135084	-0.04433149630705788
18.22917672324832	0.06916432045234938
44.7778390881592	0.05145890101203358
10.393535014400703	-0.4063058821758625
9.034577119911761	0.08819231634731185
9.404146642483145	0.4182911834807851
-3.199729809954528	-4.918569950894109
-20.1598139464324	-0.17084402577969748
42.949141984546344	0.15703141504310902
-56.16875358861717	-0.6472292993027202
16.765705654424924	0.012033284828353464
14.148697333033114	0.2331912892685655
-5.703140310397733	0.35895234830528544
-0.03686003882246697	0.011327863534569669
-10.186246657679852	-0.024395716338292614
-26.03977301269903	0.036321319906189906
-19.14534634993002	-0.17873963395634887
8.440207086863444	-0.013532009389246384
23.725032379815605	0.09355694688096099
-7.818659387379513	-0.10260082678528715
28.529378413212708	0.10847710605642877
25.472053501956825	-0.03877949117781907
-11.100760381585872	-0.2596135339029558
23.692872281723098	-0.37224538538305607
17.97984900312824	0.21153793446147826
-1.971116732885247	-0.06210368490264241
3.4172936444578976	0.39195860623186723
-1.1390811967886636	-0.08686144187771773
0.036278150076412025	0.00624057650866346
6.519981810524154	-0.2408727731715767
2.2054262484910345	-0.07404439299588059
14.54203332761479	0.28464328651799875
-23.78908942601539	0.09969022582530608
-15.388489095091614	0.32809936295821834
-17.30263245065279	-0.07059044229415234
-15.454734789992946	-0.03155486574996596
-7.202348007677617	-0.00604231752441463
16.059059251087323	-0.07694040913513661
15.143783674258001	-0.1863805463000543
-0.969430025527225	-0.6382795566812811
-25.16499836011472	-0.02847786553964417
-44.721670743799834	0.007345697803103389
-17.314519394500508	0.18839131768723077
-18.34900899902748	0.11939421952525568
34.149349434151304	-0.9856175958116499
12.780351357556464	-0.025239038550169946
-15.105616711108256	-0.07683721793437048
13.122548311236711	-1.153811775634048
-5.817450307716301	-0.5679827640570897
19.779456374332963	-0.15051017017067223
-4.374464427461838	-0.2620973045520292
-10.515338978563898	-0.010251772875882074
36.99925862410006	0.1724224955821741
-39.47047433774677	1.4746468310554253
-45.156724561552444	-0.056046377736670074
-15.208595801052539	0.08482678676910832
-2.050830431795254	-0.11331651289179237
-40.36841478352442	0.3506093638884489
6.869054051749012	-1.0628684626479208
21.753116254030225	0.503597649678138
0.28584584071181807	0.3977709843649064
-9.730535955919981	-0.27303178643038345
-9.180960703161825	0.3593222953169962
-8.727888388396421	-0.04952001807615698
8.286913564521974	0.10411067712936117
28.97874275736605	0.1296344191705721
25.039504801871065	0.4927794724285977
28.74836789550439	0.27252118361080047
13.517950842155368	1.637107533944508
-1.131366879952151	-0.06001326811259394
-4.169249885401337	-0.06429127402605314
-16.39821943265401	-0.01841657579842683
4.875494231950675	-0.06389843467440191
1.2198051118760522	0.24727259239846822
24.109600319233433	-0.42912587480996184
-27.346078975233258	0.032273890705397434
30.504254246775886	-0.16594053798655062
-43.20334096919739	-0.08579308727740875
-35.462326023130885	-0.11641207040141725
-10.784201545611959	-0.08510666013740509
9.312471848919087	-0.009825320368180018
-10.216749667689724	-0.06760920437554245
-15.644297348076217	0.14443654997805447
-0.5290311100479095	-0.08025212249001823
-5.683233110740056	0.10597412456339997
15.863958562219295	0.2573721938684695
-3.8895971335486315	-0.046006570034735655
14.91065914197987	-6.6238548771140175
-29.582088618828323	0.4060701851150561
3.26373862470257	-0.10065891073645736
24.406154855791225	0.49641195751297584
11.271412560420808	0.07160458785118808
24.40636832156198	0.10570043708171004
-6.286447140318438	-0.010826606072732023
40.47207230176363	-0.6809169646005954
-4.991184721307902	-0.2525436822722464
15.055634364823128	-0.01309442853630738
-9.263189123865999	-0.2309364012633344
11.185158604505144	-0.31110032352520395
-21.803504288632002	0.32880071535399424
-6.270156832723362	-0.1444629156670887
22.445935548399543	0.23576961387934042
36.49405172275302	0.11516945975997482
13.372917452058545	-0.43352191310662563
-25.054367362445088	-0.31099055842061024
-21.486078244515994	0.06480496715163445
-28.057765528113226	1.2467009742909207
-24.341466903326477	-0.5333669812550689
11.572863961377074	0.0020336280272609227
-33.38351454124063	0.2501633894899237
24.21824278749731	-0.251284159991301
-19.080125644783216	2.9066755904463686
-2.3395577613537677	-0.004194501845859226
-8.417013556074115	0.14019007588936566
9.687644571742112	8.025396448306438
-30.366960508896046	0.9828494079971066
7.042944168387642	0.058472580089519055
38.58759754305145	0.15802042956620307
0.6641236167820208	0.13349847802053497
32.25760554426298	0.03438602760793221
-23.017159369551795	0.3288978065841989
0.026017876472763244	-0.1253184166980864
9.886580524892077	-0.2842896404530954
15.107002458023867	-0.08611639140150056
-13.184715916671065	-0.13980758083742628
27.0551446807644	-0.08647553664295707
0.6599280189265472	0.07294860355345566
1.7360518771471904	-0.17733801392935017
61.191714037155975	-0.6868492101029414
21.847994442846442	0.16675501675456791
-7.12870672408845	0.15914113451038814
21.740725932849106	-0.005941277193129853
12.96181707071126	-0.14008383456333742
31.31271485056535	0.2365598625554546
25.779088313924298	-0.035593395113455266
12.445165065034436	0.05846594086167259
8.459282416627998	0.3140998978585625
-29.770572879407744	-0.05986754580854812
-36.40906875906556	-0.01592675013623401
26.71049995349866	-0.0013713938713765354
0.13000085163387662	-0.15783411428865016
35.0465899179494	-0.14535365072254633
48.10776592628869	-0.6573676588933024
20.095200468503215	-1.1117930242177552
2.8041132735777077	0.01175921784370391
-1.4715926908961547	-0.2132870825666015
6.050593681842918	-0.4718890020272675
51.69843062627476	-0.04300635021137153
-1.2469783340632778	0.011884493397011786
-26.889905190215792	-0.28779009289103663
19.643110055626163	-0.15443915020717625
19.34498750346904	0.06414105085591353
-31.56716154032494	0.16642150295594108
8.98662379440153	-0.08604001770042595
4.085921611344507	-1.178340468220781
-16.765090157746208	0.03969256686895638
26.894445777861133	0.2352162847038627
-16.690852490215715	1.7624886429129278
20.307457077521764	-0.20933446036046777
-23.282307561599303	0.25483553759188493
1.6666416954971381	-0.0996546855555806
-16.479171147418928	-0.15568197241119763
-10.527969637878295	-0.05486725865525612
-9.168717889053843	-0.11504605006746774
-15.104297363068293	-0.11343012490404597
-34.72506220903439	0.19261661235038274
31.48315537383229	-0.15648489585881364
-16.731036017531242	0.048245151651542924
13.41654693422311	-1.6049377878209201
-26.866728676154857	0.007006056520955978
-16.5682658691392	-0.41605532196688105
13.560652182189665	0.07515890998321864
25.34640251795328	-0.011743764765398717
-25.97701557323271	-1.751691107267664
-6.4444179807440065	-1.7856197974376546
30.8982895111382	0.031038061124038653
-11.049337647477733	0.06083651919949518
-12.597981645793185	-0.5930513713139972
6.817622451360868	-0.00844073572712164
29.008512580675067	0.404523831928168
-23.510348295053397	0.031249919006509193
-34.48954666792856	-0.15587852857290302
-16.125927348497743	0.0971069801621041
-13.966257041111021	-17.737263970915993
16.662530146990395	0.38338705392869527
-4.2219393684791005	1.8052744503975262
21.28798502450457	-0.08971602654281012
23.036839532464853	-0.12382340640484484
-16.261705145809838	-0.6243769378146173
3.3510441970056064	0.0026543531287298514
18.38649417879016	0.23383133560712532
-13.914735149620281	-0.2024556032580933
11.882672692769928	-0.36901547266733237
6.803586127035025	-0.5730416309286067
8.946651057295613	-0.08440034098563132
-17.490510669651933	-0.1938620253772736
-25.23887754020999	-0.05726106340370697
-13.62452937349494	0.21304114736834948
-12.902296332986266	-0.3836365070840755
7.817765689927175	0.022128031724470077
-21.04397361362692	-0.033327307047601167
-15.565612071890698	0.16082141123491442
-0.7914001563899224	-1.584322542807078
-21.329227237287185	-0.27520928585705634
-1.006002053241341	1.3449634377371151
-4.04543388064934	-0.029614599741194864
6.647392675481324	-0.07716003278622881
21.605289086344403	0.4996426524868306
-6.8409709848175595	-0.6510171412609473
4.583853491568607	0.4332332112038021
2.453986151445532	0.20391384859616266
34.46691003312578	0.047595422099763335
21.172937213020486	-0.7697430405613488
-9.698616706945181	0.2467102702252904
16.71566828209816	0.08153833583969003
-5.760822600199661	14.945287013386935
-26.291240023859302	0.06560208160911282
-40.70023791972084	-0.32394576460790664
2.728648006697412	0.16673419397994305
-3.1848169759033413	0.2413401210250976
23.10396020479376	463.7529897616091
-22.86317080725503	0.10455949356350008
21.769029137316366	0.07269303865248561
-26.32041214118333	-0.038163744828600375
-31.467224814978923	0.2130029426662915
-16.89366582698014	0.009999949999600686
-23.100836835408305	0.22215648948053943
-6.810136305389636	-0.2881644660860917
-21.7199346875608	-0.00976187723962385
-9.185942674422712	-0.9991520147670637
-6.075586652336211	0.34551490885652536
-9.545410510620213	0.8846405034264382
-39.747071349436865	-0.029310975911453
-9.513984665737569	0.1041680851903063
-15.295941066753702	-0.24552645080971033
-14.210186753365832	-0.03409273804686798
6.073588949542341	0.047477150509350426
31.913196000407144	-0.20889303221685346
-35.84930071289289	-0.11334799581254457
10.949380402354087	0.10370066568932136
-9.332242084952266	0.04184209897011282
-14.220093461181714	0.26965612316086757
-3.899743043040389	0.011681651990688767
4.4288944073796355	-0.014165520718362806
5.140519744031126	-0.2159445672988703
-27.268333536841876	0.07467193525389702
33.86419256640737	-0.19368322067513144
7.7761673806623905	-0.6955246040083927
-16.092618780516137	-0.0020989358654257104
27.37688203870905	-0.20965051376054034
-12.48772190981343	0.09680226494747311
6.5743789999971405	-0.03459673339188769
22.16968240261869	-0.1201475922620649
-2.391038190037713	-0.16478591085383792
-10.558866029744266	-0.09203658985776181
23.86944970618765	0.02337730567781564
7.459425249919461	1.1467165451343568
2.4317905450885986	1.046545819193461
-8.822660259986788	0.5043918613187419
43.10531482868821	0.07319253411874863
7.255100431770177	-0.2036113016405149
-29.878501423261532	-0.09177063085792343
18.366124176689002	0.20998827048173668
16.14245905546682	-0.012847050298859727
-2.4982026381816715	0.1466114537204197
-24.580373472360446	0.1709313566901998
18.538520050097127	0.03153385332447456
10.017090644655532	0.21330052766470767
-14.45711732046919	-0.0806576159357222
-1.3222066140048836	0.13755741917929712
21.56960292986294	0.43650910470760845
-19.58542065449542	-1.3211733374601384
-30.482426559517016	-0.17574824000831626
-10.637614363818688	0.015819731129738765
7.129493087027717	-1.0517222664138044
9.023435452232738	0.09070068437367848
4.300395654820626	0.5675603931991454
33.25864118754011	-0.17477521030007706
-22.86673006224779	-0.45183955101821077
-12.632813488290141	-0.11206498182373074
4.7555607686724795	1.6526639408886867
4.866902901881534	-0.06808947579132356
-21.082509431143308	-0.04020762650194238
-9.232167710474762	-0.0598659127514489
12.469564880484295	0.046040884470088285
-3.667046757939783	0.05784945607476037
-4.098079293656695	0.0244512291675515
8.177206658051027	-0.022234825184732035
7.907552160341064	0.11623067984817816
39.46156774128141	0.19953328921828975
-20.077925088118572	0.6136623125858153
1.6368329881291117	-0.047212537171001635
-24.553651049027565	-0.03485904122558613
23.605926362239916	-0.008004431545449713
-45.97956130283922	-0.10477993830543494
8.577371579280618	-0.26115234737725357
28.220362637485405	0.36379232724491506
13.145703663114993	-0.3145341985299721
4.627722909324137	0.10699835321108478
-7.354487463409373	0.01479667171910754
-30.073222089857985	-0.012560947457317175
-28.061626296672138	-1.2417437560043247
15.387461136695297	-0.2574899251980223
-16.31448395385029	0.10860266005274781
-20.283098227821878	0.45512491833998653
-4.801524350735094	0.14773053128924638
10.01323465535821	1.143704832272556
19.830478497184245	0.16961551001365083
-44.2015173876954	-0.45892361243851165
-5.037539481246754	0.08996813697648036
-21.317616878510922	0.09353583789518595
-40.94468897034964	0.036937000735974966
32.37862806290536	0.06951111883493774
-16.791108234747547	-0.03349941664987187
9.795433087103712	0.03327309605488187
-16.01028279874134	-0.07979459227051407
-13.3790283530124	0.07922854272928684
-19.51012343416219	-0.05099154046259535
9.963008247993098	0.004844521298830125
-0.6814471422359131	-0.10670775753366178
3.1991785266552224	0.08601930789956304
-25.26150805765643	2.1010426642653095
33.54594338492793	-0.3777473549293429
-1.2523373673514044	0.10669823838247382
-5.014464547592348	0.1037459329749404
19.142008341747886	-0.009068445946177707
26.77584809915528	-0.0577303983934024
34.52521867972606	-0.07485692940772164
24.697153899993886	0.16719653558574477
17.75325210126735	-0.03047689624607783
5.618272676923048	-0.03661134864260304
-3.336402576141682	-0.5649935696075364
-5.856328137250419	0.01516636946633924
-30.62935290586026	-0.11315843006220183
-22.54349320797401	-0.2555353400906152
2.8291085692547617	-0.1417387390148692
-23.80270838012666	-0.2489889811743774
-32.30253127513775	-0.8238271095107459
11.145860849017776	0.06466144435391574
-6.424128898223817	0.03366132224239682
-8.292841479898646	-0.190124035425445
-1.4040615086136796	0.1483886875121343
-30.37241213464175	-0.047914106806405884
1.312762491484484	2.4538340413716155
5.331148275472326	-0.1491159089363985
0.8955043758789945	0.1595382019451308
-17.13162488286343	0.23719444499350056
-27.338923585993385	-0.4030731735592048
-14.357936939271015	-0.24469664767522298
-17.97641121275821	0.00805222875373554
44.44026732506329	1.294035107638369E-4
17.178463053801966	0.7077988832418887
-1.2030615106220557	0.17381797760114912
-23.665284009615483	0.12857262361806693
-18.07315054643781	0.053879303143966176
-15.788970928550775	0.5539489333972573
-6.507894799376608	0.1337307502901916
26.89223653327996	-0.08053366824730998
-10.834578212355563	0.11438928479003412
-6.912357532483834	-0.10384078688759484
5.730925037674813	0.08786553137770228
3.2669187094922036	0.04482309699968564
-1.8250662205559873	0.056131082649044144
36.6918096073118	-0.06281845161914314
2.4764680738726397	-0.2825031068308219
28.392195517399944	0.04819172852551574
3.044135494979686	0.08962406836432502
10.577134199997458	-0.5120098046214725
-3.449059931638029	0.1472622562126203
-14.086284034454831	-0.11334108565013973
-8.246840736370562	0.8638827614872282
-36.21405290532838	0.21892571806209493
4.282483643946025	-0.24981775673341577
26.410996378030593	-0.12999390408281356
-38.10684447882363	-0.11524733501479746
11.770875161547425	0.014344902000784546
14.408047729197223	0.13145077631493565
12.418079499693055	-0.2455934537342453
-19.05989537895488	0.10545433978339737
33.93502649693288	-0.16944942372703073
0.5422513232357358	0.08602145550493101
22.943748628341293	-0.07712641747196901
-20.60755192088104	-0.022654186241779145
7.983977292661578	0.15110970666061538
0.7020069509808559	-1.1520078859072633
11.013424081118494	-0.06670573484731197
2.1172002675073567	-0.5751111136575906
-44.4655981244347	-0.1333660385939406
15.860291687709404	-0.07059843456350783
5.568531927006566	-0.10980141930371413
2.091123330930024	0.05308336589107448
14.474863041849924	0.027274363703683333
3.953841159475162	0.2678642582190689
4.274718731149639	0.14448325830546596
30.286907586325604	-0.3207105968102936
-17.4217811906897	-0.5388616103009252
-32.603073350124625	0.31729812943021374
0.8440066462696214	-1.4714252798294447
-12.762079997643902	0.04471827608542888
10.414159681541419	-0.08011796215171041
-18.07048477723075	0.2008184007749708
-19.699890844858288	-0.19828955248701097
-23.679413210846118	-0.5558989343980127
-16.985125422664204	-0.2954614404994614
-36.76173288683426	0.11943641552893604
32.002353631950534	-0.3594716887201137
59.11562891444587	0.1778786691983253
-12.679504871218768	-0.03206948194906393
3.3826562062426375	0.030483788988024098
10.817194922051558	0.08342634979456777
3.7578799581762508	-0.2366722651997163
-9.90777575209391	0.3086050500271784
12.11102674620406	-0.10250800535399719
1.2658138372046506	-0.3828371702420018
9.033007310412435	0.13176903300310575
11.035765645905384	0.374118725634862
-13.08909789359462	-0.049778903277749136
-4.278604331100284	0.018060920083902615
9.75197956990991	-0.3227316258194717
-8.190253687286395	0.15447454538071959
22.845332898669373	0.16379700173268907
17.034833518807897	0.013511936351418565
8.575371647593546	0.12601531144757244
-13.665941034566702	6.393156591281865E-5
-22.030076640835382	0.059886416613930946
-8.931505908108063	0.18186412173464103
25.656169390452252	0.11506374573680712
-12.506339522182936	-0.3126326192261824
4.136757180954018	0.028886882343681385
8.78088464943123	-0.06070636053727601
-38.998327742291	0.29194553281752694
-31.211567891727324	-0.15170459965956848
15.893864569387459	0.05287035863488434
9.978801416119513	0.3226843914655345
-13.42076010891862	-0.5206589630619268
0.9988376873279545	0.13438553011523313
21.342912504269794	-0.3440206395936846
-14.321890758134417	0.3091021495283004
-24.302379267105852	-0.05215354268293374
-37.79911058736876	-0.05630413590460946
-10.714096016008975	-0.12172375390549287
16.542740222398628	0.28817854842662083
-16.32678184805403	0.013712924697122411
25.29715832713602	0.25092393072726
-18.348054589225388	-0.04135199936442563
-7.0009405697417115	0.412392638967677
-0.6614627031036752	-2.5232219366139215
-2.078051417133565	-0.3391330821876891
6.176310863855149	0.2702413434645589
-6.284803053008889	-0.04045329224164043
-17.095744013474615	-0.10857919168481159
37.34657785164423	-0.43596721964446766
-0.8343395541040484	0.6628159559941346
8.579076101389271	-0.23215058984608514
22.30982938529802	0.6029627692322477
-21.278419123603747	-0.034331201021609394
-8.048727993244	0.09205138827626476
19.85980814509551	0.15782134703624162
17.29676702156678	0.7798804493220168
-18.421166273486467	0.03145204455938804
-23.652014262822707	0.21443645274696777
-45.62637969917112	0.06984679815454801
-17.716294422347787	-2.311597800881916
-31.04023905807437	-0.08823184706863711
-9.621226585002692	-1.0493984380441164
-25.625220958347693	1.1603662031078008
-3.158548334604623	0.39993972043361764
6.022954333478445	0.17063927310615234
-15.808569065611978	-0.3029936524389364
10.598389939947227	-0.1078321614929031
1.0095304651282921	-0.2547777469427074
25.742548513000145	1.7955098299532737
24.398089267338108	-2.5679860638627114
14.032692059881908	0.3054674519844819
9.4897654687578	-0.05135654448097519
-1.7235256161295534	-0.7836682893197771
-7.868275214625837	-0.0021635524478560474
-1.6981800291468183	-1.7150643120549034
24.06989793163914	-0.32780290729173744
-50.39170367645564	0.11813627783784832
-10.51828152241352	-0.02211849723231349
6.261840078087041	0.06090471546187566
-26.117498607486567	0.09001669035081097
17.710022141842742	-0.007467675798065581
-19.88433110017019	-0.25766407163162414
22.043620192559	-0.48883992427521233
16.840289138328387	0.001588398235146876
27.034872556494744	-0.3251381718599694
-25.447062795051384	-0.02397467912722857
8.741683366224128	-0.017042566946134576
-22.10044125320868	0.31720599769874
-9.32315123781889	0.12000134771685929
2.1525964948987677	0.1377503683495768
-17.270288421301277	-0.09958164435631751
34.295201576351545	-0.31120286304109374
-29.839315848482208	0.11480217085740559
3.9281024969259777	0.04438043985626057
28.478488853228466	0.2977071977910042
64.60670536572951	-0.15244559670767066
-1.4009103113661805	-0.07478287454004358
32.37180246800126	0.02417100918030156
-5.9984041952465175	-0.362947618751888
-11.98347624224489	0.1961346199040002
7.091739126329676	0.47175971446572346
-14.28655362207669	-1.5340824388565544
-14.48501478642864	-0.1423172473992689
5.40072788477926	0.26920789788219224
13.421772337296224	0.4350266131263024
25.329821839614326	-0.20165810490117436
0.2635945863125444	0.13759645186204292
28.791967167018843	0.49068307811863004
-8.418407601449179	-0.017351309969395608
-11.434102244906818	0.06383378009327419
-7.272121190606852	0.047429957288273226
-28.922589086158002	-0.27566543666330046
-18.609295151348892	0.15418791981275565
4.1116942181636	-0.12202564107612329
25.752980192549057	-0.39750484323468294
12.942786427556555	-0.20811404844774103
2.174110183780903	0.25669442530484626
-22.188958882248542	0.09968588232783458
23.45412145728253	-0.1333324039107394
2.0954566610978618	-0.10698031828137228
-37.41146659629985	0.11577868002728639
-5.4585044981450705	9.121805375971343
34.705306664991745	0.12441669005787362
-6.270807964919616	-0.4166991450138449
10.68550095123802	-0.09115932811278275
23.700303836621714	-0.0723930821309685
-6.334063382184362	1.0455525370053123
-20.956680936985776	-0.016385206238162312
-1.5672038899614764	-0.048860085788867316
-5.601190663865661	-0.46326402780963644
6.296886249794732	-0.1372115563840435
-43.37915124121874	-0.26065607377287
42.36830801761973	0.2427231681620783
5.721741258338244	-0.24071535367750105
5.5288248166633585	0.3375831807732952
-7.464672627067676	0.0329207766276567
-14.37304580372992	-0.2481359383221854
8.195647053006562	0.006059294855470586
-11.878670708800952	0.02576397406037277
-0.7433851470498126	-0.3275792325840284
0.23789471650626148	0.11484526837412051
-7.192680305853384	0.08678150034933532
-7.310638050902922	0.03467445241399922
-7.68599957075161	0.07497572422562221
3.2210738379552333	-0.2982061621191848
-19.079098355075374	-1.3359604272954522
35.0907608606239	0.35377000652731555
-18.947088209125656	0.012283433822748211
8.206489139896101	-0.6607537224122992
-26.7019787646902	1.31317695914975
-21.158219049560042	-0.05986230404322454
-32.10752145039247	-0.23261367773524608
-3.0496030171257367	-0.35451709544074284
-35.464900967379606	-0.27742113217973613
3.8324896419668897	0.21365752096734797
1.3051479996942845	0.054803490377612674
-12.750483202561611	0.27911155279233746
19.24863600670262	0.24352029873959716
33.471960930974184	0.16515019827322813
-6.027486594170833	0.17596626487572045
-1.9895426734039137	-0.08661236249296599
22.181465482936503	0.13504249714860017
-18.364397629681488	-0.18904344109765908
5.131421965712934	-0.10623048232477769
-25.059714946842398	-0.15156155893721737
-0.7111930211812802	0.19734240798681624
40.06468274037659	0.037281131240659814
-43.370373052039916	0.05272606370158543
-25.370839939486444	-1.107260708248459E-4
-13.019404554827886	-0.9298631211447064
19.633883643108604	-0.23965611624604954
-2.597804269186292	0.2617866562981974
11.170998213922173	-0.04264010882013301
-28.728763870344892	-0.031226611725566487
14.61466861986408	0.32605603171382475
-17.394785439681794	-0.19852946149963419
-5.119689562143961	0.07606112647274242
-35.09648221756783	-59.065558945991604
-8.948737207028023	-0.04600348212570503
-7.792842295462969	0.028050182778242384
6.644446080018804	0.2347710710796601
15.286604007600852	-0.1768071736493744
29.16170693722875	-0.2504549379386684
-17.20285831830221	-0.031150960196628833
24.05818817550349	0.13036137321510688
24.339837424501205	-0.13901187231426337
25.853562705721316	0.10687295585952429
12.016596697932268	-0.19211846266801177
-9.659404159189814	0.08287785743861135
-2.0780132187351095	0.4809785243609399
5.884705008510063	0.002987453734560935
-51.108693729371915	-0.0818107914541544
-14.41753325636958	0.7048933991767363
-0.041254598995978095	-0.07760381130952483
13.539539126042024	0.15508600195346328
10.858836399980627	0.1304848282253839
-21.699604894965766	-0.554314728657467
13.302283646957427	-0.06977621525217975
9.242719078423143	0.09202525525099374
-15.326429009774849	-0.08347311958514186
-6.7045807438478775	0.2919907522361368
18.611090630660826	0.907973237289441
-8.684240192435833	0.03998499391263004
2.8806772793784945	-2.5090569159343254
-6.934135140206824	0.02987300227108093
-8.519509207809632	-2.558412319163427
-2.260613319238593	-0.17795118099534152
-38.34182697441337	0.39889436896558045
4.166914349245544	-0.7112738967219534
2.3145514740537645	-0.9783513917193871
15.29578015012005	0.0755546057351925
13.697384125108035	0.02333929116752551
16.33088953872571	0.13943724918999525
-7.529154737077088	0.1492337900459403
22.25319184477278	-0.042638513746877986
14.11232211180299	-0.1907653237643315
9.138879539892095	0.4233631420983566
-35.194549549225634	-0.017706790044539136
9.47720628028987	-0.024084133391428772
-2.1943730807938486	7.19388633859616
10.322299168189769	-0.3024973012871048
-12.23865576697719	0.13051676673542353
1.7897642197901202	0.026873140446695257
0.047433931284174384	-0.04032340372353892
-27.568796051099895	0.017955033387335836
-1.2347508795357216	-0.07604149706008517
27.17452457327848	0.054331344827503236
30.07200031325926	0.008207597322771763
-7.1879351389255985	0.28797503517930406
14.724993650252157	0.22168619490939082
5.6796937156282885	-0.2705083000659162
7.445500052840649	0.18455075079581798
-28.620950302898272	0.4256267614803883
-3.2646937445986355	-0.488520808602867
15.624468408035145	1.3708758730558595
-13.083411569561488	-0.6621396761370429
-13.966076967726613	-0.16120978331669159
-4.9004512044604285	0.12787142241302343
-22.80464456692559	-0.7904151185256113
-21.255446946357903	0.7439802333548587
8.83129694296184	-0.234151950907405
-15.518428961310198	0.11851147501187913
-36.19649231272314	0.33504231566207154
-2.142146836746414	-0.09409625845301443
-7.311164219690639	-0.13108447747146407
-35.19077826377869	0.2467611432397769
-2.06552731462368	0.14460160283624257
1.6555901527884176	-1.2723965145623306
-7.656646499240658	0.08739499066754243
8.371970921177619	0.2859902155728993
-34.28128658063107	-0.15007906128197793
8.662915158362217	-0.07974330182089806
28.80134261995769	-0.03881423981513113
-52.67795939073255	0.47992901288264345
1.928911940834389	0.10756700604445125
-1.7855764047821148	0.28602975911964384
-13.630146947290875	0.797305493735869
-19.487791358472194	-0.13272133950987589
19.06344873998767	0.03201364091853148
13.524391953050777	-0.036775607503418184
-12.464681655242359	-0.6830947677316868
-0.9514879719858236	-0.10200772930607498
1.5258989009254738	-0.24688619276137358
22.993297789893525	0.0820624265042478
-41.473853189615106	-0.10782120174291443
21.089120359887325	-0.10117365427056452
-24.70805225989251	0.0555959498654404
-15.130617779160755	-0.07261752487779026
-30.89525075239588	-0.25299510245488843
7.41407321854384	-0.09999528334827558
-5.682240514033051	0.04529239582797857
-2.075446165956673	0.09563787268417916
-3.3690204502750323	0.38474503097592166
-22.42387274113353	-0.14865079517639357
-11.484436082041597	-0.3726391286324899
15.008295184529796	0.15635068550303652
-11.437685471664954	-0.006081799219081607
17.945211967296505	0.09029224041017632
-6.586983277335901	-18.384126701060275
-36.662996605677904	0.2402280870595329
-10.231829104510156	0.829155771658512
-21.580185220217455	-0.02903754202506999
12.731382391527058	0.3804171212073054
21.608200201665458	-0.01097393035611369
2.559303954966273	-0.17345100618649278
-7.704180551597158	-0.4467185880560706
-14.067956330284447	0.408818862184987
24.945901174093002	-0.6709923541164172
-9.47943259891432	-0.030838961255427552
2.99487254992982	-0.2237632020551442
-9.681078561172747	-0.6895313275030094
-34.586569625332984	-0.22179997833834642
37.695062942814324	-2.8925183588640304
-6.105771361320509	-0.10380922530137199
20.157938364870052	0.1607470252859462
16.30316583800866	0.521986697724173
-9.114854835452963	0.15898036670424467
-2.0234284695724463	0.05264970745431956
-16.142271046973043	0.13422200663179104
-12.070270876151529	5.741980484559068
6.316465271257971	0.1897490765505847
-8.20307710268191	-0.3010445414488645
-16.406676031481275	0.19047986910902037
-21.222737623657668	0.13049770087097107
-15.415685128136783	0.096459288931938
-24.12913532922777	-0.5704820635328062
-34.71807455836628	-1.0350175564398514
-1.2104221173852163	0.07874383197559798
16.277296799996442	0.07658879635200196
-0.20014071421167587	-0.17068629469489655
-24.646686268487166	0.2924923551495278
6.507016358968406	-0.010334387263230537
-26.022032791322882	-0.02072558817412783
9.564395949426645	0.06522583478669976
28.25943634224754	-0.3748631094526994
15.178386864985182	-0.7049333881250447
-1.9243348430844847	0.680586152446982
-16.763638719095393	0.05739260640163294
-7.553909875419672	-0.1363518727251151
4.182208997407284	0.10502661647445674
11.882247916877148	0.6987743785868465
28.766239583995002	0.09659792494351921
38.71830929273734	0.6067901868565982
-52.05373191818282	0.223868731278238
19.7931649730829	-0.07880953289362941
-29.719767575156066	0.21194210363416027
-25.105878380203926	-0.4544743998893796
6.69032632444678	0.0010565765663208106
-14.258440311469462	-0.20280439576055512
-34.025704323329975	-0.10878136226562779
7.969574614267718	-0.16717413166633155
15.258457771279772	-0.24411960666804214
29.55609366714619	-0.09046820040667
7.01773282560047	0.06409231852709293
0.9606483514607147	0.11382498412250293
30.6079896647713	-0.18694342109123005
8.269487024518796	-0.43428368211965984
4.789903660981587	0.006464262109935577
21.017098141591024	4.753732051256469
18.004856109049822	-1.5280740825532408
10.184110271129674	0.6645037387517303
-51.78215759109764	-0.014757355566539034
5.864904067937835	-0.06226622347458997
-26.97877025440051	0.33317872758079364
39.280426769855794	0.5454998413091643
-18.28368072545396	-0.16589656401905345
-13.605163836375725	0.14940160749597667
28.671090506673565	-5.93604772563169
20.899449226567526	-0.046828157837861414
-7.261483104999585	0.09856389567866884
15.066261132637246	-0.9331985344409459
-16.971593657912013	0.1374919660545208
-19.662351279213144	0.6671156041012047
-27.668264724982176	0.20012093020294613
-20.04787174604974	-0.34172034362698583
-12.07657799981594	0.22351791824623074
9.01270600944926	0.011140563792476544
-3.598723671225383	0.5032147940231513
-23.401100370152484	-0.0073912581197425635
-19.668471141503588	-0.08265283769512988
9.358374725112283	0.07139703895902434
-14.91386675937966	3.8318978792983325
2.9375122330834262	0.1964869801537358
17.942118534812778	0.16467170219765118
5.8573797691628995	0.28471422142888025
16.6515888584837	0.16279998625547654
-17.668792134767653	0.43365776739975714
12.506957347978618	-0.047608498788396104
-23.642188657235586	0.07245056433556943
-30.768163323667757	0.5682301795490938
15.176285884739162	27.446618798493684
6.991722827244674	-0.012448591098744438
-4.017712353451962	-0.23533054434955497
2.1876091450623787	-0.48511300762500736
0.31378610272602614	0.10902457892271485
7.293510032420794	-4.6504963393890293E-4
5.5709346237357185	-0.030787050319035555
-34.306356615653456	-0.1542275172943724
8.742660573688662	0.09171692349798397
12.749215144324795	-0.004494260247754872
4.739778019591915	-0.5088482321623896
23.033076282804245	-0.3064392467444298
20.86219583910099	0.21271550114609603
-31.348038964761805	-0.005214898049796199
-25.839111720382483	0.3219082550614075
-41.5865856005616	-0.17325620421405896
60.97027721115954	-0.36213455021619895
-23.324914794644748	-0.04215937097905375
24.847527111242147	-0.4228313743434338
-32.858833561959216	-0.2289698440848158
-46.67343120897475	-0.11440420664336297
5.601882516240163	0.2578331508516235
-3.129174438611458	-0.03589762202874107
-7.8491943179983075	-0.057020036376473515
22.406051395261326	0.19955800183105357
-10.967970580072748	-0.09841292685952109
3.653375899115665	0.29800566674555545
-45.132419243479845	0.2827581726259343
-7.70120695751374	-0.3371819331168363
19.596118539190325	-2.7084338229206337
-3.261383884642702	0.0074132255749053706
-8.230868328629931	-0.03792802091495703
9.419896868186385	0.23246581761245386
-6.307315666081754	0.26149805174678975
-11.60787729698439	28.451550010309145
-10.358376722974784	-8.298916061860957
24.979672208033445	0.07504873842978252
-23.443247338796414	0.0409157614346659
-12.55042757251712	0.034883719651778944
-7.662488102109033	-0.07894808467834773
-24.502413091634654	-0.12435377858768527
25.842874269808373	-0.36385194117750636
-4.914326456838966	-0.06807021345758753
7.901867873709032	-0.10311403665778099
1.4523821042014509	0.13559129148261811
10.901796658008443	0.2186238967205087
-0.5351257798417197	0.04799681713885898
13.429142832120798	-0.19547309685934033
-50.319977436228356	0.23255434680577247
-18.128463334611276	0.03414112183499243
9.306513817963433	-0.03400536213295791
39.287438586324136	-0.005603503936912356
-33.564697210096355	-0.19369226477247672
-9.107512789913626	0.1661078613147282
-5.134421744317856	-0.09482018191892602
18.7683599948841	-0.896045750860971
-17.530922909160775	-0.07064297190236464
-12.597792386184954	0.03686689009918217
17.791357030054286	0.227071431741305
3.3550594373204965	-0.5936611705434555
-9.5615097201669	-0.26043143503993826
-22.461395150323078	1.7923219643915447
-32.30989154907225	-0.04629857784701101
41.38617416272306	-0.3415938762796193
-7.987591193396334	0.3353099901220058
-21.570306967213416	0.05187118813102571
16.40645273450007	0.06445087027699524
-43.51484438121529	-0.034198925984747455
32.6250723249916	0.09585975291005211
-9.2390938439638	0.050494203107730104
2.0066490247667126	-0.13453139355094612
-0.9223413896835195	0.301221147133402
2.2740766689106655	-0.04181144183052857
-3.539921565152256	0.052032905938578004
5.295170705143577	0.14528082206106915
-12.47896435549349	-0.5768285193356759
-8.118369670035879	-0.02587093389290863
7.542682563091406	0.04748876881111248
-16.266460057411294	1.4424975854432371
18.458837415100927	0.024407747090709666
-29.20839342900165	-0.12651278593793044
34.2550586168057	-0.33506619583490066
-15.804939045810183	0.18140249164508468
15.223283262413307	0.039984162952912454
6.8443552873677405	-0.3095784533602219
19.42183282279554	-0.07961496964184278
19.478604113918077	-0.4123462255892993
21.150218052460513	-0.29162775893291293
-16.628892996236818	-0.13499833147489898
-23.45568986482144	-0.05482410477030768
24.9835514966674	0.1332062001152383
-14.367544886499509	0.20393490609557133
19.56627249579568	0.3219956274446525
8.032948208247182	-0.03360540000541734
-14.270448145438603	-0.5558065453524443
-20.946458228162715	-0.15251521691368164
10.874769919465544	-0.061318251407200174
23.61210644183425	-0.15669111521223306
-6.992173421211474	0.097404255738943
-13.934856056147014	0.6998564951976829
3.9974364253951924	-0.024656468020743214
4.543494729177144	0.10071964524184675
25.36936701542364	-0.11505917494692113
3.369679197387525	0.27447356898052544
-7.309060112688876	-0.15576620752468853
-28.740497331226724	-0.17799778607427938
-3.037557626071374	-0.09427639179759267
25.504399547203853	-0.5067376773749537
11.973195799123351	0.11712640539117772
-29.177647987637133	1.46915714694457
-7.954025350846674	-1.3390136679090652
13.292235438377794	-0.3195163882062179
-10.483352923348018	-0.13443079396357224
13.989077322618874	-0.23280822554062988
-15.484603530981952	0.0325856398215471
-20.801526870569315	-0.119276895415407
-35.86372925968876	0.1426284371484627
20.18245361423154	4.871397523951281
-25.82835326035316	0.024638072643125238
7.9536806705247285	-0.30436172089845553
45.73721232682619	0.023005936481117314
-13.623871086055676	0.6299035007119262
-25.212106192335987	-0.07817638946187293
1.5609909049230344	-0.0958456105214582
8.2898744895719	6.054470565848531
-21.493852390706188	-0.08370849357331485
-3.845762371360029	-0.20020962837839423
-47.58185658645505	-0.08289118395254456
-1.993399875258754	0.12202067118883035
-3.4118029901802225	-0.33257157331797754
28.338843701952953	-0.022310680697060076
21.1536933635902	-1.098572980388592
32.811723466512646	-0.2885016428903999
-17.851530728290133	0.49808626423885827
8.50982413733029	-0.06015758778435793
-1.3633373290955353	0.1252139047935001
4.563799911908545	-0.12326519196875911
7.59365443100022	-0.2106756709136187
-20.82630381228591	-0.24571381034643072
-20.689773367762882	0.04212499966881413
2.350253666482828	-0.5367793725493211
12.641422172968854	-0.049987780972220376
15.634294864520292	0.055703825999466064
-17.1777340692303	0.14942373743046658
10.385141767609698	-0.48858565355195954
-2.4208788128769583	-0.49325621926073965
30.46654758889349	0.025008516305696494
19.34327793698615	-0.2381028619807677
-3.6850216994598557	-0.04906536334187657
4.9568002950052765	-0.48833773472062214
-13.299402215364614	-0.07464697911603446
-26.262883699067693	0.204244570267384
21.425245990265456	0.10537824257391984
-14.665418846897442	0.283956513930334
-11.550253027914126	0.05002578755510517
39.68286667053056	1.772061150108559
-1.350067001918349	0.20291655996054178
17.141092079828418	-3.9200638641873544
29.066687230955598	-0.27001801177399587
28.877044683219154	2.7984363929418383
-42.61108488770908	-0.12493162197751131
31.962992456546417	0.09232218983128433
-9.209699036653026	0.006899626864959023
10.024663662277744	-0.395150143567202
-9.984119054705653	0.23822724573725584
13.09607652245039	-0.05073721964266524
-24.652761697045275	0.07396260171891451
-22.292368448811033	-0.5396642802499194
-9.72354668981746	-0.06604288834481979
-9.215253440745675	0.28067230133043014
15.518960453993207	0.4336473414022794
8.5142800671822	0.6026799384248159
-2.037321926872825	-0.19957273612518855
26.314521656867804	0.11045799622255684
14.076507520522958	0.12118967588748851
-14.428102234913515	4.3264382779491655
-3.9300814317444592	0.0820470129584049
-1.1499566631881604	-0.919082169833328
0.23194657130976534	-1.5041119207005065
17.251496876457406	0.014964559228395428
22.943618321589167	0.5146427635212066
35.78332134191932	-0.6922492129579644
-3.1035182722711747	-0.21039587768432652
-2.794865566313593	-0.05566473081191273
-3.367536102491521	0.1298763244375546
9.143425610070768	0.02913642779245853
-3.093322460982862	0.35954994600475376
22.221923640112944	0.2297425667259905
5.67944480551096	0.07100703974047297
31.440455135572954	-0.15258223625254266
10.142134661635568	-0.18038957538778108
15.00664164324083	-0.2093436371519815
18.377838892002686	0.13276569090532006
-17.930641942415114	-1.3125214114608328
1.8038172576973037	-0.4697070153596346
-30.683870715586437	-0.11131687815905264
-7.560034215316451	1.4824661429132375
-31.704069641465434	-0.39481257647150864
-28.696106935692022	0.2733434709710903
16.09616566146655	0.16723768138547032
22.9452872506928	-0.051210136073025436
15.07589330506509	0.10452198985002056
-24.871798495949456	0.04112766908253155
-24.06406425760473	-0.1718428250562282
16.36969573086671	0.08972007753173779
0.8281213181791457	-728.0271901509817
-28.792562703292074	0.08019572115353907
-46.19301166193488	-0.07271914664150325
-7.975127457898002	0.28650026849516347
-11.914435800391535	-0.009513675183130567
38.38713339496517	0.34316377760952455
-12.931263933241077	-0.4530435452005793
-33.215209428177516	1.7664154488151265
-27.679499335593018	0.36324969074759145
-15.155373151119738	0.2725981730448871
1.3376143448994766	-17.54570159233904
22.86782760961501	-0.02291248205648596
-9.0436655364514	0.17193156812983487
-23.5235980085772	-0.4685887062752421
-0.9500778549496348	0.05339368155318353
-12.535537987783053	-0.2959356774206836
9.020759980924312	-0.14507090880971646
6.572645964663511	0.09529528290643116
23.801498738766036	1.7500330061750808
-59.563654587733986	-0.0798476654948942
-27.5183689340413	-0.014023534454183403
-6.161243108972445	-0.07602332524965194
-4.169826555671567	-0.012067540279930558
-14.941814841769148	-0.11268076309741806
14.557586147923761	-1.1504987163895837
25.213149225031827	-0.16603872218941162
22.88824200090582	-0.45975164851679867
9.632733355114281	-0.33771529690676505
26.09041390239785	0.8544368126452724
-2.7526843423817455	0.3869690768736966
-24.59505824793784	0.06635078726012385
-19.723288496086788	0.38693236489825394
22.858637023906425	0.2489138243807192
16.416155122915015	-0.009329889770494999
-32.80077228421969	-0.14030937169669727
4.615286583837896	0.0689854914395761
4.0919694382403815	-0.09812311050029024
-20.366017671817325	-0.11395812518519757
-33.952186687651704	-0.15280930566618653
35.95241218060268	-0.16211194747664176
-15.074019420227003	-0.2822291773069094
-9.087198920278965	-3.1373705289152225
13.883750543340437	-0.0441523801724875
30.314622279208066	0.03269033935389321
11.243998841938284	0.07480557869925383
-8.939808694301531	0.8245711893101356
-35.846180763813365	-0.10767675512945286
1.2570172541145002	-0.34767582094478233
28.797973241938042	0.024088018630329944
-4.66406117208763	-0.14741890488484238
22.92790001766347	0.19293940870951548
18.80425307907272	0.2242811922883302
-11.15905540940788	0.10969768045445145
-15.069524995017865	-0.2176908692444887
-7.650233579952226	-2.8361059973711367
1.1168574597921104	0.01846497799960176
-33.90084759900413	0.5738860258875124
23.036119945760902	-0.045810897905764585
-19.706408303863594	0.21885143723185055
21.539328564090432	-0.012293364341207017
30.105523964353562	-0.12358248987758157
13.25372609322885	0.06091378445392646
-32.99302866106095	0.08417406011152977
5.767136261834322	0.011982299700794789
-7.958052144805663	0.08606950916703207
-5.450311032285436	-0.09627071628552285
-1.5216690882027932	-0.052691582063646686
-31.892980917322873	-0.10764961537551594
12.075547487009876	-0.3214800230902558
-15.904351724514015	-0.023647104623249787
14.290899314553716	-0.014214753808114678
-21.20876370169967	0.2601444222463778
30.484023932203574	0.25396430703493855
56.48147490286756	0.19583634166170175
42.38510298526543	0.13168218257754033
28.014545544281727	-0.11045582535703184
2.8944096755958593	-0.3996490653609671
8.275632298727183	0.3320722972088696
-18.72899590024294	0.17315564244861406
3.9583560968702907	-0.007919735220815984
8.746540952401064	0.4042699257727381
-2.1352154440789057	4.844301777950927
0.6606680720660106	-0.11191658310526155
6.779223982925077	-0.35030891945406456
44.46792714297516	-0.2770682546096055
5.692398974875333	0.10517682423378213
-0.691233255432306	0.2471760836477786
-7.2524974591519715	0.042718835251871416
10.406287544269885	0.2644833870836654
8.568505934941017	-0.24487846261266386
8.507653692607455	-0.07025646385859395
10.88552241658275	-0.2757352008310558
8.328434232930903	-0.09244700814013611
-31.8008519132623	-0.015625421617503406
5.141768828240183	-0.49848766073051937
-0.6805738768228554	-1.1518687598440374
8.59505229067198	0.26890906260778663
-5.217313749561298	0.13383393969592733
2.3245606338931095	-0.3341015065003487
-14.573435445807432	28.00396235687033
-28.269945136627534	0.7611713986884188
37.88484890300561	0.657818875994534
5.372388748882644	0.09050004749477292
-29.50174639103182	0.03749965348286624
2.793791865075775	-0.03785972212694034
-0.5073385302042803	-0.042758647590136374
27.020050970169613	-0.3609743440820553
-6.323252895426435	0.3662032702542579
6.906004274067168	0.03016274950830628
-12.092511165672754	-0.09494518031011415
-14.000220002987007	0.19168692702170353
54.58374633854439	3.591714194176327
-19.109714171916135	0.7020169180290426
-6.4998955750096234	0.0019623130467945533
40.757440178743174	-0.5975605599042562
-52.229835205805394	0.005358981168329374
-12.741812851876139	0.08916353566602742
7.791512712990058	0.315939050229163
15.231172281191968	0.8030202583907301
-28.65590432980489	0.05153277781787643
7.196772211892055	0.3670801130535777
9.717006658515965	-0.5815737701436373
12.982893389014222	-0.4496620193992109
24.01505689786722	-0.030385806762065832
-19.87158339242271	-0.18010907130585838
-15.711587565980821	-0.019512761644421533
-29.51632163578734	-0.1032763735232715
5.222274780124633	0.1883382404700039
-7.799624147442216	0.15238920916485796
6.150949754043569	-0.15393277880554943
4.799497343119768	-3.9902802137210127
-0.621499567368308	-0.08926930011862888
-13.093551659475994	-0.05813658220330028
-5.031220278151252	0.10618998853054984
0.0914000833855754	-0.04750508994034153
38.4704351647169	0.0037749181205534127
-8.796003028949887	0.11892685886917455
-7.576078957312866	0.09616173280401283
4.123874898387233	-0.04350772859231722
-18.425957413565865	0.13312831541330694
14.050617946062316	0.2623322148614829
3.6673705951293707	0.1810443614567824
-36.25736559476513	-0.1399148750962344
6.114250991320417	1.9795111786086446
2.5908095953951986	0.1584876453794231
49.26786650295964	-0.06946215826217958
-2.5791984897757647	0.2196743825432897
42.95293728806557	0.23922452904167218
-6.654291871914222	0.3414818274632132
-7.7400069919448855	-0.12006086267602878
-23.034252643623468	0.15639699923525402
20.419883361598313	-0.09404918485617174
33.79448722657878	0.46176622321625443
5.753074784903699	0.1087398959247507
23.093430821707784	0.046389757599922025
-3.5674292735772086	-0.18089438230963573
8.641248938009122	-0.665393208879014
-10.770152858461003	-0.13058309031792242
12.836160519570054	0.6321997149127759
-3.300996700687151	-0.057524083361936644
-13.67725765973926	-0.29577195999497957
19.89357469320657	0.030389898870069303
-33.468651815935125	-0.3877935892626109
-11.880824950121626	1.8659629712425325
-19.310653188152973	1.3531051127337679
-12.05020218011298	-0.02847569179989543
30.725894609131192	-0.010997371384470456
12.671573514028053	-0.1438382260329935
-8.84570815971028	-0.2538477433664854
-14.191065075710776	0.7577649279351231
16.83233949342641	0.009896772024766359
-12.457036268828228	0.044890001097454994
7.215143888758299	-5.455333264098898
-0.11012578151601121	-0.212283871140264
18.16512075476016	-0.08279257048008291
3.214805112959815	-0.08919675352270554
3.1508886608892124	-0.05675004428978488
-21.517284532724528	-0.07428057691905057
25.723669723036014	-0.1409917483104737
-12.02794939917375	-0.018503316595033324
-15.88086713126744	-0.07126966653749818
16.7013483452065	-0.06422203515218294
-4.9318622222590776	0.0429685390806524
7.586058257519856	0.420628049748727
2.2462762442870265	0.282041773579463
16.905100434233535	-3.3503239311662227
15.99892006472092	0.06769881387345501
-11.83448619402394	0.47128029912920155
-31.338869794957244	1.3863450515570803
14.72929535891135	-0.10972881366695085
-11.498029488799332	0.13394952912995273
-1.2731428538366236	-0.3005582796878041
5.65784782572497	-0.17856969860639665
-3.583340012021275	-0.01498174177979799
-0.5493756538596734	0.1305927798056579
12.830718243628683	-0.30610279227007964
14.176826250071505	-0.06175041568986387
13.898258041857966	1.1451843697081867
11.566404446606839	1.3057327658611642
-24.508804269171694	-0.016860542583423895
0.1493818159756123	-0.05019569766371496
14.450557841887424	-0.8364566026594221
9.939505880584452	0.4577493643452416
-25.69376816262159	-0.17502628401268683
2.6212619658579457	0.17586971813608726
-6.0956317188449205	0.05013767641155094
10.112182282265707	0.20579929101766714
-9.99048159340597	1.0156756384258057
39.42900718422687	-0.2588449306529956
-5.941831594563363	-0.43537679834189713
-7.268234551600443	0.25652267232190296
14.324508521476679	0.09884944457674696
15.447480683147099	-0.4164152477109337
-0.21336609503711418	0.17479915560814518
14.492270233803296	0.08917084658957619
2.6174678060769208	0.18079749966225525
-4.889610025896757	-0.11824848314504915
2.204976599535509	-0.5881273170646175
-33.61797816076845	0.06396508027432907
-5.197719744890649	-0.07509905825966458
-3.4310250912043867	-0.20700179031078222
10.675349376818088	-0.11942054001114981
9.524844914144131	-0.08105745980567734
12.136705326625838	-0.6100109391591569
13.773671658654722	-0.34655619478370986
-33.392111713962045	-0.4365378333750144
-3.3549673021564645	0.0018032608831095843
-2.4421328464155994	-0.05968258575378873
18.71487479259398	-0.12701019949485554
-16.541479075971004	-0.15060203267291164
2.741655510382315	0.17995496384818438
-2.090841284070243	0.10783428776353796
3.2298199847354847	-0.10851185995001776
33.775507853919436	-0.15173024111556643
-14.360923051268323	0.27087190854749854
9.69974968002099	0.29403406411857336
-15.570279086135505	-0.47386907019520424
-7.056948680732552	-0.060369576519141085
-37.16696445866411	0.29447426002406674
-7.579724948247765	-0.21274840899722092
7.497818895695385	-0.14574443832679443
-6.08909924092039	-0.2803617329443667
-56.24322908962763	-0.10895558269313627
10.358130327528038	0.045611029418953376
-4.316451347284518	-0.706506435333972
6.975009526827218	-0.28666324660705744
6.226858509122741	0.012443322451221383
-16.04634838616022	-0.023500196835327915
8.658534327922974	-1.947618272980572
-11.496764360002532	0.09247243624334957
9.169315383815515	-0.019160232979171264
39.738517262447495	-0.011525780657743205
-12.492156911955709	-0.1757320721709546
3.2879930468848966	-0.04238200799796308
-3.930108353856126	0.36028073474136624
-13.198504302232498	0.21550941740282004
-29.193063418879234	-0.8118528479820618
5.944045423802913	1.043881072229687
-10.313184710479662	-1.5184727135182117
-28.82995576534885	-4.131913259726089
13.559297466337139	-0.034546484851858815
-20.49799378505494	0.16466022113655907
-14.55092183640037	-0.09373435985841945
5.8170936030592575	-0.22574375147868025
-9.822274712712534	0.26472977971563383
13.01114535691982	1.2948872245951817
-17.314888359438324	-0.07775639422155464
-28.161224548975568	-0.7369562598618369
3.869277061849674	-0.5204857353433276
-7.581545624446867	-0.5155404725497423
8.150171594771416	-0.2349938412864741
7.782568904625302	-0.060067771529873186
-11.126986192257922	-0.055104128580370844
16.334108815904525	0.19220786320900723
-23.330790707363732	-0.043345419324807156
17.200414168638233	0.10645347192111912
-21.00809899013318	-0.014270570485749675
-5.884619176216729	-0.5892942013972035
12.725523485069784	-0.19529117700027776
5.207458513488065	-0.10771598718009695
-13.833091997872467	0.5169577045115202
16.32280288036006	-0.4358508073129351
23.827655755857624	-1.1831353902710318
7.603635004817442	0.32329123557483697
18.46553970538406	-0.04643112983899598
-8.31293368402459	-0.12517361662463225
10.719911670144771	0.49349161037883454
-6.421006931233476	0.10933900956544025
-32.33506073769944	-0.2188556494691187
22.381342721114294	0.15542791050598725
11.34907411062401	0.050163483477030334
-25.220943724929786	-0.831240307837335
1.993690253916873	0.8165086321832189
17.31830323653177	-0.32791637170237037
-3.6431504969970296	-0.11141304622998645
-6.569310855911609	0.4562233990627717
-13.89231029018933	0.014490483606504338
3.8814354546920344	-0.06383763185958258
37.18227030692715	-0.27286300752700865
17.858466043454168	0.2939197715708569
7.280811426317974	0.21272608174803034
32.78115225757627	-0.006431249638631563
-12.815782434109648	0.32045840474729337
65.69958833405316	0.057424160880136146
10.429673292746894	0.30914281383358566
2.662644695442874	-2.5870472440435046
-23.88181075817812	0.11285606697606194
-1.8003112235801861	-0.07696523463571284
45.89953722877552	-0.16369979643676363
15.284650243915355	-0.08021485453516555
-9.029156919650292	-0.006153437811126458
9.333037233560907	-0.017337640411962146
9.299986751922113	1.747874248095912
3.1326913579223388	0.09577090691015873
8.838796265921019	0.4812135832716815
-37.58807493530508	0.011302334374033517
8.9652539454961	0.11441359688299274
20.71771114756743	-0.01479658794400762
29.16490187302386	-6.643545127221789E-4
22.96232367768512	0.11205414730860169
17.438547941700637	-0.31299200302141067
2.939250788209804	0.1162398444882846
9.32045203248881	-0.06781680238495003
10.41498421456332	-0.03488014764531203
5.530401370345367	-0.7041438680637442
-31.28840598026791	0.08209653835063432
-7.537873290612975	-0.2479264379079068
-16.860076592358496	0.34737028663667113
-9.607960137029798	-0.10089178949908616
-10.491450820335269	0.0026104029905188357
13.43899713047286	-0.29042518298411313
8.336490463918611	-0.05730577740777441
-1.201508129836971	-0.1342562098752882
30.28183075798618	0.00505129692985654
29.991366157210177	-0.6202888830496663
15.084336954933491	-0.15056014843713844
45.89909422607842	0.01948594339283113
-4.011906777283524	-0.049639785071388734
2.299815665269144	0.17100696677476018
7.19485031583905	-0.21267006280612266
-18.55172142776508	2.854033189557617
-9.76551080621336	-0.15779099011835124
28.815135299634534	0.1305996286251273
20.65686916917801	-0.19919868973765387
22.389077376123957	0.37654090196739265
4.30933910625104	-0.21819657981007198
-10.52486969809242	-0.20553949809150346
-21.630869594623494	0.09661884803271109
-29.24483551421838	0.058345126313378334
-17.408055537438944	0.37772880831087924
-6.421897794503398	-1.5409353476566896
12.625931707008514	-0.27651872028504887
-4.6393180301152706	0.6222884343525111
2.0827773414967603	0.0404473298296877
0.04784025393361192	0.24081868868813172
12.826657709041351	0.04984791887813202
-9.583968637319083	0.18403836188594527
-11.402618365149088	-0.09813062135206792
1.9698355491429278	0.3710816515965572
16.344421927892704	0.16398718586132624
29.968401450832754	0.025207586139521742
20.309468745019707	0.2407343342752922
35.27544104355385	0.07661773258650355
-9.36679404823844	0.09210264661594962
24.845729605759935	-0.37317013089515727
29.860476638398133	-0.4099182481961425
4.787836866850585	-0.014152335149633578
-33.18295600682597	0.06929727072147214
12.438700565831757	-0.047139705659521115
-5.225400026020947	-0.06308006357976255
28.597606482168096	-0.008788314629296268
-19.873885912798535	-0.35153632978000626
-2.464431174204963	0.06278432912361041
-4.61694897718721	0.6528875591146249
0.9620290694824419	-0.5330777126897378
9.040176889606915	70.86756397215231
11.975929361199633	-0.20557663507228158
-22.475154490607654	1.8012275567872964
32.2528749613151	0.015743305544005444
30.9718534200354	0.012324352817838035
-15.361379322508306	0.14038443392110223
-2.864321404131582	-0.13657147728382424
-15.186701242745533	0.006013598636825239
7.436862766613387	0.5935296090763673
-30.74985904235058	-2.380183743476641
0.7465615432049992	0.01431639529302343
-12.82680168238195	-0.34588503804634774
-24.87686366864137	0.6463049731893961
-4.5024221356615115	-0.27129996005285023
18.92666409488685	0.23162601585230244
-11.014440551986445	-0.15490489751926947
26.627856248829406	-0.15252862111896398
34.85153362625459	-0.0538870553147189
-4.953660909663839	-0.2628493376747055
-14.260449484054925	-4.016551865943524
-20.690158639397282	-0.3260363614501601
-5.254057883481652	0.21341040015700474
3.385236083141719	0.32062247058816284
20.686453017268146	0.041311921451372746
-18.20893042397289	-0.12812660679984372
-9.967852633220359	0.17766011961637956
-14.8210860780026	1.432218368423031
15.54293914640744	-0.08551354489063813
31.92521298714145	-7.701471958697436E-4
-17.93474655983146	-0.6136573141838524
10.249717085608228	0.2144806393572658
-4.975068326417309	-0.23456474784576753
37.161229656889944	0.0031153317880855177
0.09569372303179915	0.1697358826298626
3.15136956035197	0.26155376938206354
6.271079870916836	0.23480940359393512
-3.405831729388235	-0.07538461849246107
-0.31844832024185415	0.09563504824755475
-30.06746400236094	-0.4138906652780936
-14.72633912807587	0.18050008305678306
-1.3387752945711346	0.9471191538143185
-32.49701208676712	0.015440706702151847
-1.266650802442656	0.04023830845294351
-3.7729592267434287	0.16749070727873125
-0.37337568894211215	-6.736757180485416E-4
-3.296830988073109	0.32201748374815786
-22.92261562300993	0.14265929678215458
21.053529162421707	165.72694055749994
46.31907260793733	0.13569319479414488
10.258176368477141	0.15089858268640294
-14.676567553533506	0.04744770530490695
2.2332395823288542	-0.9424561330031951
22.903218715178856	-0.024883367348058443
-23.952958547220025	-0.2911238420633146
5.709363125942026	-0.04119048207375548
10.590706023885746	0.11788879309588295
-49.89885498685094	-0.17450624543785193
-5.021145139886342	-0.042151051484549694
-24.407776922889898	-0.0712839621565048
-1.9024036353500295	0.019667184585735287
-29.733792794987746	0.04214064940874361
0.43669039557961975	0.13926524282018818
-8.27411626765625	0.003458178037339593
6.0685815725457095	0.03599161014371836
30.783721562923684	0.01820520285833535
7.4984533978243695	1.6591753031031127
3.1352317474830858	-0.04543636671385804
43.748518923064765	-0.07452608559377474
-4.53149338675372	-0.030500141430407267
28.662043148864573	0.7421450836521402
10.599238066479606	-0.7393744559767768
4.996985830374801	-0.06810701334749615
5.807281596456087	0.17229651250183037
-5.86219302417581	0.19217215750194874
-3.7784469634212363	0.05768700583470138
10.552218296101726	0.16985082976927968
17.806912473279272	0.09330275827473629
-2.0835052842997706	0.8104949690279366
3.0568395581119088	-0.31397206144554174
-22.797835636887804	0.06692974206545704
-37.46651019774367	0.02087123765172892
33.24078594778371	0.16460253342289755
7.7725212274878315	-0.13338598996566337
-15.83425686556634	0.17606444391194653
-7.319396331867253	0.16676376806364404
-9.540169195433332	0.5262124281604252
19.948877398627566	0.20030334609289863
4.2452507104765065	0.2203268027042821
0.49372870951088965	0.02521677831650508
-12.382659912259339	0.013715214256341144
-9.364322963897946	0.19424525664278852
30.4255336394846	0.0033734813626580965
9.525089533681681	-0.0976544979633654
44.11329909244798	-0.8744235580678885
-31.185399439011118	0.1785999656483372
-1.8474051357466024	-0.019001542527479095
23.599695240097347	0.3374916272982411
27.81296093843541	-6.621507870996813
-13.067916644570454	-0.1768074895215325
8.8826255967817	-0.3647566515196168
24.559689320912092	0.012869157019385447
0.6448521502533148	-0.037525907714135914
33.84095314618219	0.17575875710121341
4.64615467917248	0.05531187679038459
-21.839460192905182	0.12983313992210238
-13.811174948796353	0.14667025778591503
-20.039902244107356	-0.11334347363938714
-10.26022430410942	0.3018612294633274
-0.4453787928948666	-0.5246433046470971
-3.820307397779863	2.4235125736054495
19.608548172888675	-0.23249086653826154
-2.5640226282117067	0.29565934572979513
-31.58631613474838	0.2834496372456104
-1.1973124562071158	-0.05757284577915372
30.882028599716058	-0.13050506773668386
-15.01130623751703	0.7741285094883524
-16.302450091088247	-0.8703074684157496
-1.3078842377640227	-0.1441649166335025
-3.9372024903942786	-0.050055450800417754
54.15045666012247	-0.12790539182974361
-9.787400033287877	-0.05690523968030528
43.53376150952308	0.6349967628492349
-4.68513702010341	0.2582497457193194
-0.7051447113566983	0.43445138685298884
6.2777807963062475	0.2262140721382205
5.885632138381237	-0.2109481462034717
9.582266039612145	-0.17823129620588726
8.166984226820453	0.029115465282544817
21.05285194387608	0.18731038089607954
-11.678475669550814	0.15672729829032878
5.9336242598250335	-0.14261515905429165
-1.7475435630925844	0.14982104408477387
-4.994602697529145	-0.005782066290233807
-1.9544736416791941	0.6903316050069795
0.08330658691369038	0.2586402470399498
1.6362322814802985	0.14869433470895288
-1.9395138471532234	-0.07925885357702024
-16.71785054015263	-0.129907512815893
16.20001310801369	-0.03237815447541349
12.994651604109512	0.4690094247328119
27.09037463467409	0.05594086601800671
17.776039725870294	-0.2055947901416445
-3.703926640042356	0.20798255426199164
14.641318926655167	-0.1887714615624329
1.8875845951489	-0.07849028970031065
-21.235366028201835	0.052429727814827805
47.26593659505216	0.06141219903362456
-5.62010137092796	0.1122748324680814
-3.551188391606885	-0.20292935390805195
14.716811255558142	0.404506018159636
3.9759069601979493	0.7187364571590551
-12.03472744022653	-1.2980203618934827
-14.596447001196607	0.02267849047953343
-1.7480878812255887	0.2366225207647477
13.00600866438427	0.20477115408442584
-7.762616530712047	-0.5813122449628908
-21.5015439741834	0.03512107854244048
48.04881159369292	-0.1860127179597372
-21.33256802121119	-1.284519911775696
-24.59403733368991	0.2326066987310221
11.692813075690056	0.05562645192480137
6.829078735027352	0.1153797833042755
-10.315097413079075	0.12373316824825435
10.68858113520429	-0.04717010876283994
10.393866357195256	-0.017646528066172413
-28.574854099186897	-0.7980012873823803
26.78780581276806	-0.11189323389335018
9.108166801090254	-0.04503401268316178
20.11836163302047	-0.5719521213102755
37.21044476530066	0.06800172988813002
-16.45155808995372	0.31830644900868943
15.844136466818508	-0.13298917722501527
-13.979954009203741	0.07671265080351182
4.433930762896421	-0.0996966108797756
-14.421957961527934	0.023189822166394335
12.804342675321607	-0.0697361137974813
12.096257889828543	0.04844024789631091
5.57826286899917	0.11409152532200337
9.682974595469677	0.23452500394005096
-23.496319312378905	7.395887553592784
38.1889871954869	0.3024346787980531
6.822428352666798	-0.23408163721001474
-26.056729970906602	-0.1537494441391835
13.207405332838736	0.3040867256125737
-15.374051195865388	0.09637359557025713
1.5637744680430226	-0.06470301866180903
-28.516469098518282	0.0578231822801888
-23.791127745775327	-0.06616849578458751
15.285535470806991	-0.0827422829519656
9.975354133014717	-0.14271939722669436
-12.633845068938873	2.5039501355477483
42.47698746835127	0.43467043310511433
-15.182007421437202	-0.06715280157105083
-27.747611287745432	-0.08251440633218436
20.62522576594888	0.12435787703504114
-40.436833724959534	-0.34786787526471247
17.943026163980534	0.19217170809295558
19.28319964624495	0.2853059520407808
-28.519466818203394	-0.010619072848506755
8.362056330212452	0.03670586910964009
-1.9624017685910509	-0.1048288636100981
-15.97544225179434	0.1090416649337574
-19.511246027243843	-0.05377086779201131
14.65452001029778	-0.0842401501543617
-6.340922498160471	-0.08566201912413691
-5.575577041800572	4.196456275611598
3.9686011725438832	0.1715855452870408
46.05864197063311	-0.04632157000713873
-3.3138458211315323	0.6923898982996098
-7.390509359938163	-0.10564081883565479
-9.959718796691389	-0.340676297615128
1.2073250994364466	-0.0203968463280913
38.62049874266182	-0.006759987021899465
-10.901930754981182	-0.2731929554386845
-14.367335805176344	-0.2558774346003056
-32.66009309011499	0.3148525551378323
11.447957999748692	1.4812862112267187
12.07348437803422	0.002320597594511511
-24.888588777194908	1.0431794720111374
30.925442308780234	-0.020324481479661833
-12.75617821964358	0.02719223669903766
32.33737019139834	0.023121285891906138
-0.7182160296626895	-0.10834754883990731
15.052227215311103	0.2467894463514679
8.047315432751665	-0.04488205169452362
16.595039031015087	-0.2835039346238822
-25.305050516903577	0.06792171018199011
-11.451666508441981	0.3119322108762263
36.78543868961963	-0.015870104899391783
-13.842020514042972	0.5130611934402426
34.04746299178225	0.11383498175787565
-24.28961848189231	-1.3422313111374453
11.812828644369391	-5.077407566278822
21.75281392984246	0.4472615060324761
-18.054962407968127	-0.11707363849957693
-11.343353977333962	0.3670784748758309
-1.4052904709831038	-2.1554639142418694
-11.944751512441544	1.2170021675405875
0.732821805616726	0.07399746584801642
15.503510695490311	-0.3069632799753634
-9.870862514401392	-0.6101712930550474
1.5129748617364036	-0.006555276098759156
-0.6245585718296492	-0.1264415038492798
-8.708373998066406	-0.3536887165119212
-7.225515504323405	0.42091550604329053
36.6079018782067	-0.3990876643452846
-17.032355854510943	0.13427004959235275
-8.394064583703123	-0.3286752112004517
25.561235301322334	-0.15967281960134438
3.506601004392968	-0.2854419358092255
28.82525768747557	-0.1483958934554526
-23.699941246283807	0.13560829794437723
-6.485001651419977	-1.5697658174113311
-19.67250987935465	-0.6506037324258055
-1.0954391478501393	-0.050741177530662235
-14.273767022274853	-0.834466814818692
25.075722244952196	-0.25892097339923986
20.657609846654555	0.3434177770856274
-33.21477241559767	-0.13692819839106682
-15.5748121007319	-0.0469909491980992
-0.9736474237286714	0.022463303181174375
5.27201768974998	0.17922798016198413
1.4666843741741473	0.07253390849606783
3.186051595436578	0.7317291402048024
-0.49761456070603993	0.1212834567778593
-3.4545617987278967	0.096770389363646
2.95906541852364	-0.06692559213225785
32.482462963027224	-0.05316883868250894
-19.90605060792852	0.031339914138832185
-29.312245612231823	0.11052666370300313
-2.017739915465093	0.11836990631870405
-13.779814696667101	-0.08374490608983864
-6.25717216435026	0.6336923689282511
-21.88304179051349	0.24559138508444547
37.44775821700111	-0.4910765473492888
2.098571497553199	0.1542865761060163
-7.862182353399397	0.059820169796793894
-18.803254043799576	-0.059124862962202686
16.25131635881226	-2.340220600596317
13.125672698696302	0.08875222524788559
-18.383867274854786	0.1475735140339974
16.907728542100948	-0.3711456260472294
5.104803522746155	0.028335643057691366
-15.360559760576596	-0.6197443769506044
41.36806854570218	0.051887015368803475
-20.569069513267852	-19.463326371813373
-5.267043735135041	-0.1926504788494376
-9.23162604793983	-14.292761075398905
5.534464825846892	1.5142731172011177
-26.09642362081683	-0.11657709732035203
5.125377098467621	-10.331893798198454
7.8656090430343335	0.1992741501073726
7.238589004128775	0.015437633713833296
-30.56014258978569	-0.06834794370431058
-5.5436877638363535	-0.19305132394088173
31.400086805727202	0.1196117361680325
-8.536888555141202	0.02968409908197944
-9.03864098257559	0.07511951112106958
1.2513439640132862	0.36492704575008683
4.01035456469441	1.4632255830948462
6.795866790028515	-0.27525087159887407
-25.816767675236818	0.09443005814952825
-3.0926079836052986	0.13197616978884552
11.65485994866732	0.09639857064345422
10.276728108551028	-0.03765887440187716
-2.9738116673844446	0.017132521414359787
2.8164529362782713	-0.05164580716133214
-18.843735052986602	0.008030358662998342
-3.6749875521282482	2.1387689891812385
-1.003861844554339	-0.16040907278100325
38.654383705194604	-1.6926764242011878
-36.514559135621234	-0.021408184156781085
4.225027301436248	-0.2738259246989141
-0.032327712664184806	55.087685596044395
31.359109376195775	-0.033745210081303635
15.944053152203901	0.010893610538154814
8.389988178883595	-0.14204271594302353
-14.173385087519554	0.0019605926556525185
-4.443923793907986	0.01905506419341934
-17.773910071472326	-0.04241130998742042
34.524628511855596	-23.356629730681
2.446184597050988	0.15050764289161417
21.417279137732525	-0.023582938692176342
-0.9210680673527721	-0.5887483636273775
17.395018115880347	0.15663277350266797
-16.50572129827282	1.4350223892480294
4.861024398989631	0.5967237876308938
8.267802697680374	0.16767945920361957
-16.361329994591106	-0.1741278924561248
10.362910471684993	-0.34320825174419195
26.08487129498163	0.16651812151987788
20.221031807241147	0.13140317549437427
21.288424393228823	-0.23541920328851026
4.512450405516571	0.40320742530182047
27.152643687040285	0.13348408331702938
24.67004389407993	0.11042592822475616
-14.221875666537878	-0.28583768320331426
0.41289924286000435	0.1825955267914397
22.127928006889483	-0.09808927550867257
38.599283273185954	0.6951556616904103
-6.033188912736604	-0.4564071029093409
-3.575477608880472	0.18954786600257775
1.2719664435914455	0.06986416810641531
17.32562582173184	-0.6048843506893692
