x1	x2	response	response+gaussian	response+slash
0.6903976884593206	4.10295587787596	29.80754811026082	18.087147306695584	30.260439712355154
2.4950588730456644	-2.923657956306418	-8.960279974513575	-19.683617474354065	-9.556083165820684
3.741515337935951	1.3603028605659109	6.632197763010669	-1.8282959311400404	6.351988411530273
-4.018064117553866	-2.3572574862239257	-13.14812081155846	0.03666145893675399	-13.993877951105828
4.214612437699783	-4.324129104463104	-25.344169604479063	-8.927450964274833	-24.907085571675218
1.9398352280933207	3.317428475320023	14.457341409349157	-11.489513367718716	14.54360344312745
-4.620245359508091	4.7916249136630285	35.11031419345705	27.128848397007612	35.2164987742411
2.9234403397081588	-3.7229344902534747	-20.003852315456726	-50.785266447768436	-19.957894114906374
0.6812160850576543	-0.08625113337256352	-0.5320613795282834	1.7235092438831427	-0.5784557606944819
-0.4493173097566423	-1.3608416208953242	0.5319523134478084	-5.71755298223821	0.8328608121465899
1.5062873447530967	-1.0366313058195384	-0.34311681065883537	0.9665818421525276	-0.5018359412603289
-1.94815374048917	0.2050230657488008	0.26867294559494015	30.412482809580148	0.3501973500335487
-3.4207291443118484	0.9453328209022782	-5.107659090120207	0.6284639584616389	-4.910572903943454
-2.5536674392727488	3.908494393687276	25.168290946294384	20.349301017169253	25.26685926547091
-2.857659061418516	2.317926397256846	2.099338347628668	-1.354505174023747	1.8767907075554906
-0.7949495991102058	-4.536405538786798	-41.44640629343882	-60.20971250149209	-41.554907968098185
2.368157383633057	0.9827194711708289	-0.22014675150959828	-33.21234781957266	-0.40000061514326535
4.570860296281273	1.7219668624023496	15.359715925161558	21.713981777714622	15.426195312103404
-3.7051800580436502	-2.687420973325402	-13.485195749819228	-9.83077238431957	-14.068292628477572
-1.4135519402011996	4.330955057449044	37.13593887268932	-2.876453063535301	37.108095802442335
0.981954437894105	4.497203649779873	40.18782241842857	46.4421607985027	39.89371273996899
-4.681541700242683	1.4257874049416195	-15.815938916587267	-13.695921289138546	-15.86701403763906
0.5574264546251069	2.409365988623893	4.06108709120321	4.309629017263391	-9.485911383123547
-4.231326543671319	0.294404239336882	-11.201958414907349	11.574011465895943	-10.589663153014683
-2.64262030960962	0.18137738038975293	-1.2266908018398115	-20.969078624482307	-1.1585973202458217
-1.4725279615912124	-1.7789557703427983	-0.20202021609015386	1.1638955674500837	-0.17754525842216637
4.457999094889814	2.7301165512682157	20.705833066524832	-2.9296042568471883	20.73113296529525
3.351759238887773	-2.9552177044266728	-5.770033125858132	-23.75259400107011	-5.716062592884506
-1.444396076063661	-4.4197044778240215	-37.905366802166846	-18.87663823013195	-37.921931507587246
-0.460989443803129	-0.6382065573692319	0.9496297172472279	-12.676324556571174	0.946969438153385
3.37237812693248	0.5094551258698505	3.855046819535815	10.875604887659378	7.347809687222405
4.221026339327141	0.7551896181503519	10.280389395493485	11.427605658347652	10.247533486362508
-3.451753354718411	1.7745239841546292	-3.754092907328432	-13.544458451173693	-4.081722025418603
0.515445314936037	2.9538596038053964	9.4447199318633	34.50488714057553	9.607835485964653
2.325112806973757	-1.021408978617938	0.677471798897467	-11.716828553553857	0.6095587282728956
1.8500197715836455	-2.598180447158697	-6.755036366234053	-12.950944374305738	-6.6213351067204815
-1.7621284636807175	-2.002124035241674	-1.3428211153407377	22.030720184794472	8.209379456894194
-3.2858910478352863	-2.6378453545953673	-10.349234140591857	-2.0521146782995174	-10.475290960845987
-3.5026789446518816	-4.187290826879483	-37.61346739490011	-22.25599272815093	-39.903279891046665
-2.4062014469138324	-0.6152807500489379	0.11873102903652999	21.688685419622544	0.0905954922330373
-0.2167093229202255	-1.4273420486918056	0.18805013317318875	23.535136876515207	0.1535415885807218
-1.0884927799922717	1.7343316066851822	1.7045816537642917	-28.460902578432098	0.37322641236151055
-3.2379834837853485	4.774770485763952	46.10210440581892	39.168471218373625	46.62024344314462
1.4178967571083376	-1.793712462577445	-1.9396166981242553	-17.108685700199786	-2.0262030463790754
4.799989789634502	-2.9547712261597683	7.3744696075913865	3.142106704755343	8.74048316751896
4.673354426317767	0.6485828217883682	15.227917016982124	1.3171772460802327	15.245414325257052
-3.9327884526353873	-3.3114638693717646	-23.07771143011808	-18.008905018359336	-23.005887834655844
-4.991735454134646	2.4653272202950935	-14.85789826881031	5.255306433684723	-14.978608282347054
-1.4940105285030123	4.904691585286342	54.916001762687294	48.9884245680594	55.24538528617488
3.66574959117016	-1.6066035929664269	5.719254769993077	27.454427626624707	5.619453506998009
4.987113511524878	3.373628535283169	35.64471483074017	36.94194168152592	35.80848840194851
-1.2924967131882092	2.9244592639848443	10.441865296503805	26.05793120598409	10.288727907472042
2.383453252035645	4.767527203369074	49.738342643746144	34.5313242766921	49.510906183061195
4.702799542178898	0.8870837391568642	15.560874842551424	37.297523568550545	15.464687380120223
-2.7382777589338145	0.6754391586252488	-1.8894993664582147	18.4726365924595	-1.8795907286480702
-3.7772920022194647	-1.0912844051693673	-6.560061048148565	-13.513136796513482	-6.537602298398708
-3.573645763264378	0.4109814591471377	-5.930393141293751	-18.356029469228172	-5.782031064134277
4.726006832260474	-4.255110687853616	-17.881137524873505	3.374351203276454	-17.811564745901283
-1.3548544740253488	-0.7772993676469087	1.399931436690053	-15.705753602687409	1.5558210389207987
3.5502278706584924	2.793120136043772	13.501441581556538	19.203455629308877	13.417327159285003
-1.4554853254027824	-1.4619789774589718	0.7383891913924172	-5.140675727637325	0.3359578881351655
2.410732205086318	3.5014957386835555	18.354824609224554	46.91253857725745	18.26416279088488
4.882939975454812	4.045529264139455	47.46160573623641	56.574672415784434	47.53014210879998
1.0626583427565928	1.8370710127089964	0.44017158744561957	-38.54548983480833	0.19599467026097628
3.194330288013962	-0.3433304697880546	3.6475919756309896	-5.7465625501828566	3.5576016164489292
1.5950447979846167	-4.503261363397078	-41.941806804197896	-29.278356530491735	-41.75712348165951
-2.8612032892741124	-3.313243995012838	-16.695901922539445	-50.437785039878406	-16.590893064892494
0.2033779242613809	-0.8766607190777274	0.33809345023696324	15.949049605207705	6.32118960714453
3.806490496668193	-2.0434659097191865	5.00120080540524	12.748863385452921	6.090012743995302
2.2262724152355577	-3.5676606764977112	-19.15675603383049	-16.254981136720865	-19.041888140405945
-4.309124262393354	-4.060646261291968	-41.110758598407315	-24.225630336724585	-41.311050331571636
-1.2660595057891433	-2.1405080261880616	-1.902970177501564	-0.5065043929519497	-2.0541125270616956
-3.9189898254166633	2.5653392791727967	-2.2430910091941683	-5.141939991247337	-2.3296537270074635
-0.9794353110082996	2.107472518607598	3.3641564119232603	14.429998731722488	3.292060902702034
-4.781889382881074	-4.157221078493683	-48.85343162460583	-78.7221133934624	-49.057070030054504
0.9796363478876655	-4.200444956953633	-33.64693727243138	-13.10254680567665	-33.81033580814223
1.7198813151559218	-4.93172420065232	-55.74513844388553	-78.1032352594198	-56.133126348467606
0.5307807902152852	-4.659021013319058	-46.4073183626529	-57.88757221222021	-46.58557228108891
-2.503212195754163	2.0710337159721917	1.7366361345847108	-3.7604241571311614	2.394358279686435
2.0185362098452178	-0.956270125466717	0.14540257358732944	-18.6401838164521	0.1703970425334071
4.667660615835548	0.672981881777007	15.150672096629453	24.540474519432777	14.299981378863457
3.8180162204977304	-4.411963476719932	-31.21518383144931	-46.67018547128326	-27.033177805088854
-0.17228093067494576	0.3452658279029741	-0.15342827228158534	-15.56451264661021	-0.1819634731660516
-2.7406721553247113	-3.026029462242157	-12.204947145479148	-3.6163868606077862	-11.871708266014998
4.430304113990658	2.9029642293992906	22.289906215283	26.272337242654444	17.982825753601873
2.4220790805544006	0.25910018473323326	0.16932724344332462	-6.613671614931395	-0.25055987165599747
0.014316662125430923	3.0037168841233424	10.532207170503414	45.03543137136995	10.862044717953795
1.353258958192085	2.58324222749296	5.178315138134235	-5.054896634504305	5.022603818929604
3.5425600427509547	4.202276659920004	38.251071961458635	59.54041798685499	38.039643391510594
-2.173772708478132	-1.7510732732402987	-0.8141152183313483	-11.611985003045282	-0.12768701397989823
1.2118835981170752	2.361831567833268	3.3696958056005144	15.792812594915555	3.566407695664571
2.885500864018697	4.956264555556096	57.83746204531864	74.13054157409499	57.96965779199014
-1.2457638207350827	-2.6657368303181297	-5.946733059670833	-31.119132678956337	-5.550867045312915
-2.888515161051226	-1.3165051743480074	-1.755930458616319	-31.146192608722853	-1.7385762899919994
2.4684332718372755	1.9953411063697377	2.516450491213975	-4.945745867170193	2.603886884187781
3.791240573280639	3.159559331782143	19.718531641827752	12.161649691079232	19.417678409496617
-1.994350647609613	4.957183353454733	56.35877347431126	60.54236987080617	55.30865265044618
1.9958415865675336	0.39263194813084645	-0.7681689499700435	-23.884131227298692	-0.8172575922363088
3.277349212240498	-0.4208686837457778	4.146658425806701	-27.49925989775605	4.0563895308374525
4.941819880211716	3.2986122288336723	33.8428217759724	35.39610880063167	33.9767087540834
-2.2374266922491373	-2.740470788449496	-7.552963766406641	14.14374238593626	-7.3277377078536015
-3.046343258605239	0.11616294556189466	-2.723175303883542	-2.0255808771504986	-3.2142927275790365
2.9621986633941813	-2.585288293861595	-3.818142097949731	-9.890763688992827	-3.9485126311549705
1.8462294739059812	2.9999604449317694	9.911874089449139	-16.543401019277084	9.923962197001664
-2.219004050063268	0.037846287223483266	-0.004080989991118056	16.467150059238456	-0.06350749224828633
-3.389427322083949	-0.048608984872419825	-4.349716824416017	-2.233789701209911	-4.244845718607913
-1.7859888220623898	-0.7209075102411617	1.1801920243760122	-28.710650652910026	0.4504471371201946
-3.0867283428680103	0.07602030398290616	-2.8710750692079046	8.862321177676373	-2.7728560952167918
2.8719983599880123	-1.9001260972914027	0.3358085282883918	-33.26537297691789	-0.13827502005121484
-4.890745490962816	-2.9502754609786077	-28.39549386592641	-38.71754147936603	-28.683627501921368
4.601336726229453	4.727889362274338	62.996058391739744	67.94014609477605	62.879517416799324
-2.7802954546794947	4.630466236632799	43.49288564911064	29.302403025545956	43.37258045716514
3.7370689176177763	1.375812593980478	6.627373792756103	32.86050957907625	6.803564160471991
2.641268146527704	1.0702614128334451	0.586695419871087	12.590703805193616	0.41653337052771505
0.3733939870605667	4.485460284393563	40.27383924977234	57.41732568520503	40.328951776726896
-0.7703177047826326	-3.638025886852767	-19.758135035412963	-18.58738454628859	-19.57313841441102
1.4441638087257527	3.620537014358776	19.267212857496986	-14.15823276225165	20.2438879291001
-3.159591710168803	-2.601855104264903	-9.353830672198312	-5.8617718250138156	-9.15007971799523
3.376620715154491	3.0548936061259298	15.522945723150055	9.670695018682341	15.588160760552919
4.410798052330746	1.324141489237908	12.588440897274554	-8.84067998212767	12.734824981453446
2.6148279182135514	-3.9104390085676344	-25.027007269289335	-10.051025011047109	-24.865092732560846
-0.7672124786536871	-3.364499418025122	-15.001431679765439	12.5283836373276	-14.904937500998113
4.404942886302512	-2.8193441276173212	4.303620153399821	14.764872056271846	4.049680659164318
2.192049307565137	4.899396916169396	53.81793091575025	63.69419877601193	53.401306051190325
4.892686867110342	1.071572336875536	18.075570684832087	31.866560093714483	18.19193362853187
-0.5609963160000913	3.3727718790546994	16.336548716052896	-13.326306456032356	17.165634683023956
2.8040690764318468	1.2967148424650956	1.3989779993455072	18.968971175517932	1.5186252945422012
-0.790967573322896	0.24471109978268402	0.4546129934020392	19.996869817477947	0.37711980975210957
4.763624119514629	2.6603450622043248	23.609582607686683	15.794679070388199	23.832694731826674
2.3236917273273487	-0.251740356709103	0.42944662581204174	-5.324054758679092	0.4946762207957644
2.6501277440293443	3.5929468852305835	20.67054455031445	21.72296616766989	21.576923296250616
-3.7183171608045296	3.966921836254004	20.682263048863625	-6.460977748010052	20.52501747663642
2.297955631994501	4.648846525540291	45.71502506157063	29.265309971926595	45.903282817513336
-4.212221833543164	1.8036864128671146	-9.604844567559685	-8.325657984000078	-3.6205547842803707
0.3229569269572874	-1.1673563885786322	0.05574592273437973	-8.044290536131793	-0.17152274411113957
-2.9301300398790286	3.2854872228579275	12.345696389183207	-14.823188056499678	12.424644984843232
-0.11508678576283149	-2.071652912075944	-2.259068996242786	-6.269416151086946	-2.499436706435054
-0.6012539461536646	-0.8564099304802797	1.1001306777810216	-22.696694873977393	0.9539755825139405
-3.2056400747356517	-3.4460700403154823	-20.398331493709872	-22.377926342552655	-21.013521401346946
4.852162660495784	1.4404760168153938	18.049195736176557	-6.765669400421608	18.14527609232115
4.529749893154042	2.2753495807285073	17.67374444827808	-3.6407385328451944	17.388577007652593
-3.4457716153474593	0.9063655063176181	-5.270869956178663	-4.954324058409047	-5.305452613304029
0.45163879070829527	-4.212093264877042	-33.58603071615617	-16.12190326403576	-33.38899842870632
-3.626925118301388	0.6036112051175806	-6.4088638175435	-3.200005224380878	-6.38145663636177
-4.216218943064644	-0.09085391179182345	-10.683227161976191	28.548126387251166	-11.194176222416118
-4.625765219157589	3.5547623364267995	3.7344363645100263	-41.58981617651481	3.8681333721308304
-1.2232795388078266	-0.07367353585513126	0.9306468931007668	30.96150123537271	1.245910042706523
4.204105942957032	4.0501779680862615	39.82625726186889	47.80223225566092	39.93056251855698
3.8776716165225764	0.7028191232172869	7.254285240546119	8.425851119547547	7.343968221904482
-3.9826672723120025	-1.5063443443004254	-8.854317026210541	-17.349946043710716	-8.419335961836241
-0.29881673698874245	-2.128378698601774	-2.398914292729495	11.88338998984859	-2.378984698132632
1.5638872976011466	1.849606660637746	0.5152730973030986	-7.719545681303752	0.18542409721492803
-4.871717113513258	1.4304971588245525	-18.219855037113597	-5.026998022138967	-18.16588764025363
4.616088282260886	0.02289707441494837	15.033192688537024	22.75626828974105	15.13344168686619
-4.042497432079802	0.10208998991270413	-9.271385722679328	-24.497747044751478	-9.296927251096939
-3.957252767187771	-3.1674525670651654	-21.15843019098812	-21.29642264851226	-22.244863926148597
4.1893914344377965	3.933676303945031	37.017012987128155	41.81504147593483	37.54216329138749
-3.472915825194293	-3.366937192507317	-20.62186269215165	-29.35283685547072	-21.234148944594015
-1.7531788327507192	0.7850583634047563	0.132316011510216	-11.226561044922365	0.1473314357080368
1.1770095152213038	0.09224435767911121	-0.9427470625968052	15.094226585331693	-0.9352806572723573
-4.78340647355278	-0.41057602832424767	-16.730426618372604	-28.24160982622241	-15.573397507263019
4.090823724381922	1.1519092422571697	9.21335335565306	48.50231712703086	10.078505300793221
-4.456435285298822	-0.42917267909191104	-12.854712987362271	-35.070877030208536	-12.726095083243147
-2.681667514777616	-2.2219737927313634	-4.43844405671229	-13.399887965079486	-4.133266691033127
-3.4832951900941964	-0.0367265772709926	-4.932807723110223	-28.909084830650787	-4.838660341958223
-3.4031632239801968	-2.2506496856179736	-7.929195105327127	-18.19373097990116	-7.808229487029631
3.3572062354351413	-0.7997816331572594	4.754487612778286	-35.84495326581637	4.583112194727921
-4.25659308796471	3.438721375544313	5.724287558221345	19.769295328071756	7.8089752605308185
-4.248028829021104	-3.9703765319718864	-38.40765604849302	-47.06171534119887	-38.648330237941444
2.649297049355301	-3.6912351985884175	-20.386038774723307	-16.829828214780267	-20.10425339866903
3.271498637459734	-2.4414691297975732	-1.1037734500720893	-29.062232448639712	-1.2299416742040112
2.4493232102020803	2.673813863832586	7.373573904280129	27.136574756184565	7.4421785988021005
-4.730598772355218	0.8424563106788296	-16.985700351490777	-19.144206453574096	-17.027834158333707
-2.3715352036903017	-2.827547292632435	-8.771659104733587	-36.24095460563962	-8.880284614304012
-0.41851369900738433	-4.691277746439551	-46.52789354481575	-60.352205041561035	-46.983503568188986
0.5799177613843467	-0.6498489702425942	-0.028279794959716664	8.22810382037615	0.0074564572992981346
-0.3744669572827011	3.039183415538705	11.360696798269213	-2.7454405836097724	11.201101334050923
1.4432679575748821	1.769048028273252	0.15710116768539262	-23.816448502625924	0.12663905275446813
1.348605964629157	2.7366245950215715	6.6527686580823415	13.179775087056314	6.553125346935853
2.92841602019697	-4.85798586742955	-50.372131388665785	-44.48430152148957	-48.95300824133569
-0.12305247050491541	1.0604367824401049	-0.3415125053294943	15.572075142574311	-0.17383122161790157
4.270332809743705	-2.8692991118784708	2.362210141399199	16.55934133320585	2.2958310127769312
0.6941907406932524	1.9410110144885495	1.0881070134875004	9.520037437139326	1.1101146704591405
-1.5383207577808422	-3.3476329326617127	-14.599981248324593	3.4103113541729613	-14.55982354115508
1.706843295106947	0.4686115624814491	-1.1294879535161717	-3.7269041285431896	-1.4673337056814495
0.47477751636365184	4.807845201310029	50.30635509113054	28.02284333065633	50.56416634919123
0.6516918744546256	3.001321080539743	9.920184494581138	10.609995989936316	10.552154220730435
-0.6886272635642303	-3.1269060507935342	-11.536503891088099	11.695621910799243	-11.585532887793342
-3.042018703623585	-0.752020892924044	-2.0487014960826047	-46.471775447084646	-2.06400637746764
3.408080543328772	-2.8106410348888913	-3.782074297782132	21.17021349446085	-3.8883683605318144
-1.6020735083494286	-4.744138186963816	-47.86397382817309	-42.013160221082664	-47.21194730257271
-2.822636551174764	0.24203833237600225	-1.9100576804971365	45.92736140380318	-1.4737945710621752
0.6423153198736671	-1.530821599170796	-0.8521688184057226	-13.703371093377063	-0.39727041773370725
-3.7216622755828412	-3.264063905085328	-20.7117046583018	-48.86712054261254	-20.660048132488694
2.1836681096648007	-2.676707003786114	-7.01341985251637	4.9923828578221725	-7.078527997335693
0.5886629167019208	3.054656438645784	10.648864342145336	-1.1171713253171678	10.510748627564874
-2.0023810293421205	-1.799100918023898	-0.7158719726891354	4.904925566437981	-0.7767168808524874
-3.21178177624465	-3.865525254856786	-28.428838019824504	-33.37238964914169	-28.120361943116457
2.7838891253767972	2.0002131538623367	3.5322264509395485	-37.22841787572543	3.5658653854541096
-3.032773842755927	3.4880977016970007	15.185295090268774	-26.034082704625312	15.499088379754967
-1.338576532255348	1.051571973569847	0.3887317625756762	-1.450657458034382	0.48655188422692824
-4.264065701395971	-0.11869770482419995	-11.12413986590362	-11.677590507388603	-11.192891015477382
2.7879695963427595	4.667655124862382	47.725538348224376	34.96544934383848	47.01081761395222
-4.060080226899628	-2.0044755195675124	-11.347834179139767	-22.419517068721436	-11.120193153238905
-2.4674250808552003	-1.7761260038400506	-1.5623822310626778	-17.439991121167495	-1.2733518233303913
2.274535630787086	0.3020427627442226	-0.20933310972056862	13.226358255958221	-0.21715603041832976
-0.44981496990556913	-3.660694718995545	-20.435602755680954	-33.150989081989124	-20.500268750066056
2.843970211035244	3.3284826829251593	16.865839990491047	31.68253642456473	16.468348838545253
4.390729770351706	-4.5351347522029775	-29.56432361818893	-25.567665951155654	-29.073108418556995
1.0248417145480504	3.5159446634696607	17.4063119208164	7.5888760154423185	16.47711372983246
0.12078354940915936	4.984260317249376	56.806926526803004	55.75119748711317	55.2191402380753
3.8712085112440295	-4.054861939985147	-21.548190845416784	8.219057464664811	-20.670475767939116
-3.155906402649337	-1.205433015253389	-2.800853850159929	44.004309823033054	-2.7944706572024987
-1.262676409303376	3.352478431764384	16.347007592915972	-2.1786209935780043	16.337063254289934
-1.0220323929709196	1.257130515452043	0.5447592067450137	-6.945912459670528	0.46979575030169873
-3.2035814655095707	3.0621881964742155	7.922828185971158	1.2164450474647683	7.182552596579477
3.675722459568023	2.395795234011678	10.73670662608861	12.000565355246543	11.463512974771811
0.6982501284628526	3.728015684819745	21.547990167911507	26.665680564684717	21.82094692494253
1.8810909902118311	-2.7316932355284895	-8.010297929916291	18.222983006604498	-8.295468514172207
3.735106569319232	2.108263990207507	9.263721242557192	-16.078641655296185	9.611378217366974
-1.8413057064864269	3.548062272818923	19.377515571519805	34.32809879247064	19.494024623750605
-0.42459290981635966	2.4904063739449462	5.641781942499078	-15.535235789979788	5.9203846160059985
1.6653841279222705	-0.47280132693412824	-0.3216380582637228	6.416047252446924	-0.14467389220908616
4.8760010201303245	-2.1633668939054918	15.410679483418122	6.11123188986706	15.331928917823687
3.4104663587843085	1.988356012302762	6.465338025671567	-10.57380987134199	6.5185869552598765
1.898706042884272	2.2392621561701347	2.845191519357619	-1.4811101131079507	2.611406425743644
4.298520452704398	-0.30874005909167135	11.880496539134644	22.703405885210227	12.015746433446944
4.633596576594082	-1.1449826677017305	15.657723378123576	-2.540032881951662	16.038512684193698
4.3567285268629945	3.5816145124311536	31.573150869592347	8.534915556490418	31.73214360471482
-0.12900827559132555	-3.87023953424362	-24.986864664297084	-43.436472365257316	-24.889639922030675
-3.980663840509304	-0.7463872800345825	-8.096121558557464	12.240549827151984	-8.0599489223026
4.1660546199321615	-2.169662556763987	7.35805258812398	0.7364017830379073	7.33280974134383
3.375066710746159	0.6837032067154958	3.7901564503911436	-2.5481217435085988	4.219894995283676
-1.2956360404143696	-0.832217240573315	1.404672686586835	-35.8375638941189	1.5602373766175022
4.879015144812598	-3.197916966245532	5.195661395646145	-12.76420707384942	5.35749651609246
-3.296227447089678	2.1261963794447833	-1.1867875134723	7.702605454571884	-1.0216837153253373
-0.8112508684386723	4.079710052092018	30.576176069866907	35.595867571709356	30.387651275137078
2.177322361555632	-1.9958037259400152	-2.0919731316336643	-14.85717134528678	-2.2181735129098348
2.50505288427963	-1.0175413858077818	1.129698813057903	2.4770767807872285	1.2087406355904642
4.633934777642702	4.130914274035382	46.382268731686324	54.05868898944075	46.14317496386399
1.080944877330782	3.8803711744059086	24.50520670372717	35.71436951942566	24.626560894841493
1.6080517763907176	4.736095974411938	47.60423132875487	75.19537005646464	47.530562341516465
4.408311106296733	-1.2012152746754632	13.059800797983666	6.744375504358665	13.169248230787472
-0.2136428115096436	3.0339290416926055	11.141005400807762	31.667645266390622	11.223431017843174
2.999692739953841	-0.7405609788640923	2.936136067149694	7.450613143535905	2.816342695289804
-4.060845454536359	2.7228158060870538	-1.9619119233941245	-3.708884801007148	-0.9451299242526874
-0.3465245447346321	-2.6164932740540205	-6.0016092151711	-24.102868752708478	-5.878444560529063
0.8659390217405694	2.3083718130844053	3.1057265389309725	37.194658088575515	3.1789862968163463
4.623926432803701	-0.5851965688777172	15.633621142572087	17.310108673224356	15.243105778008003
3.129148363262562	4.9245222805414475	57.78628125051365	62.24880660482068	57.33539947159814
3.2132295668598854	-2.129724389048616	0.7217906715326974	1.1092951686922543	0.8506358747741122
4.477032811762628	-0.3423667596820712	13.792639155972067	-25.334951078528533	13.916710897080636
-1.0391256014717398	0.6361827738364925	0.3072776571457251	-24.587287503773286	0.6275210238857705
-4.453962183235638	-2.2287941596657044	-16.524380843531564	-43.206263093522495	-16.742383437841465
-3.1735441140204426	2.502225655957254	2.112307396099731	-0.5125039965558646	2.3006028355521706
-1.3149546732488693	-1.3162699691891069	1.0362227803861657	-31.631440654601715	0.8555097350033587
-1.454857529880699	-3.1378062946896925	-11.470360576007149	-25.156771191358192	-11.640259772532335
4.558273392173801	-3.9301227055397647	-12.037992117613289	-19.517722338077952	-13.357838761012973
-3.319219997270957	-3.3914605635403405	-20.107333512292676	-10.754268162584303	-19.248250829525723
0.5605843315718175	4.035287511698854	28.293754921141087	39.22837001875554	28.29979681225084
4.809794540101448	3.609611999396945	37.35002627905395	-3.941790567563146	37.759185613320554
2.0184117720886396	-3.0422126203160706	-11.409529416070388	0.9765975222109962	-11.301423318836092
-1.260234217710332	-4.417890132392955	-37.8358186805395	-42.50694808262738	-34.157569953178
1.6514598039900772	4.292947954675807	34.51463605623513	20.6460032461808	34.05174174579155
-2.3002572953450895	-2.3423582813387442	-4.217442205440506	-13.062450211906961	3.823275634853818
-1.165210951770388	3.4094781533194247	17.25613732171958	-4.279463407108317	17.26497820733104
-4.964922308494794	3.4911155044301623	-1.7290490763194573	19.26550874723408	-2.9544125774023637
-2.1721448776506525	-0.6499825913493407	0.6350974009906927	-0.10130175409009534	0.807284591943691
-4.902241315237829	-2.630002490526484	-25.12560869298447	-26.16486794958728	-25.04460609834327
3.3265161279411792	0.30547898346326363	3.7443103989409945	1.2902309708158923	3.5213125733823016
-3.25607934721736	4.45731763102042	36.172817948668275	46.31836096147892	35.9880501952568
2.4459796076944027	1.5461656129944092	0.7827775668592629	-1.5238046708897284	-0.30923063797918826
4.1334214929655015	1.0376204893535306	9.511582780720836	-30.231504722896894	9.670980574069711
4.557116229746416	-1.4295373778476739	14.33954378218916	-10.476810499640845	14.875812984848915
2.372071816474789	0.43389440992337036	-0.09572378274809434	-1.978428359176949	0.04428123880943305
4.275514585645478	2.311990025127023	15.222935753688827	16.33157735548055	15.298391601228712
-1.054690204935811	3.1248340757615054	12.951573339931413	-11.017997491644477	16.324764780716574
-1.657890500668958	-4.61132937431751	-43.67063670902145	-47.77852074330561	-43.42117676445783
1.8628143588278858	1.5156235259651032	-0.3448353877379433	25.631209264038766	2.1053888499777917
4.136166809709806	-1.417744072484374	10.008951384896474	38.2725637184219	10.092453965278345
1.9667563940299857	0.8017555305166297	-0.9892887515532109	40.047134971415346	-0.9502933275194767
-3.874138711521357	1.0044209998558546	-8.252972856197804	-9.814658250336553	-8.154236774450869
-0.0479123778448205	-2.5857743099481967	-6.010874617149587	-50.87608924564627	-6.319325345709645
-3.311360898343457	-4.264374191498611	-38.45973479352624	-32.944436581490834	-38.62303697368133
-1.694527683105851	-4.354224097966667	-36.200839437780566	-51.5906599727985	-36.52871671853466
-0.5769945386743611	-4.8844870776719045	-52.84450631815903	-67.45288656722597	-52.99656123334993
4.5901666100460705	1.23168244881699	14.455029701976672	-5.06347335114779	14.65278218995903
-3.674664894620301	-3.6813084533513596	-27.51255063971163	-23.74584150860656	-28.228065073489198
-4.712641695586371	-2.105082491460574	-18.779082038045413	-19.79847466419631	-19.206257578696587
-4.980244082303246	-1.6326614859027577	-20.267922794506568	-14.921271579788584	-20.437718517114984
-1.2498201356403547	-0.8356614950116441	1.4032414272294695	-29.168096800072227	1.6227939525805757
-1.3938948958513828	-3.687880759727664	-20.538321677871558	-35.795830433051925	-20.572973618336068
1.7348100666826927	3.135886338331872	11.592321743265023	24.678738660931906	11.823876561219972
-1.3695826746394757	-3.044484307258417	-10.209220797585381	-9.507685295889694	-10.160517949629153
-3.556216122287289	2.270605645133208	-1.8560260908392037	-15.233594761215844	-0.5171270569399982
1.1843498721764325	3.196722521517369	12.284890950177722	35.142431016056605	12.317634816353836
4.049836073073003	3.809626945612461	33.069997112896395	56.09363670257546	33.25498704817745
-2.7955903334240984	0.8448531970350786	-2.1174340844223383	2.4889217622333466	-2.081997650880358
-3.735699986526825	-1.06492591618815	-6.229901031829346	-41.93372465184213	-5.675799326928877
0.6687942042718102	2.577273526093621	5.37332269151231	25.84481994014929	5.830337650078758
-1.3277046427444619	0.4171972924649383	0.47871924410834876	9.716881256360889	0.5737903583375961
2.579117218240466	-1.387538407969421	0.9039110433295914	19.81638241631095	0.9106938998188105
-1.7223679875369569	-0.8381489224872478	1.2442211142063333	5.12490256673231	1.5136551792730955
4.366239122383172	2.621866836499599	18.67112882262878	-8.266614629506304	18.62679732632172
2.983571050949328	-0.1912286609667042	2.515929773778491	20.74510649702681	2.5850940942308402
1.6738750063893928	4.422823206884372	38.09952345137169	82.87736253953088	38.15098235238372
2.5812741562012196	4.329931946846607	37.11804223393456	47.511577248335264	36.711736351758695
-1.6493886681593306	-1.925352567516303	-0.8913096696594827	8.143267450252278	-0.8031173533121708
-0.774009222065124	0.4385846717943922	0.2848665799536292	9.689013222436774	0.7031577634344143
0.9204073031633788	-4.857369283306992	-53.20956721201008	-56.409297021964605	-58.12813716290419
0.35172108783881484	-1.456576267097903	-0.4315893051313582	-20.591403251563758	-0.6024333309110557
-4.196382340493612	-1.9002856842085736	-12.113722850618137	30.835419133928205	-11.956691435575028
-1.4916935817724086	-3.0313644831612385	-10.068652991160313	-66.23740657977748	-10.715882290463034
-4.874974976987211	-1.8967900716808317	-19.811510102628656	-3.0458044482037323	-19.799476817800304
0.7005956936106497	0.20942670074635217	-0.8366544316639775	13.312042901369137	-0.603463142395412
2.0723165646329447	4.714015089778616	47.3708555184933	41.667715208095565	47.72980786679859
4.467545193512979	-0.8960473717432924	13.902294774236395	13.865434735413928	13.913622637770965
3.4579033662845813	2.518338493134282	10.278742011451218	0.09249535377136553	10.254346295112926
-0.8401964127359278	4.976391159258032	57.36402350360557	31.324250490906543	57.400344823511766
-4.611074891028788	1.0670414473053818	-15.456657502114073	-34.60200385204409	-15.635397136070422
-1.3424523615230677	2.0422430690957523	3.075191114073755	11.515398200937199	3.0616591046845087
-2.2352575308600766	0.06527051871917777	-0.06351147249745992	23.661520907318145	0.030045474383501067
-3.883971113344776	3.6657596531534313	13.129951931762395	5.311292544382883	13.027351104977107
4.698166249864146	1.3251380907760266	15.880465870298602	44.40984428351131	15.98894297635503
2.234499417243888	-1.5792670603914996	-0.393279467254539	25.078774034702285	-0.4320589584323581
0.8961314393735966	2.6367852844556285	5.777316211048398	-5.323444170537473	5.517702677145443
-3.9851157791835656	1.3297087926438946	-8.826689536073996	14.866182745649102	-9.198934921457052
-1.462525678673198	-3.58175937432485	-18.556573872926165	-0.5767248697979248	-18.345035938464687
1.0097759023174655	4.143011909588598	30.6095979939679	28.638481261082653	30.547494309065257
-4.7500767690511205	-2.227935256862159	-19.9867983660707	-16.5695047216128	-19.594839759838834
0.6550249628191036	-3.9321992979208833	-27.066825887447905	-28.205907084236568	-27.153687329325624
1.4153696018198225	2.406849661552873	3.716204684028459	3.752482834104871	3.7224452605371225
3.4404064007305326	2.968696323147367	14.81709459300715	21.337076403531306	14.576221819835574
4.221935744929981	4.774219727170276	60.46463761472978	62.67006386322082	60.3905932217339
2.3925432344389677	-1.2646400823634463	0.5999276175688637	15.141960945183655	0.8845709040868625
-3.3666869463118787	0.7270598655591449	-4.800202338009987	-28.589291764025376	-4.700512112184681
3.6274740390728866	-2.751278788811801	-1.7426730647717132	-17.13116215986333	-1.414573701813495
1.7602907074450735	-2.9777268077346317	-10.89320712076142	-28.19583957141421	-10.963797563055573
-4.424048396557727	-2.8236152531639904	-21.326076304099985	-36.78081109409293	-21.357631169849952
-3.0036431731621827	2.0714511279742016	-0.043300043101851315	-7.245648050779469	-0.049342360626265944
3.892763333004112	4.689075458390599	54.76639790250262	70.82545715358994	54.689457493367485
-2.281299279527016	-1.5145866608440706	-0.3158495404150359	14.827934133842966	-0.5022300867150902
-2.9679288000640716	1.11380765334098	-2.683662405870704	-3.653092431397929	-3.3219419625519855
-2.6421011450916545	-1.8363430659493307	-2.3065155799775097	-27.47151394009223	-2.3349934455171537
4.003965119926287	3.5257911305132392	27.223259455296393	-17.49841128850344	27.230605153099496
-0.7959770348734496	4.9473299381248275	56.29338979831319	38.978870403812685	56.48178111600043
-1.0768657528940584	-3.670081924331682	-20.219894293647066	-38.56890329267455	-20.10050007412181
-4.556140702818853	-1.815577459461779	-15.53630008509848	18.613049349052822	-16.52191768091013
-3.381243382628826	0.9940008362988904	-4.853122798204948	7.927228559351516	-4.8783618367551185
0.6133837692437911	2.948447814453824	9.300260592154475	-5.805356118953782	9.223423374220104
-0.20458300061410029	-0.7302424505979506	0.7384105522185767	13.860958863455288	-0.41540122341547137
-0.09841441014004193	-0.8930357485898446	0.6351557804929118	-5.182294527223389	0.06717301643582207
1.018062933015294	2.473874949354437	4.289224996148689	24.068681370481652	4.138714825978017
-2.443806214441373	1.9538652316586882	1.300494098907257	-3.073970328554581	1.038396794355228
2.1397104756766367	-4.299699234949673	-35.62589674123625	-46.14123571980014	-35.63614851411213
-2.981196512564944	1.6994436577615293	-1.5632543658470022	35.43600425825306	-1.3908318702648281
-0.3011816895818722	1.196250254608879	-0.04460679528843803	-39.51508113303521	1.4300400357669871
2.3563622390932135	-2.245184026510134	-3.153284231603469	-48.310008793155916	-3.2093306093401393
-2.7160519646031602	-0.44176376906256287	-0.8925200593966283	-16.101115860449166	-0.8076932726275199
0.05792301843486225	-3.5476322361308377	-18.834959645776664	-20.88579007757192	-18.948276158668456
4.8965351500304415	0.8907644524257137	18.046014620338276	-22.322400163186146	18.396623984226725
1.3300241040849672	-2.388537808986415	-5.284372203248414	1.5846818485005985	-6.347240665896335
0.9382956203638386	0.6191578635898773	-1.2735595570851523	20.47955669694507	-0.7699619074070143
-2.3489851263678774	-3.8112707630877996	-24.11280729472893	-23.826961454017113	-23.715036310364024
4.607996332853116	-3.7406915424983467	-7.469730980912686	-17.20026693683267	-7.74276276734307
-3.4659081271599956	0.1448339100262288	-5.004264249528617	-14.185224952690442	-4.644941954211621
-4.786977109279529	2.1209793123632616	-14.502192573119583	-23.230080961516002	-14.55171259119574
0.20076756661834771	4.614697478826118	44.32214352192779	52.609057086449766	44.426254199057155
0.18438045091541255	-1.3423930231796586	-0.05024266848687309	28.928500088879176	0.07939175068369902
-2.819053105586853	-4.514274233110273	-43.14476635093904	-18.105261549067972	-42.65198687851044
-4.570537059447599	1.9743858425419596	-12.651103125816942	16.09726476968745	-12.378581942206141
-4.2672621699242805	2.5686751303178728	-5.368200293319528	8.14975054883584	-3.7310927593750196
0.06513629151692601	-3.1322574924573274	-12.298170602368799	-13.42953748232095	-12.358183870481392
-1.5854221523130931	3.6883656014421327	22.188382813346884	18.01913292794555	22.12409153932083
2.544376958766642	3.693133572001459	22.242633924405332	5.844414491751323	22.224217348606906
-0.8557914635321477	-3.773469816025524	-22.361450291910167	-17.48595605995949	-22.42534872658457
-3.2770847891733346	-4.655565345287279	-49.55909282409732	-48.33928771222127	-49.31182023169885
-2.3565145754310857	1.9166640594607731	1.3431591897271122	25.452759508960547	0.9140333149171505
4.50803412857886	-4.322989933898507	-22.25679610746398	-49.60287508269724	-22.224522216758583
1.2949648928450745	4.020818241986859	27.6207737299657	58.125027976741585	27.454833191979148
-3.6101238208383837	4.8178856628299105	45.298528363588204	2.0951873943908126	45.212735276310795
1.1256586272118385	3.4108613979541076	15.589684965746041	-19.872641057384843	15.473272895344625
2.3763193313841304	-0.01972981628074688	0.3271711128444976	-10.45703043276746	0.24206445270709254
-3.1146970250318073	1.5318060639968003	-2.663316773204788	6.649155075714298	-2.6731420935729684
3.6356757843226806	2.6360069668928796	12.49788073639206	2.2811310687023365	12.430271532016517
-3.999057425460867	3.742381912358363	13.672541787657462	-1.9717555604187549	13.816978337635517
-0.5028165067871413	4.198355293132053	33.27953444928727	32.75050333923936	33.19928232679725
2.5665806798941784	-3.8918910710680024	-24.768182733540975	-30.45141584428103	-24.662208608977576
-4.632546122508948	2.7288374334482572	-7.8194100119825976	8.044548550236698	-7.562037818114128
-4.5338977465948265	2.3647076340609203	-9.859241790187978	-13.74883892373661	-9.905248360222714
4.591744296669159	2.605713103420034	21.011174446369107	35.921833588348974	14.38731956925509
-0.770373422161974	-4.525243839913246	-41.12941337157154	-70.71150199039985	-40.72334318645648
1.3221309478590104	-2.4220334673721275	-5.5419947156918	-2.2782560909892298	-5.642653626428257
-2.7120966237281885	-0.03191254572642421	-1.2457551186402989	23.160399737150925	-0.749343161127323
2.0503554493146856	-4.822471460221722	-51.5802176661403	-40.30880510571949	-51.50861307828911
4.916316816960034	-2.913505717424721	9.397163259442392	33.80353158100437	9.502863696524102
0.6213258988414321	-2.926225323670458	-10.175461781050977	-16.461908921369414	-10.186288387123708
-1.6504852937758772	4.645889224858328	46.24448058721678	86.7165528889804	45.56356362261618
-4.736046949040945	-4.371823275573014	-53.917146325453274	-58.90833104676118	-54.16969000772552
-2.7003658537175443	-2.5158564219745996	-6.684076982626545	8.371557382196583	-6.697171411162852
-3.540791550603145	1.6433047830888272	-4.762007298650283	-14.02519642251628	-4.992943699913617
0.42555010548093897	2.380411364657861	3.953583154848415	15.13874175935356	3.642482831323211
1.3109921099192547	2.099214377467792	1.665739073249144	-20.137765215382856	1.9945397886031382
-2.8224796720281553	3.411816537064224	14.771279215352173	8.501122382628811	14.626816299685085
3.4936001232166234	-0.4684261969759902	5.4514811750613426	27.897416723460886	5.687250788940683
4.88106100121643	-0.1440351253054004	18.51949800006361	55.013549722816634	18.634667459823586
-2.179711022227653	-3.370282057339943	-15.66241127455159	-2.2894938224930463	-16.095933187658215
-3.074164964384413	-1.04718356684491	-2.263291965823642	-27.317659328268732	-2.574282524244252
-4.989367240601287	0.6191423612210247	-20.351952486716993	-41.83803073123299	-20.28714751956536
-3.5102102982612693	0.10703744791316616	-5.246478815320723	-33.30424434343395	-3.999777841029802
-4.669924325387688	2.0417833368548557	-13.48440736297473	-37.825874266301206	-14.0177743442298
0.35573422336244587	-4.557978536400615	-43.13513796677299	-31.562274005395913	-43.133104338745724
-0.5667190339436212	1.658748496225777	1.1535467880752979	-32.22996775316533	1.4037101775652217
-0.9330001552227154	4.009354525637807	28.986246368613852	53.204489156111165	28.73496220862255
0.9635865682010882	-2.625999380050459	-7.212928116170221	-26.293053760953438	-4.306252525723853
2.9207791999105046	3.4125736498379773	18.520886451282347	16.18132868992858	18.51669194943649
-1.7559232200740524	0.3138225344234673	0.3747582291758984	-8.042255326898218	0.5149483050652641
-1.8878065576505354	3.121646825751233	12.6303245808175	22.317969152559613	20.65572102912394
1.7414821124259818	-4.504287699881308	-41.87375799024224	-72.24071849913828	-40.89090858224513
3.7190905097993916	-1.6653194494309265	5.925242906285666	12.968187074673308	5.983715486375185
-0.10767518393093312	-2.1183035469528253	-2.5269072867397293	36.06069025631172	-2.368886857173526
-1.842971356710248	1.8859397163071208	2.0590107878159585	2.723134404597979	2.1925092658364935
-1.6485701150639267	-0.9651279270427962	1.2681119561287764	33.52571750039176	1.3024979837367086
3.2358570364263137	4.404343391881801	41.85443967049193	18.837280300940133	42.18333747707613
-3.2438759899346348	3.0843141182650573	8.0032049026482	8.029222779120964	7.877886485950113
