1.8930142598820332	-9.513388616222102
10.56723485901514	0.47089676898812594
-37.77508332251903	2.159404078792137
4.798822785331884	2.7575723386606725
11.617979234406558	64.1337589899902
32.52819313749871	2.2906702862801
-42.222813665462155	0.8203806004283115
-17.964138825252657	0.12722372883879465
-28.537732462157596	-0.40996563097050903
-48.88374495482619	-0.06378573323170338
5.296993509500012	0.3064933021667928
-4.11533694970222	-2.359362867203683
-27.586046540606883	-40.72762292737448
69.41562303996172	-1.0088931631226754
-13.09195836432963	0.516058566397744
-18.477265743124224	0.7647506923804711
-1.5655032414701018	0.2549533377195011
-12.650063859071262	-2.6028946576293244
32.15061272812797	12.345911390360362
46.34083040212218	15.778292509798607
-12.002499655747508	0.33861470808520105
51.3992764661153	-38.445196940362564
-23.724246789203395	-0.7980371000788351
-25.485483102299842	-0.7184327112421351
9.478457528088617	-0.47780505605403245
20.99072691447243	0.9216888841855752
22.41276386449449	0.8802327920216934
-20.61736342126699	1.666752572303058
-10.383363442088067	1.2107409708143302
64.3028199155873	-0.28796175560404347
-10.995965849995516	-1.8863866299830079
-4.3896202938661	11.584377118676938
-9.929576611604253	-0.17904239908158529
-7.212478392892018	0.9672223627991602
-24.824516538855196	-4.285391887500518
-67.89075997004595	-2.097162879879407
-5.522687032624166	0.7384554413810905
-4.288846955000433	1.726228335457645
-29.63409322860628	0.13774384535022996
-9.952859026574458	0.009966916752192379
-59.18400134940439	2.29390931195357
-49.857472603631706	0.41273165323479927
-29.06299080399022	0.5264379608966023
-7.394023992272337	-4.429890162134941
42.33716475428584	-1.0469728683304018
-19.599750375592908	0.7156077181157718
-1.7047701695287862	0.3999439656636053
-16.133382725330126	0.20085439472305064
-52.32212513371439	-0.8844620121843109
-6.174335045252942	-2.574541210297901
-45.89531148712856	-0.6742410487544489
26.762650189623137	0.5968247260105675
84.49399001619939	1.0070522176154808
-6.754073011357262	0.3289020098636058
1.7357464169029806	1.0176714849582404
-37.02228192575836	0.583684721854979
4.204395766031419	1.1905735258492227
30.512974262118476	0.29940967974416155
-17.534521782550257	0.8048286320532292
-90.14639765918682	-0.5691949482342664
-3.9125271031397277	2.5662275308727867
50.45423176421907	2.6131171547434753
0.5438417209557509	-1.4971881676691163
22.10653075264302	-5.735812934788722
0.1502933923216577	2.0071544895563584
-26.521588471752587	0.13474126065967254
10.495271469564408	2.1376813909009287
3.376599092827562	1.3765586195288326
2.6540195071352213	18.87893462729261
11.371033016101155	-0.4472415020321428
-35.218972136424554	1.2508980957574067
39.38812169000213	3.071947566205869
27.761442167663102	-17.757364864607478
-19.945845561200624	-0.20156568056907315
-42.419706560673895	-0.624599398603739
20.056708676185718	0.34532700696758445
-19.39506475694323	-0.8177004044070266
-2.307587348567028	-3.567688874012538
46.41168768841026	-0.34549175213509303
30.25398450398793	0.9763020713930597
-4.316313198947258	0.24311603401976342
-46.02282674931103	-3.3284504640859893
5.307415750608375	-1.0965983575842158
-17.457765663107	-2.5547813432858435
12.877891989995899	1.7073076571830441
-38.58407298943181	0.4413366939327946
10.218251569227709	0.08434298770702198
38.13099818837481	-28.30691254432595
41.362805690716584	-1.2138726089616234
23.170367392677743	-3.2917694005674116
13.830657212812989	0.08640483170439005
-10.867130987950095	-0.9111542709870247
80.89555786207062	0.3110245592377795
37.40034590191744	-2.7163852519402907
25.429679311282783	0.5153947113682263
38.16892528619202	7.619284717982737
-41.73717368444735	2.683723605504171
13.301046336093002	-4.462174958541448
-50.06355868992189	0.2347473228166006
-4.206763937539286	-0.0013741374592963053
-26.28396780391102	-1.5099106509827602
23.41739883588033	-1.0590821327015447
-42.79103465231493	-0.38568612927676205
-35.48958015478689	3.4053341586466535
-26.85053785006115	-0.6063734995299925
-43.922011878309135	-1.78139605645405
-4.083260675822939	2.752247348346834
-25.99623057485927	-0.7981472399681964
13.547396288883755	-2.63560878257123
24.203026214619918	0.6253975034785156
-54.90292307667553	-2.103448296295615
-24.35599143224629	0.41845091238273247
43.12668088410393	-0.31030660363117724
10.870314530488452	0.8178784413259029
44.66124369908579	-0.6458918893645079
-38.834733723820754	2.265747497905324
-12.539432489406884	2.0954634660283706
-51.829186821921894	-1.244569833981717
-25.373537197805792	0.6780092179087901
-26.871951445663036	0.31185501974188073
30.44281720552559	-0.4617730207995064
-31.40065948279511	0.2700925731373463
-1.2384070964167708	7.674283491695313
42.82066601340054	10.17747844368043
-11.451397001476666	-4.74410207130466
-44.94668313653751	-2.3765399006187753
19.342487899417613	1.6360807842100347
-58.814516252900575	1.1907291018007005
1.050913930359188	2.8528181785411997
2.1463774719084405	-0.8726844300648228
-17.022862338190343	-0.8479364342503813
-76.12962611671637	-0.6674575095064562
-13.888459645712128	-1.2239143617517683
15.331995754884584	-0.05733164198490696
50.178283766351946	-1.7775360330792234
-25.490449921024158	-12.22611385807013
-16.328218578428217	-5.372669359225341
-31.105120685363286	1.3081003155232016
49.97326237902384	2.0262006692779133
-26.65412633993212	1.8698000575879756
-22.12317742921803	1.2412613385300904
5.269494643042498	-1.1151298758172548
6.9816565755284286	0.3934773015236244
3.840125126342906	-1.2190580315901636
-40.882679440226	248.6857764960998
31.20067494787994	-0.48258148295869
22.917486101610272	1.634321083560722
-17.123770153081292	0.3906613077658287
22.920108497252073	0.6802709831600169
24.526925818114822	0.06086440048216619
4.7511133518947775	-0.042266218144600735
-10.432171610455066	-0.15546382251656965
20.756528442907296	-1.0441215918240419
13.14550145833828	1.9482743228395358
16.01829066081332	0.4605937027226904
3.881402406629179	0.8786719643577173
12.90180196549328	0.713694957755032
-30.688554262908948	0.04073757989267297
9.605677680706025	-2.7664075265188997
45.853434001574676	0.6021800166620397
25.236979979454727	-0.08596415216960271
-20.429558026582928	2.378174412855824
16.1321087633374	1.2643637990719856
17.467869811954987	0.8800987415938006
-32.22676921332499	0.7390722425613743
-48.87416546183343	-0.523933039551871
22.323486132312816	-1.2027877722036713
70.06137761647895	-0.16062254105442408
-31.165494122671912	12.832746841566175
10.33007926121703	-0.7720584963191874
-5.434067467269602	49.09756891095505
-0.08791460106379284	-3.3814135145615696
25.24017915819644	-0.7815186371049693
-30.40334188568053	2.7254808699563076
6.028740817427391	-4.005116475975018
5.158891411006531	0.14755229231125072
36.46373316930488	0.9260325775417755
41.64968939182894	-1.1086836109994487
19.797447142590684	1.563251493214573
-4.338595177134673	0.635102396953611
-22.342481529995567	2.240785564561385
64.47613632930458	-1.0667494731058489
-34.01622819081906	-2.752522091771612
56.07400396929012	-0.3221047391175371
-34.02945442109925	-2.6524960715179686
12.460214516603527	-3.531627595389293
37.31803599645708	-13.153429167890671
-51.627159181782815	-2.484856025083044
-47.3169483183829	-14.513166049842981
-21.434608569134415	1.0289968045137043
15.914742295325086	-0.7724936275712545
-15.069952522093837	-0.6009347308608953
-4.1880773145992505	1.7022967633801627
1.3407085178517486	-1.162528111091284
-23.72777510909305	-0.3489525454863055
57.12712480902591	1.4713417809715585
-30.90207040999557	-0.6883928299534303
-4.757488910220616	0.20928441936167616
-10.917377978973146	-0.5912769288850167
-5.221230287869349	-1.6253934265762566
-7.102912627231006	1.293871068188955
31.927904285948852	2.413428494657183
-14.268498300538747	-0.7153843586138308
-69.84573658015618	0.9460266906921776
-45.77264269836892	-1.1380578239725092
-2.239387799417702	-1.6099716937606607
4.126810724319065	0.6673087818276618
-27.738818544805664	0.4169126503496533
-25.774844192791857	1.675016545342226
62.5147545036915	0.08257965681019479
13.735425017110027	-0.6996902146954107
-79.7406808874587	-3.861560983624897
19.812939504520553	0.6563412549302365
65.74642611052595	-0.671009586544478
-7.422527991147513	-0.27260645469827954
0.07001489163589814	0.6875579603055914
66.94479547843338	4.6217441620316215
-6.9253463088168825	1.5907665100868544
3.6386622259949553	3.1903319292719625
52.626938492335434	-0.8227503716702692
72.30683337970079	-0.15720993693146412
8.123100726381184	-0.08478380661133789
11.480037290161619	-0.9477492717448344
67.23221943037123	4.372421462732054
4.48566633496707	0.9169937584416862
15.39517068023538	0.425180443439602
-69.12513951416356	-8.124834267578857
12.539006639924361	-2.1570320054402496
31.669192978599334	2.643129445939419
4.2231714527912985	-0.06764469807140568
-80.47405580890383	-0.7846525414949461
86.6592398038657	1.1908958588076568
-15.527295303882939	-1.377292519448132
-32.65789252949387	-0.38916158524620975
-3.5567349189992474	0.7706720861591105
-29.511848497820548	0.18813057445508402
30.31474124552068	-1.4322791850060734
-19.59994467926903	7.4775545845272795
25.418037107281926	-0.8250554306015564
15.032730916361789	-20.114892440744555
-11.272288772648425	0.49257569378723376
4.858991178560412	-3.7472536304782023
-10.374733672012958	-3.3393626902802476
12.636611472482842	-0.5169135196863038
36.24704887069575	-1.7396320124945757
14.898101269703586	-0.6020802366940025
13.72833754517996	-0.4219665209642974
-35.00106439202848	-1.9200924333544094
-28.23326970069494	-0.3890885729550678
-1.5826723620550325	-0.05509098972433897
-8.234633227507764	-17.2057845639902
0.017267921656156128	17.39978509660593
27.373766710884382	-6.403502143128098
35.756683355015774	-1.718695479894789
62.14036746849308	-0.7199944938839129
-31.03028929856927	-2.2606778702940002
6.018061235442419	-1.2295623185603275
-6.292705529075195	-13.47741814349958
-26.848281665297247	-0.25382054788863395
46.619710366804235	-3.836619717256564
-8.183232990979139	0.8057070046791917
16.98702585645522	-0.9053525665635508
20.37539462319668	-1.0887658104296731
9.711737786412844	-0.22895075865648765
23.173454535635955	1.883009383737158
35.69256017290359	0.509288384024883
-34.71051140396478	0.6947108558533241
36.26525538880729	0.9552134681663367
3.750807914597826	-0.5444040859060947
14.717027123441737	2.9785398554338807
13.4289375601828	1.1664355798034738
0.7487468526255915	1.5639471046609132
-12.736744140550767	0.2781540985381462
-34.871108573172336	-6.222552571675832
20.760009181925057	-0.693722857950354
11.040904927761817	-0.40804827779215624
-36.92636980546797	-3.2005051442503856
-7.0019432066451275	0.4588586994555483
-0.8978415523723451	-1.1945453630125482
79.13901025176065	0.18819831559101285
-0.6420990832193643	0.03450897588056173
-15.30919110517593	0.4845565393317009
26.518459679742374	-17.20597394367141
10.68337935161579	1.079219843548225
-18.256315605628924	-1.2008612683858406
12.946383925257178	0.43121919694809047
-14.525815837819383	0.5104928807703414
11.459616051798086	-0.8679238619256546
39.18065223905756	1.0069617892624303
-31.268169827907812	27.537788659826518
-5.201195363101587	0.4130092564007951
-0.879354893290509	8.309820618215571
-67.08361050252323	-3.2093299771718597
-38.33633895205657	4.288773556126066
80.42430534459207	-34.65898285709837
-8.165919503582227	-2.126470288981732
-4.011699637777034	0.9551066577133658
-9.968538585342259	-1.4088057456531566
17.757851988680823	4.8879644405843345
-30.733073539915114	1.481352512698596
12.33642356864879	-2.21789426656321
10.470733013114438	-0.8030277389575975
12.826778723115837	0.8714182116153028
114.91545807967236	-0.09050474584495928
-21.414010134442524	-3.681109914301895
21.128545372446855	-53.87741605466701
75.9045489144015	1.033317335445152
10.663469282197322	-2.6211805217023407
10.560851983623872	-1.5157148158495952
106.10376649387162	-0.0926767169628232
3.4970842956999317	2.674187228287797
-12.924818254105288	-1.2590549000219529
20.591447221893578	-0.9038050688333633
-30.164058135508096	1.0663328926442575
51.105094588432706	-6.856385407382224
-1.3211706709644124	-0.13832218351561543
69.20400013070906	-0.7036501887840577
-22.923766388111726	-0.29190012115590996
-5.751458813391741	-0.6786757924296921
56.259347695755935	5.490968285262095
-4.296330131392037	-0.14049898908629185
-27.27021807112396	-2.883656636359619
24.838540469665563	-0.05878326163130853
22.024643936966132	0.20032985429979236
2.107718497717822	0.7762487317499726
23.815756580118997	-5.427315478996029
-30.544914729241416	-1.5781936314884544
31.156388296161204	0.5263040615160272
10.525771365731078	-0.8156892189582075
-48.85956892866842	1.7226950363288076
17.010520321537108	1.3151862703523702
-18.834623901096233	-16.16281615370687
42.317908725881225	3.220957840097657
-9.327761447471529	0.7169476237200966
-15.058277045337064	-0.6977168335270865
-16.244859433578476	-1.1006377459234216
3.9275483475403843	34.687383186767775
54.278642499448004	-1.015272191873025
-42.68981720814462	0.14663135776586914
24.95390703808192	-0.27806757989144587
-2.663148072335101	1.075482891040616
41.355995559040146	0.8414170866545176
17.295079806254467	0.6485766295803314
-53.47974292385699	-1.246642881445357
-5.758777677593451	0.551332460149031
38.089148871862776	0.7546439623141711
33.425696741556344	0.5544133087680465
23.32717785450048	-1.2239279960119958
20.597489927577147	1.2967238967875356
-13.531926257051193	4.2549223317154965
17.344005077587745	2.418313085356043
-2.6229463978563206	-0.6164261373169975
-27.52413611133273	0.06690438401976753
40.45448600245979	-0.47169691111628387
26.686160238935486	0.7497072700787871
-35.7329165512128	0.5922416782360208
26.198955713633673	1.2769048693953946
22.624143590802856	-0.7905123090418867
-19.116107776811944	-0.2132237722574328
-0.18499101089731096	-0.6747850270309425
-22.89417439064433	-0.22910547568768744
30.696392362312228	0.69792055282349
-71.37011369249784	0.8648186164407509
-50.275977611007086	2.8915523938782033
16.123581840234905	12.390624785216273
20.426632853470927	-0.5231477868961758
25.452044768028742	-0.22370717778780885
12.467235510050628	-0.22173399522545978
13.123474657734423	2.0250608931996266
61.27456962014674	0.4704744786478705
17.338946570760577	0.38039060462301266
-17.230726990909794	0.2246525579791088
-7.107952765468875	-0.45529644139138714
-8.222074610939355	-17.777020257208225
20.832776901119754	1.6178487690910341
37.77152043480195	0.3638015279934938
22.161584567749756	0.3073344716070158
-26.26068312632827	-0.11739877543667905
-9.645711073014649	3.8275223967262404
4.2831214154969075	0.6966407448881259
32.84431732037708	-0.5631772999748123
-9.474468667314312	0.5660653610595939
17.494411734404597	1.997900686279172
0.6838786378853723	-1.4942394081452088
4.553208612886341	0.060506755410022796
-8.296315821894426	1.4765772031219908
-18.95291885178699	17.037708792868628
-62.25281662713468	-3.011187862714222
-0.08890671605598384	-0.6489863562830628
16.47843036397905	-0.43130418267732906
14.737757214546559	-1.7199061707519518
-1.3004932326598873	-0.5535319251765131
-24.626174672100515	-6.199471571581117
-4.02883061372856	0.7048532966924645
-14.061684753032436	-1.9614359015213547
-19.792081472073118	-0.8273808029097963
34.886649720718886	0.9757833489975486
42.15470559658574	-3.0313571237251304
-16.723055491384862	-1.6842209598419409
-29.740342480650863	0.9921004071219627
-3.602169955052117	3.050783138349491
-25.050189632394513	-0.8370312754322572
42.4973109979126	-0.7846178522899796
-79.77355395234845	1.2845000261216704
-7.575458708960036	1.403883822989208
19.979902531479702	3.9232133827917988
-34.214632852571256	0.07678928222241738
-10.822369347664848	-2.3304337336113905
-32.079687355191275	0.5963357489158136
-16.713013122186634	0.56406065834399
-42.52292953436036	-0.8011447819459316
-39.12294547596588	-1.0287487228917742
70.61964219522685	-0.8869346655219175
-21.085078486678633	-4.859758575759763
-12.871206200085725	-0.9323791452020538
-84.02065405648982	-1.8085948572201074
-1.0286768010496474	-0.33619804835589673
-5.4456627257052235	-6.965318205287902
-19.98086149400738	-0.9276736186266271
20.50959833635406	1.5928853320903857
-32.33792343885634	14.417002023383674
43.42994719885768	0.706559958132126
-34.5383381244674	-2.6447437795143918
20.14319905534778	2.3060345103718594
-38.37760262416168	0.6622455396903949
13.319492703620263	1.3729969694989248
-63.35951844361375	-1.118031906220443
48.86379732239988	-1.7945788830903846
15.39071460509224	-0.44903063054133896
-12.726520004334438	3.921397182148267
-17.967377105013536	1.1930402905405137
40.276666058096126	0.44372298430562845
6.070213911888594	11.301270196904344
7.94831468383461	-1.9046134376848303
9.064995329157155	-1.205790487873265
-38.45988679878838	0.4384789553618705
-32.97975725732229	-0.21067607133583408
24.250610296617694	-1.1097977760530218
-29.87973823528339	-1.4138491476806259
11.07757083845849	0.7652661978697899
-46.394227388452	-1.17057409924202
0.36270147844791967	0.0010824173866331404
-62.06900820299745	7.277726217670225
4.680320618605019	3.440802560532625
-39.91566370127999	0.3548506808400908
-15.525775473807652	0.3439141292928476
4.88098460085523	-0.35362883997623934
10.197443620070278	-20.58871084920541
24.342383354731467	-1.3650549324227141
45.4421176325216	-0.3215682432132758
-17.038307407286364	4.588806504987208
6.0187505247794	0.49364049479069033
2.654849889276522	0.20624617543489865
17.663422484991983	-0.07501368957359797
-20.77588141251832	2.245691358962397
51.040191963688386	-0.23721745607761027
2.678034976993846	0.7404182485172578
22.326578156986624	-1.0932087378072946
56.687198351827334	1.7725038091110918
-55.92379196445277	-0.9714607005421586
27.787691364383946	-4.346037403803014
15.536875597461414	-10.049482270446582
0.5819273560252809	-3.7009816437173204
26.57151827597785	116.46671941626893
-27.99707860559896	0.33009984027509026
-2.0177380162105574	0.6646086033258414
24.718927567752075	0.4834365217622366
64.60542943656962	2.516275435168368
-23.089447750973804	-2.3212948122631634
60.279779453215035	1.2660088678489203
-5.552690596495819	1.2498226063749367
12.86514642043929	-1.701749553609498
-33.610392898296034	-0.8952657110669836
26.791059961793387	-4.772156403514346
-30.637913112176932	0.4553184636694105
7.649794158883492	-5.384434955126263
22.410414643016367	1.6656295241881816
22.15206910212385	0.09855614157738876
92.64186389401047	1.213054829696457
30.015546095340166	-1.6003674005954183
-13.83804324785788	1.6669799297451324
55.880535546454134	-0.2736523622828989
-9.8785526094717	-0.16078998796910982
1.5622416583781233	0.41118655514862285
-3.3479021117720826	0.2080524880834704
41.68022678811455	-0.7024131145077379
37.840538004599935	4.457115719857746
-62.95195781513484	4.1291031279910575
2.2995172893724876	-9.211341673033656
-11.54830876551046	-2.576784006745351
-43.10596805950887	-1.6230689122951003
42.030364519311554	1.071580478141088
-2.553996901816614	0.616288485873835
17.08442296079389	1.0932542881736378
47.515087892374844	28.461601933635144
-40.891955189446634	-0.9360434807376058
19.637577482804943	25.504713299671856
54.38464307687469	-0.3401915041164884
-14.804923076631042	2.946198775331823
35.2914008367741	4.066813876667974
-0.48295815634977857	0.7105265897991574
70.96158208711434	179.86905402196786
-55.930697888297196	-0.478345973781493
-33.98285597885478	-0.058464496602864936
61.15470540461522	0.5999304856757366
9.054223276688292	-6.434254805623738
4.679495665382108	0.4262524570196893
-21.95670095870961	-1.399974363676144
29.85169153193066	-0.16980120839401966
30.660979057758215	0.6739934167377275
-16.52282649906973	-1.4538757899380435
22.398583862355295	-4.8035609743182
-70.71342965023302	0.12357084541822283
-3.507013632039106	0.5536592158750211
-14.482642406408623	-2.1771575892640067
-4.421351071917983	0.9965373205538045
-7.788271502622542	-8.274464532771958
-2.280230242635778	0.2773858456917082
-3.0397839638789494	-1.2499148031363552
-11.468801608178266	4.96270204789707
21.353618973705217	0.8394579078513366
-2.835133254082187	-1.017853304932491
-46.02320992138689	-1.2269442840689864
61.737405740772864	-0.5078247063929896
-5.797233468528135	0.05064774211093563
5.680556235012131	-2.007534268994608
-13.229164740070518	0.15026229443535938
-6.492235308797375	0.33456615487525043
-57.791290851401484	-0.5540724526343067
-20.366215249043012	-0.9914783652180895
2.511673121394317	0.7235872142033921
-16.510897874780987	-0.031997661642727285
-36.65040464538691	1.1490946149702204
19.866455006901813	0.3526397593437262
8.374893562146358	0.16961579271395513
25.84561694181381	-11.505410152840433
21.38779202950534	-1.6560862247668415
16.141686562497377	-1.5091047608377606
-13.026631466758428	69.2441900222011
58.59487428247326	-0.5630490482467302
-36.32630735737739	-1.3021455131091237
14.186310046397088	4.632395897126284
-29.24686729410068	-1.4205021556374033
21.606740016411706	0.17215959715583332
-0.3501938333089756	-2.5617927556803233
-14.067183788603266	-1.2916346786090582
-46.89850237717817	1.1212984713629313
-52.82768426500994	-1.2721783025415243
49.60275631046651	-1.0075969317186124
-54.28589006754523	-0.5806612820139232
10.991783194741373	0.10047982242384643
-24.411732191049367	1.210291166337647
-32.23058727275343	-0.6530021444209748
-5.442908832160775	1.4493622510941042
-0.9413460652743877	9.882536337954843
21.595490777312204	-4.719918294865998
-7.04929428826286	0.5048058680052528
6.806988303413539	1.3988385758377726
18.12774883664562	-0.384679749790539
48.900993502085356	-2.2482110426336686
36.280078629201945	-1.6983100262368005
-2.6122471021773785	-0.5268639290701392
2.015440139324649	-1.0236287497002843
43.46593400913858	4.753458520697008
52.126326670963834	1.3849733977029794
-5.275550421788979	-1.262282138951304
-5.1489668117292355	2.7869007855469894
12.800281522996999	-4.8444497761481875
-0.6004174859593213	3.6051584831488497
27.623865262294256	0.5011222077878515
-7.590039115942598	1.5689068497599958
-5.398928830747484	-317.99447934953986
-58.250108096709	-0.055142248065890784
-6.339863875345959	-32.35529272030305
-7.204317399211333	-3.4090516184043915
-9.602219351127447	-2.6772089923118227
-22.897572587808366	1.1971713359546445
-2.69340956039992	0.7505774906463554
17.600549708623028	-0.054316682398535335
-17.725745340625302	1.4173739062742254
40.52268505393767	0.9458484166526614
-29.88831713466008	-1.7990804685777397
11.764638943710501	5.36654143025188
-39.39146406587763	-0.6590430343527667
-15.918560323610665	-3.3574932530792996
32.25686620521722	-0.31135662513631057
32.54549897407208	-15.438996002067334
-19.65009477117424	-4.83158027567363
-34.22065070893317	-2.592865504846276
40.72219824560104	-1.0912942744637308
-42.77763593959473	2.739505184564214
16.834048497396346	-0.7001517784132292
8.46188500815569	-1.8262509285280077
-3.6338573948862747	-4.25496751717683
-19.95374719229751	-0.7262080770797764
-29.73694512130462	-2.975274599349764
18.93761192807061	1.3389185820184504
1.0528254551237204	2.0138583604713487
-22.575258197911413	-0.9177413225853802
17.781093360466166	3.061675851689725
23.20173994989355	-0.822503046964708
4.918694796812292	-0.3003322364229119
-14.180773514956524	-2.7162058032572847
77.23479060701368	0.12430878322780775
-47.737330100925604	-1.573944248704709
-7.658144063537321	0.6162193255738061
-43.90213385649857	0.5055755576767796
90.47373081305801	-1.7715667636116177
78.90063569905678	-2.5680119935964716
10.224606183281642	0.1337771720749637
-67.14828739864515	-1.7694904283679684
10.64177169187274	-1.927434391942197
24.49429864750613	3.7628963703225713
7.12484963922348	-1.967758823143972
33.412218871824095	0.5761600952924102
-6.787709092805319	1.0045389380527099
-51.43813803510543	-0.4150041571926163
6.365501698992478	2.9487262189728964
-3.1893278651465766	3.900319518322969
11.052850486016567	-1.145904066210626
-26.980335242377055	-1.786771710800615
-3.302280370727818	-2.168263515786922
-39.16274160596636	0.5867431857252687
-38.88778312992924	-0.3748202802588627
-31.49988487960349	0.2580425436267112
31.949258869844286	0.8024844412558859
-35.88801347316061	-0.8469553895638257
-88.27125850818062	-3.857935080646815
19.91173609683698	1.0201347153292257
-16.641293511662326	1.1601098971615604
40.52023932402436	-2.0105550839987223
-11.373469592813505	-0.3132387394202932
-5.0043782816095135	2.209923664542661
2.4760193226923524	0.40597949224315333
18.590165069096653	-0.7234114491107742
-20.999633590810042	-0.5992691604302662
17.384486086073885	1.4488002873899202
15.278529837693139	0.03494512396827104
-10.21413069678939	-0.3392975761238297
-22.379848161829315	0.15853507696407879
-46.26430796018624	0.460944972648306
25.869520588174765	-2.1797222701093735
-8.675217071388705	1.777496543163566
-12.055064540491196	-0.4025232308458916
10.345352271313102	0.03156673470116678
37.39357009032734	-1.3837079153227465
-50.33855968585727	-2.2299380443094923
4.912939058489136	1.4069974570169796
-14.163081198811163	-5.406535966165593
-19.421537911737012	1.0996217557215078
63.9541707310145	-0.5552353814585829
7.163233064404972	2.671876155329305
46.85836189832033	-17.560563676992384
-8.124187092585208	-0.633017657054031
-53.65512542301012	0.7218029344686806
-47.85003553369524	-8.554641556141172
-31.685448592777266	-2.4833258568577845
-57.098076591888855	-48.27799323203757
53.09235254728723	-1.0734006901237296
4.680037607881891	2.6121073670455583
23.268199028622142	1.8390888810767818
-3.531732022636358	0.6648222864725717
-23.02762627715163	-16.209522152419225
9.210558534439379	3.8333591062837065
-27.519283735410752	1.9225216641436462
-7.8781596334754465	-1.3954873802395986
5.1316368074765295	-4.2236966427400455
-24.939816497075384	-1.3281978990869137
-7.1493512791223495	-0.2608765326208953
-8.923531043762896	-2.4331191834189636
-44.14585143770087	-0.15772270433539895
-4.718659045676327	-4.555619295446669
64.0002553562385	-0.47944232103719836
5.723608952098962	9.159829100681982
2.0680800306572062	0.036025145194195
15.965349399925428	-0.6737908344143105
13.181163976138324	1.069394293776883
5.794770239169769	2.4754300292598006
25.53311149755302	-0.49030834486181457
5.774187452621116	-1.6052260541222991
59.015345065660256	-1.0081802331476473
-36.828450311949645	1.1307177731941858
-8.67940899585189	4.888833237278896
22.50781634185311	0.3541716692413933
45.74780431548754	1.4388601543499902
12.100201132686369	-1.1047652347916732
21.982412016075493	1.4395602797558598
52.679017837138026	1.376852672710766
34.20549200469565	-0.47552359634132946
-21.31008422217858	-3.695859770473938
-10.125198774904195	0.560024558324227
0.9483161468408596	1.7528760954813674
-24.552333465327195	0.1492789885576115
16.31650170795742	0.7480861626676788
-20.080073720397934	-1.3193432292240697
-19.64419270882634	0.007613469684955039
70.93414609313324	0.5746585694722901
55.561053354505646	0.7973759403232242
27.64371632840353	4.77359712402896
-38.57496661497193	-3.2608046826317962
17.10392560555292	-0.9482564722422429
0.6162210829128183	-6.954838062188554
18.26009077988955	0.9820325645515591
17.212869437193767	0.4182241097320377
-14.746725335583609	-2.874796507822505
-1.395241572622081	-0.5132918300843226
39.46038621936738	0.4084266387738391
-22.905985692596442	-1.026755928568616
8.824942261346779	-3.1615191600420216
-5.748364903190345	-0.852057686905298
21.747201372843517	0.20679124011670688
19.009283308237233	-2.614288701051504
17.565230544837775	-3.07857607655085
5.711137261901523	-1.3918216608165601
18.793278312281647	-1.1599986726293
-22.825320178346356	0.3084552863702062
21.434966442196703	-2.8028930903741125E-4
33.43004938433615	1.2743709878075673
17.30498847155251	-1.2578760802921054
-4.098930575342361	3.4191687929644727
-26.782382354254203	-0.27445256267220813
-33.303445649982564	-0.2849722506518584
3.583291922852409	1.095828512411615
15.934659515244135	-0.49456899869205284
28.068939289869604	0.5822775337161201
-1.7180675382809696	11.21713721505309
57.50006424020904	-1.0201205388625572
0.3027417179437381	1.012180182741662
37.64922432806707	0.04301539687918292
-20.985283503019243	0.7911384743051179
79.97049763556028	0.9955081555914967
-7.710092888434639	8.811540446261697
-6.783191013448066	-3.026827732327413
25.17341595298935	4.132802489033718
-42.335411816391904	2.104676257323794
22.679742866807818	-11.526592375758188
-15.748495832955594	2.1411530964736283
-7.811992060927708	-0.7075971243748184
-20.483084370901206	0.9265563966433862
57.38829728275743	-1.9106703695940346
-9.883019517969126	-0.8100284394748486
-36.349101488994044	2.7091796491446947
67.79205679003489	-0.6922564760092667
14.245019321571418	0.4525427475025411
88.57394915146469	2.6323344030076505
-62.10745056009787	-0.39648713584886425
-2.6440976642216913	1.7878368958402233
32.43505940036785	0.5018800076639126
-19.809265833129935	-1.6531287068798581
-12.845086707253463	0.1990195357733126
-47.52112152828721	-0.45155271190736485
25.714165981538738	1.7091459160562803
-32.469867103742494	-0.0351560274135954
6.30016830360598	0.39335831246905906
12.439763020059864	-1.7736853508430257
-21.12996944974888	-0.5407094978827675
57.168175295195894	3.6517714267147414
-26.91536626720972	-1.0000301244233085
-28.852993432441036	2.0366216654280476
19.68902260022208	-0.21469243980471267
0.1563516794230997	-22.937100404699315
-58.26317259086794	-1.3854391507827184
-88.27777194339049	0.151174793499801
-11.234851397067018	6.234344338115835
-20.29370311825497	2.2071711518074855
-12.310998595025511	-7.100729546570141
19.99384248946017	-0.2704952822548042
-17.20901263810328	0.7951035143971429
14.910236540185961	-2.4627598330808738
84.26490776040801	1.0141668565487194
-25.35416535473432	1.1838493927076321
-7.961835013544894	0.721075260553183
12.463607128177276	0.061672607117491875
-40.44761196073254	2.2895494048548644
-5.639997084538336	-0.1914336725693947
-29.33886781129955	-70.94563304477725
-14.201438209583465	0.8510711298141247
-66.76857083175496	-2.256661745856184
-34.5983913286741	0.20308980539872934
-36.570534457690876	-0.7023024524868092
2.3423634954103645	-3.3647641792716647
-68.76894112805505	4.758331040424549
-16.712384887687506	-1.1702922104654514
-21.3748139635686	-1.4260158382553616
-33.46880389921926	-1.390158997004721
-74.87756285515361	0.8605103907683637
-42.02039725579145	29.868706561909367
-37.47801784684938	-0.2282390655781535
-7.993049580235743	-0.6113963139231645
54.83218851356888	0.922092235679643
30.782495448527488	0.5927586405396169
-15.812329156887348	-0.20849629274319464
-51.737820441824795	-0.033212509181180315
-6.107607119039542	25.118034709518383
1.8993762795218603	0.9576364973316931
26.639139025840443	5.779074084006849
21.843807506855814	0.27563071668106875
18.365520358552686	-3.074279334914573
39.249908348293395	-1.3691359557627114
14.183471693081888	3.7204279856879703
-10.199254308021123	1.8821437589844514
12.955445697244773	-1.2410354825320498
-3.478447097930034	0.1212275151574016
-23.7419081563741	4.616950663491251
54.96393520492654	0.30849741677566217
32.485246742010034	-0.011447354473606258
-29.432206624996656	-0.46614767120837464
-44.6586344342937	-0.075939007338261
12.726565745227342	0.6833820848285256
49.67264775792485	-5.242433211786264
-0.018121790058647985	1.5870502440067453
10.177704503064971	0.6735310990164369
31.66910887365249	1.4274300695142046
29.911715911181986	1.0709767995863424
6.180294909988002	-0.8194989647959242
25.56593043657721	-0.6689836125965609
61.75524621848449	11.22887945139398
30.605384755975148	-1.104909105477512
5.181546654866644	1.458573185388233
8.615206671900568	-0.8082619080425467
-37.57834057733194	-1.557172065538287
13.26311267013282	-1.52501327211675
-46.91926873189581	-0.2928673957826154
-8.452267847489853	2.52952166310206
-54.87667555618634	1.104385644992064
-29.602211511562246	1.0888127492969204
-34.93032569055184	2.363112908447293
3.7849495348934803	2.863251767743608
-22.317268741934434	-0.47006027797404454
-3.8576876548559755	-0.2267282442477256
0.8395551104061876	0.23420428457000778
-13.282011765123073	0.21771488732435793
-26.41115451856189	0.47567977577209636
18.650708434266647	-1.7561351084917565
34.18232094142136	-1.0064868172302899
21.412741397235056	0.1860482418235292
12.34509156687314	-0.4011705594565178
-12.467715970232659	-1.0970845779700107
-41.00996910839738	4.283620215309883
-39.95986784759554	1.3415225731260638
6.456311016170585	-4.928598597566643
11.656674179961504	1.492692518657223
4.502395829306717	-0.843792009972686
-48.619815704097505	4.965939200409122
47.09583746219373	4.748687437572226
-3.727530872978279	1.3369345090286118
28.046590532067505	-0.8709022741129515
-45.91064045456821	0.9216645441170385
91.12649848874258	-0.7512120661253958
64.74865049784086	-3.1363963339841217
-63.44221761071729	0.5849636160965999
-54.91253292734206	0.46380620739043327
11.884379161772086	-0.9088626324279396
-26.374357752481902	-0.4203390659652142
-37.02048981322859	-0.8281856855987124
48.22052506786925	-4.542660346434419
-20.239674969385213	-0.3793003654674408
-19.203325374636265	-2.3148605042996526
49.80583932643277	-0.7796068594303079
-1.066139222926158	0.011978107144439832
8.984814798121652	-0.8661586766381182
-4.908188666400223	1.2370467067621083
23.924984500237027	1.146345580754781
-34.607771409504124	-0.36805539737448845
-32.333169536637534	0.03383194193774636
-15.533937665217312	-0.12941603634567267
14.024831591979126	-0.0818602991337893
-54.182741012226856	18.799940569672597
11.750742793933277	-6.613200991108182
-51.12848828174433	-3.8789151439308154
34.76152862860622	-0.218194962142394
-5.974198224401113	-4.489307781733834
46.27585046528462	-1.066602494659694
75.38133725975888	2.0166568276140544
7.322029633255695	2.3957918275836425
16.516779476347683	1.5568181204962848
-19.461916832508	-12.90993359291569
41.33093002025176	0.7670764607745777
33.106159414525344	-3.6605505868305435
5.058583070898143	2.036545874753262
-21.002207678562236	3.706855925681579
-27.740002945286157	1.491391877020793
10.617988468540286	1.440921309872667
-24.482478889196603	0.6031404353566104
-14.68668950210682	1.432634626475777
-25.067135577283352	0.05872228329856911
24.53665418985074	1.2370883239644788
-52.14142437544571	-0.6732015961099126
22.11947557046651	0.6732475223796467
-14.809279846784213	-17.776321766067685
-8.55525997746435	-2.193372263080159
-20.14530165506865	-3.016764945934017
41.22920594688973	-5.9860858785588364
10.461491420960723	0.15250383855033187
7.477333102083158	1.2979592912258533
4.1306905971241346	2.824970898783013
44.932409723660776	-1.793261179866729
-65.54299511893885	0.04010761706788914
-3.7416047047736085	-0.5882103773496709
-5.476215853942787	-0.19283512869792643
48.19648020198227	-3.19613722044212
27.150939371347917	-3.9656986678084114
-26.2463088052534	-3.330151817775233
-55.825545024673175	-0.1783873353130643
-31.403535078819555	-0.041350688281111506
9.475048038814121	0.08245470469849585
-58.48989920737457	4.2586927034875135
19.612823031791866	1.4489623777808183
-22.45403784917684	0.05261793939580931
-18.714719972992825	-2.7790370990863464
10.798488494552137	-1.5727252562817255
-22.416641901361317	0.551823959539125
38.67603832006324	-3.370334598268293
-66.59424352572768	-3.7662437244329316
-6.871955808008534	-0.9288707571635659
32.3340344397049	-0.2322060903444376
-17.129911001445144	-0.40576006856322966
-26.39701717122357	0.3208090815077344
-35.343245494824245	-0.12967475071726267
-32.45385362835755	0.9882344559394511
31.411261506657162	-0.5142573235913559
-30.198305012426694	-28.4357517458035
31.020280651215412	-0.33154067300517504
-0.10806798590228447	1.5592730791950864
9.037554359396234	-0.42903126595373653
33.645912515520855	-1.4029911691142163
8.60636736475821	-3.319252740375931
54.96805650596653	80.22382125917382
16.383776148248437	0.2816605312635808
13.029408933468863	-2.34382915351281
10.869433523531054	0.1859079986610354
-36.046175516743304	2.0323499382091788
14.306340106872268	23.81579579475045
-23.694516341533244	1.1852978995086383
-10.994668193773814	3.665755976086936
40.427887288048204	-1.8128923617703276
-5.4777772926224575	0.1025833851033081
-11.690777793447477	0.7413792246656196
-29.858686089111718	-0.37440730030129804
-36.06669991885837	-2.142275040668868
-21.521363013640883	-0.6905726485936925
9.833465835610486	4.587462417913616
-11.184225972157048	2.505746585342268
65.20456900025091	3.786415949359473
-7.781437232735993	-1.0634634539673997
15.626033891533238	-1.2261040242063266
10.090601950105869	-0.9853338653186839
-35.456160027970085	-0.3302924210877025
17.113364196269643	0.2133621601235143
-9.060350294402447	-1.2398959397248188
8.519027553110456	0.5947751346362959
-27.714964358543437	2.576047746718407
-29.995426625238117	-0.23597871353243208
4.940039377730959	1.50892711188847
-63.20535491128533	-0.2261823227404398
25.254304856948888	4.777031110464536
30.053514757334025	-1.9701575394889332
-0.12544496316560166	-2.078632682482106
-28.2028245661697	0.6148209559426927
-16.067588945748085	-1.5464109536541597
52.62314927958425	1.8106024174918047
45.58918505332579	1.2285664126111822
39.00019185115216	1.3042540042923885
2.162007084938284	-0.07101912617602048
-30.995106596090196	0.06031841365617717
-24.122463139875144	-0.3128049047391411
-62.486966948602635	-4.284444699281619
-55.16742985038214	0.45568062777208707
-26.59000187935331	-2.346697501543105
18.683750330407776	-1.0351894132260067
-33.29998183061597	0.9188859557483748
-82.22807946315262	4.118236445837863
2.5107066318799074	-4.635759779118313
-31.182372005011487	9.31291955456071
9.275502454214916	0.42429720134443416
-9.864884307375393	-1.3190119635172552
79.30043948305895	0.7912799784183774
-22.336112459868293	1.8939532060530626
46.921703106588616	0.15547795190607924
-13.40362496585966	-1.95660007255621
25.97769172165838	10.58076928599408
-23.542656516184156	1.2555992728368905
31.307881908724454	-0.8204179140795326
-3.7916550769722264	-0.662005633529403
37.102284504578606	2.2550282929027015
7.966751855678412	-1.0452113617929635
-15.245086487976467	-0.3307943856814386
59.681240162236826	0.3493881518539352
-23.929877365524135	-0.08824699549636039
5.217708731848364	-4.255454433741436
16.38946597441819	-0.22189430063212692
-10.763502374772964	-162.14454061615245
61.522738817604115	3.257857864160766
-80.29998802377155	2.279686346203533
23.841535855725883	-0.6177765475686058
-38.80375347119933	-0.7349171852115984
8.495507589436983	0.4931914882210175
3.2512911777018267	158.102793113048
-54.84328742546941	1.2027429947589254
5.312677593154786	1.297035877475954
23.71113841955262	4.208417899893399
-45.17506303493215	-10.32180848532292
1.498585023172778	-0.2770714656247614
-3.7981642627008	-1.4596426895822963
15.596148228947555	0.9637412590897781
91.6224884117217	0.4194912893943143
3.00255611277427	-2.410404888314816
-50.134040701914365	0.6826232232751367
-55.89319968843255	1.0857155369282425
-7.8791037571040485	1.888911229875389
3.9106594964741803	0.13966957958770532
56.37399186732506	0.623071543900342
-10.247802706015264	1.8320261438546874
-6.74705444410134	-49.00569846268655
-20.366496358405964	0.48878462720751575
-51.90382074872836	2.916664594809942
-21.879861554518566	-35.5401733705892
-4.084447919886151	1.0270417682926352
-78.24477071239806	4.25058264188775
-51.78671821551586	0.47146630195567923
-7.166222827742858	0.415716953788119
17.512400599890984	-0.3124138389123154
-37.37272107215766	-0.9945639647455539
-16.74225858410369	-0.7075933312971097
77.35517384811324	0.9489063355191772
-27.208576202921492	2.68970596657499
-39.98626083824487	-1.6136743613923648
65.3068494232326	-0.27047345378344156
42.454682605409886	0.2835363846414731
-47.53760437716021	0.5151022809226791
41.07058226957041	-0.7048138481079728
-40.408107453375564	0.6608068349573863
-60.812684297404495	-2.265762685200209
-64.65975112349865	-2.651707355770597
23.269793544103226	-0.32580272932874366
23.720221254083224	-0.11647619688318024
30.09011360852526	0.8046120442743552
0.7600744047904965	47.67545301392978
-18.146714027192633	0.6467720910007136
-13.905735794551084	2.9929794843775537
24.923601550901115	0.6512601957033312
-8.72979504394524	0.488245397391874
-46.27281614850094	-0.5664824403282912
87.99123149275074	-0.2758762984127556
-31.09533154338957	-0.9357288374611865
-18.29969170564346	2.2377324745810636
1.017262741436754	1.697002168814435
-0.22240140030644037	1.9136691848104361
38.582846074771595	-0.8177459221953352
-28.097424556915488	-6.177150420032553
10.204820646255731	-0.5952902894811511
50.47114684628579	-1.536412973653207
-0.5739840544396012	-0.36325544536549176
-5.227294605389514	-1.440159531677224
-6.147844154661148	0.41474572474730537
68.91964838771895	0.9903035459407926
9.049622638198414	-0.3497231929631224
17.966576545349707	-0.2127934722226544
-29.35264261734956	-1.7017814138837308
-5.050575284317811	-2.2497462871844887
-66.58026531081829	-2.7640952659603935
-5.118519008363003	9.856293790795968
-44.75249308254799	3.5570350222481726
35.72896360933572	-0.14432016934294253
17.800506423784963	-1.6556795842568535
24.613732054607997	0.06501455717328103
-41.8441119691339	1.0193427588816748
-4.5193969197894726	-0.6649946270139564
49.81744871547429	0.12408936126409278
-7.0550524987845025	-2.020312687011666
30.739720291770507	-27.863973347637714
-39.29507452242232	-1.3185989227301846
-80.22643008105311	1.0994042190020068
25.607128858527528	3.8832092835408187
18.85589524297057	0.3590411434275392
24.020145027945134	1.7227549387703276
14.70967827687411	1.2539210323499332
-23.214348409653997	0.7116707149705179
36.85535684928111	0.4637221664979126
-23.750667193369747	1.8648050490370154
-4.923048893035212	-0.09780462093925424
57.84057727670447	2.328725273072672
2.960070056877203	-0.6797685278919099
20.573386909129688	-0.8429179254558139
-13.027270676798587	24.388932257741804
-19.759649311201617	-4.967781567409213
-17.683177873959707	-1.2911280838111319
-80.25212396206827	1.717678359482333
-5.913221487701394	2.3663290928313785
-21.103358181825545	2.053561561407336
4.223881734028376	2.11360241829103
0.7944668530459446	-2.536457543598076
-64.64069674091293	0.76007620802694
-13.37657580439963	1.8150451396999967
-51.25867214393	-2.0771941188144956
-9.899740872096828	-1.6881015023634875
17.901627103922873	3.2605086436242976
37.26641077695166	0.6538875784048813
23.199854499384358	1.2779630454951518
31.88294973776384	0.8415006469880456
11.490112657954462	0.0890250692619192
-20.918364543382204	-0.33783226478177103
39.75860735854648	-1.3276862954388862
-11.136479842744356	-3.8202085662686986
7.397125770835444	6.462567426082666
17.222689214138295	0.7658210201313975
-8.379442126346088	2.050135104438859
42.037182188848455	-2.1230905483615383
39.517046511319855	10.404900268561715
-17.35272550847086	0.014752724534803594
-64.4644005334698	0.8272177454278141
24.34832139566373	1.501855973024245
25.853811196743294	3.444070977071962
3.319837945153458	-1.7491645095447192
-35.7369326382634	3.444499956677579
-19.225346359035225	-0.550927920963454
-0.5348802307943855	-1.0379753086745303
37.27351341723856	-1.3373305025710793
45.75820125746845	0.18904228111514218
-5.109201152437126	-1.0825518195577832
-4.876566307263876	0.07413563416626312
-5.071769818230954	2.397441433725583
-8.045070045991608	-2.025754683434623
-30.139050879085186	-5.030688884075953
15.46850289444078	-2.296867118321984
9.502065783996885	-9.648944322062913
61.153810308478036	0.3823805305522634
-1.0666961764595264	-1.8406679937063413
48.855320407728286	-4.110096102040579
-4.3708932703341254	-0.8165293394648202
-80.0373040629355	0.1103573950986451
14.247442216474026	-0.3246214831156474
45.17960186838666	1.3247729841659337
58.9818506313078	-1.026522377968464
-4.041267477177134	-1.5184219384454178
16.217931768112013	1.029120674829816
-28.451320476207094	-0.3156862079595839
0.3725646511429166	-0.2580170652317557
-27.551461397260063	2.3954660575961015
4.8108609407011285	-7.530053292421112
-11.727739641973676	-0.3497457739575532
30.50927841865653	-1.6079116241533422
-77.84061748851326	30.794955058862573
11.919987327277832	3.7226136471161033
-25.555408157923097	-1.320115166284067
5.106149002952686	-0.008722064049871301
-4.0836694592401415	-1.0333547478993708
28.164188354383043	1.3724787792598925
19.699072458886107	-0.9018560482696908
-28.60682359474774	1.8286858464279994
-13.324789896549087	1.3756392460436384
25.663900615838884	-0.5127977463299874
-1.8762429724195784	8.959153142562366
20.281741426272	-2.3288583814572665
-21.691838657784793	-2.1479794583647096
50.41841110678865	1.5632427775905886
-5.685445148434537	0.09273384653516008
33.40542635525065	-1.4402905165090993
28.708130746287967	-0.6125349813799345
-32.32477761813545	-1.988557691238823
36.478726963976534	-1.3357335245301019
2.9823740851559117	-0.6489951082318092
-2.4871976316726863	-0.6535864182939125
-47.22852855889613	-0.8260080306355023
-71.21618683874107	2.278949879156808
-48.09894435272781	-8.792886919157723
8.284843786031827	-0.548813506394177
-33.548523420833504	7.812105327808961
42.996889320445135	6.066448138611479
1.2608490000302226	1.2612746074234409
-25.165285244927592	-2.433028759009901
-70.0724880105235	-0.29045849052057165
-13.891159357032175	-2.5090180354744467
46.739005400126594	0.0814527735858771
-2.3895274071040937	0.033104626533154574
8.599520813162375	-0.3712377140408233
3.8946401700396187	6.884258417804524
25.959333217042733	-1.8918600057276944
-7.5689455406509305	-1.8192812120410944
19.14804992324649	0.41538701615777446
49.965035598778584	0.9070653315693694
-34.48872219420738	-4.889036795676729
31.748183585022403	1.407937961509345
-12.518986885528676	-0.5745016001657409
-23.93623353388431	-1.1915067272515436
-1.7440097814250397	-0.2825899533105781
48.40971372919644	-0.7390274077299842
5.188294472851979	-1.3255577415042268
0.07425133510294087	0.3242776918603267
20.2511844822422	-1.922669516637619
33.46795657255027	-0.6666220625791615
-30.162923837830636	2.0680154673763993
-36.669403102062255	-10.103585315484425
-52.98588148906183	28.834747742083316
29.9713371407209	0.7226812977206811
-37.3836323729307	-3.114561180064749
-24.24576509200057	0.5003661679468778
0.7173504257091018	2.132381210059784
35.74502712189108	-1.9588426376785213
-32.58671057774355	6.536868848371126
23.75201894906481	-0.6047161362912198
23.163294150849403	2.0463259641484477
0.6894961998746235	-3.3663864953431175
-11.161326244245684	-0.1583008725733153
21.95456224993359	-13.692506302376666
-23.663654700868456	0.8076628061588693
-0.25875188881122013	40.452368432117765
52.51582242574903	-2.635754131493525
44.53066617672119	-0.13077713285963768
-4.176676278789715	8.138628661396972
38.604236321233365	0.14891020451123102
36.49942494429459	-0.31374429861987696
8.691422026575168	0.9337898163296812
28.68845548993112	-1.6091925002206868
-31.132287246001454	0.653024061703891
-49.99611868137988	-0.655333511906875
15.833685122475943	-0.08755530836443715
20.901789522913937	-0.8364535302902492
-30.251497587919705	-3.0963780986899354
2.268803363041097	-56.6262383201173
42.340359142979096	-1.9310845935706495
-31.262851493318298	1.465554363149107
-40.194675041350074	-1.1491211822917669
26.572063801403342	0.703407460147461
-30.479116599182863	-2.1273278956712836
43.99448110376641	-2.5406987763458493
10.00113900399132	-0.009976820988843107
11.41562826860017	-1.9990265662266726
12.402005632831466	-2.0396886178608353
-32.09376840445094	1.3000440575795762
26.202139309973706	0.46973142728032075
-25.118114940041213	1.2990687552368398
42.653517810713694	1.9571304122637219
-13.985043081771398	-0.7946802262423482
4.974466608873719	0.0024321127089782543
-23.84078226356582	-0.6539686811289674
-27.341479742413753	-2.058454854701375
16.384873797313897	-0.44319689534842166
-11.85789175065944	-1.9358268560444623
7.581608634970016	2.255782173420936
13.675809815769213	0.8049026289459983
-25.321756242409343	-3.092832203636199
24.53949362466902	3.160406747205648
15.333544738831053	-3.001794323997082
2.3173522489126155	-0.23754660931840088
-32.077274291978895	-1.2174957643357587
7.7042593290226415	1.179992326349347
2.303643685636478	2.037103250350741
-54.79664909472076	98.86248309617396
-65.10865995556705	-9.957806762211955
-19.48300163109599	0.15913491909156993
-59.683013977929846	0.21579039337879297
-2.752301523825516	-1.2506815419665338
16.742200267196406	0.4415947760679058
-3.1852635493608847	-2.2764796094764317
-34.963400694665374	-0.685559846013666
42.50496057932191	0.3732068701271571
-13.70837420739977	-0.09494272165854081
11.724329704485127	-4.693099246687826
17.667750198118696	-1.1851674778677606
-21.8231251472684	-1.4839681856952196
11.371654870482333	-3.422673636272338
-20.065581889846456	-6.623274201771282
-40.24407816415977	-1.4473503146732014
13.931725596144185	1.1840955296104263
-9.007307776487492	-2.2357113640937234
-47.4479184114248	0.2691764154874023
13.412954591725125	-6.705341123450649
11.368400818643064	-0.4576263910402602
-12.278798157826072	0.9106110537066945
14.363294422561596	0.27450245659944794
37.473637365818945	-0.5632499578346107
-38.57747843690157	0.7305178452128084
-105.72259708548124	-1.2622740416781684
13.699689182212115	1.0900613634672456
-32.80228416306458	-7.561276205756843
-7.0288304644949635	0.9884121789267794
57.21233839122926	-1.0395085227723297
-9.320207097131874	2.362110454437639
2.8952284688943415	-0.9057313778309997
-12.541229705572261	-0.5640546433357466
30.26448717272302	0.6265125140236197
-72.70534111351151	-0.9364959211214194
13.908706200033178	-5.91223443294951
-9.889405431651278	-0.676782879051769
36.185219165639026	13.834761956665512
1.6560938774068221	-1.4557722868540992
-29.567978747463307	-0.651087621377713
-38.471196786642935	0.6712524989639873
-26.57369489221679	-1.8046458065881628
9.980524383882315	-7.753170641004787
-13.340285076189199	-0.20205423268927022
-11.041280133518251	1.8623440220933123
-33.38848225488824	0.8829679128049235
62.99698942438362	4.402779962088723
25.62130951380037	1.6083919549933776
15.676001512873155	17.916304711017673
5.9552963651893105	-0.21151917021255265
73.1622927277273	-0.8218561908265073
9.212574042536641	1.5692352653711985
-41.80047055408604	-1.0575308941059045
-6.645683140095627	3.2114744847412933
-54.88311907013542	-0.8075168491031577
2.6535723783958898	-9.604971803804686
-17.54550551348166	-12.019173064730436
49.11228324788801	2.2888529130778426
-0.3949280584328218	0.7482102658210926
-32.11938364476601	0.7117513427773303
22.690508943741612	2.5747191648818277
-26.73482532188321	-4.527817195269397
-24.894818360184534	1.3607136977797671
27.0449818737995	-0.6474294229336498
12.707921076229361	7.750792298672014
-19.113589411904744	5.139609192604757
30.817045421082526	-0.6966311338783281
-70.74470244456549	0.5060489639199116
-64.94993162318791	-1.786180844336523
18.717269094186147	-3.754403462611518
77.0589761547051	0.21090020274720733
15.830486070377898	0.7873592394306711
-29.483994306797335	-3.110356285451495
54.90119395308127	0.4462311906450665
-30.167807886174465	12.466172024247177
-63.53401128679789	-0.28661235817585057
36.17374083540625	0.2997146019038045
-11.390638965160186	0.09160763094509347
-25.710480012581492	3.697497587825741
-1.9012393880302478	-0.6730593187402492
75.27614341187632	188.65008026984623
-13.999617281141159	2.1163655139268167
45.21704886571464	-2.44766976998077
3.885668987402916	-0.5752960937807258
14.069121316896572	1.214601026956678
33.65498164346179	27.911253132281697
-31.72531621672658	-19.082681633636657
9.886865887559432	0.08171904928753441
54.256878460855006	0.789556795305507
39.90069418986522	-0.30785778709466627
-8.10540231724786	0.7361111888588147
35.68887302567732	-0.3604088691424168
-11.113537683219253	-1.0230436960537832
-12.185861489045	-1.5044985454856514
-47.56655733770447	-0.07749647490456682
16.16288041356222	1.3693179670031448
4.8467066603602476	-15.031581934018869
-71.29897457766373	-16.12426230022064
17.15939782871637	-1.9568650904446108
-42.5137653667907	-1.9412798201011863
-12.039176810219562	1.034161134034221
-27.568503813492995	3.5616124309972226
-11.137126602305733	1.453363433463716
-33.64586968571937	-0.7952494552909873
-21.701735762290074	2.589313667259381
-20.152234000482213	0.15019882541341087
2.8887352355317772	-1.1554618328883615
4.598188865360835	-1.5171993512825641
-10.089892288887103	9.767400161735912
15.429744861536754	0.9995994042643275
50.08540084445683	-1.6820302679200365
46.21940614411966	-0.9386990239438668
-24.84806570605627	0.8347017584430182
-8.680238922997502	3.6767670787772557
12.638808069845417	-1.2769617220548846
-27.821381354752447	-2.063434017039721
3.410225855446839	1.0042372713373877
-28.00998961903365	4.369421263786959
3.610031504764234	0.30364395097032315
6.8206120180043275	-2.742599926147594
4.901234590017498	-0.07345666111068315
60.345905314143536	8.26942051766565
33.571581260095485	-2.7836378951849214
65.88314907984757	0.18424799756052004
22.630092400064928	-7.729887026885371
-18.974257808003266	-0.3238791915765163
18.902524592991114	3.630845064572818
-7.796665960204852	0.9254641557457384
3.176483106073471	2.618899946264894
-49.262237773689534	0.660787323599848
37.55339952987964	-2.06482531080974
23.962020204579133	-1.6455839466025282
56.90025157996427	3.7197968850523493
9.514014321817731	-0.3989185036162271
12.238180452585244	0.029627326267152063
-65.12169422981054	-0.8059639906815402
14.833874965054875	-0.9020561021136589
-16.35567787262959	1.4990270346848251
1.9035044322415444	-0.05319427265741572
-52.38488556312507	-3.6741671283452573
27.83471261861071	3.238611659414498
25.87437898015479	-1.0994147879170826
-62.905076702518805	-0.8290958430938593
-52.84854689135753	-7.9127091585099105
-43.56856338732945	1.8461783825835176
74.546537292208	-1.5299050072912317
39.06224408667097	0.6355146345539444
-46.0236820819711	-0.18817595332806555
38.55335316537268	1.995674853591452
-14.594860861754594	-5.249475058148077
-33.423443891474896	2.427832585893982
42.35050555846357	0.5631121589627888
-44.34713131075182	4.226180061652918
0.9310740521159798	0.7380858138554649
0.3437047801791087	-7.128815296517464
0.7585194697551748	-0.3418118725394844
31.928300697398953	4.515412268406003
-43.3333398308085	2.5819491314895417
-57.44711492423476	-0.6264465973883487
58.5273611198599	0.42790117706167463
46.11414942520144	3.1215143762909063
-10.404760873760122	69.7855226914967
18.16966614214136	0.5510239960041233
49.96113364442709	-0.24178030055166264
27.744705579258646	2.3578116412200663
2.0431400391453542	-2.2869446353980365
-12.330049190774217	1.8030484460853593
53.750303925145126	0.5677348391060942
4.08974124966065	7.347951411665736
35.44267097850847	1.3387482704551577
25.865285546576548	22.54645157260858
-29.854436753694205	3.6264626175140315
21.189825075967786	-0.9165614827616647
31.927095174228654	1.0129286539365876
39.36455323653837	0.9904800555633535
-4.4305642789571875	-4.8248631098652535
-45.14350445783884	-0.29137982678245766
-50.26659129572872	0.04388031096732423
-1.3531435208655052	-2.8969982286689455
30.13363807677775	1.082954671876082
-27.91077335385453	-24.230014873231656
-22.291001671304393	2.8438072214056462
5.707323857431029	1.1680673128638699
19.8495310429263	0.2729875201198172
-6.279145645492238	2.065287037318764
-22.56538656024808	0.23215711923207158
-26.06083140809303	0.14098068696300672
7.005500666387731	-4.737129218119292
23.596041592867458	1.093117247309727
8.992606026544413	0.0969325389894525
-9.920304697388417	-3.3355722983533513
3.9124744262188056	-0.6856511150005711
7.143338973091898	-3.114870039671496
-11.851256349260366	2.103544668265288
67.6637772851713	-0.018559649192785972
-38.489066065025334	0.7642273345597425
-22.628733077047738	-0.05347664984243459
26.999048046986392	-1.4204820580623019
34.61609739946366	1.6858086794982439
-58.324333503876275	0.2009096634894429
0.15563513510029184	-0.8151900600046998
39.54522772864776	1.6961264992885405
47.928648168586776	-19.499457853040965
22.13189467323058	1.5296745754488652
47.10098722390487	16.57236253029102
-48.31759204633453	975.2915601664523
44.335312773297304	0.6406389120706311
27.701566672526404	5.244771889832139
52.27007645003594	0.6777051303988469
-10.713892889354554	0.6912629650915312
1.0550997679183922	-65.22863017074283
-17.348499452976842	0.04072894672161464
-26.924232462939816	3.0685024549533138
24.557723444944784	-0.48208376382417056
-12.326614466808245	0.21178410648083143
-12.63570429230325	2.916696916286543
54.95503541141505	0.7598591112427053
2.1685768243439107	-4.319605245810942
-59.78504291072924	1.3905506687277933
50.3418915094506	0.4728210336762308
-34.811633201384744	25.39102863936313
-6.12060293764853	-0.07953891719479758
-44.05391136173309	-0.5745201602859381
32.27387298940096	-0.7444999962563427
0.22023408264789104	-3.7272344296733664
-23.929890826450716	-2.9321757283661234
7.150038688856648	1.6290668657885476
21.150961926145598	-1.7217479355313743
-5.738708931573217	0.6120215443422514
46.96675972400519	0.1939343544694218
-22.017209146482667	0.6808757125957353
32.14868760248698	-0.5164762152547345
-7.598972755236717	1.317912200010446
-29.962668855758988	-0.19732896499998057
4.5650085425216025	-0.30117607514272826
-51.45949383688693	-2.881833123479913
-15.041298616394263	-3.49856460476553
21.503094513163486	-45.602844545345576
-1.1340050186600739	0.8768241511056954
1.6807281501245455	-0.3417159688267948
24.567696812434384	2.6656074553417026
-37.55213382900168	0.8805149463030386
-30.029516035753897	0.7627626743635396
8.969626757593288	0.6837396180133081
22.177505088031978	0.4408523976600537
27.760879802537247	-0.6527980149462779
39.10480489077359	1.2741344970219675
-1.7593035602083753	0.49963142932063176
3.636434053460728	1.3562499332425513
2.85910668565314	0.771003035609176
17.695172095317456	0.03633672707279385
15.945731458022927	1.1390929989030183
-31.570967952124647	1.7345494376861128
40.872224349667874	-1.3927817805531677
-10.162321350402756	1.8706674711266618
6.529513663827379	1.3703096156054704
-38.47144090286607	0.20111381699977382
21.876400703260927	-0.641109517652243
11.571761604754204	1.1033368653995304
20.13928542323476	1.2700111213271048
21.718981554117057	-0.18707601139315985
22.996708996946687	-1.0649901709259522
-15.59406384477943	-1.8503964272349773
-45.10021283443017	0.06990958529055855
54.20285002471976	-0.7494129762363779
2.1759997198539662	-0.4586171703407121
20.561176856636106	11.993486449835649
-32.4227691958567	-0.6190157825583835
71.39494453563415	-1.3749931562756843
50.5123427414457	0.9504711901550139
-6.703472089513994	-2.4640785450210028
8.628246973522957	-0.9438453770631239
34.40660977851643	-10.646622757527304
11.392281921344534	2.3424578557334823
31.92555270320733	2.301520628150945
13.51881350794301	3.309487349408052
58.51072717086195	3.5869141349788305
18.491810775839593	4.382458905212877
-19.635370296143808	-4.38281519947487
-20.09686427421897	7.148913015512902
-55.407502018844966	1.893060175618268
2.4668740661901487	4.009543566516982
-9.976846871620122	0.062100962732753416
-21.42127775083678	-0.2385241550797206
9.46797407358452	2.1304972185297224
9.214909364377958	0.24170465988263293
51.69696785864204	0.5894445820986398
54.556815128349875	-0.09827811691539902
45.1260580742188	-0.6879420581455737
-38.354066488205525	2.345389848524333
5.620768945555936	0.8773942430433479
-37.34645085470357	-0.3490468516202526
36.820308318533066	-2.3775080955178374
-6.243334701495505	1.3753707238939568
6.039336729110668	-0.8492334454714084
-30.56511491784966	0.9256985791321611
91.09257883478178	0.9130501113309454
25.991686073927514	-1.0678909661134826
-38.99077508857813	0.5850189097023892
4.650915650266936	0.4779309755653609
-9.122061409054874	1.7534964536735635
-21.764730848712844	0.45195229008983007
66.43176725117938	-0.7566746089847708
-26.856408770130287	-1.805852031639998
-55.20556474327086	12.944945963859478
-35.07617773174647	-0.7259794272493534
75.11272804563974	1.520027171463853
5.053548474772432	-1.4568518739816307
4.354119063659383	1.7909241561441156
-54.63226801699914	2.5431055896943024
59.91766310488995	7.282494449292615
21.238732709339114	0.01793684524077542
48.28397708760186	2.3790218829244636
10.129696368621088	-0.2738661249565038
32.083039058438416	-0.4655665004375756
-45.337767486332474	1.2066248157015564
-79.55189738251349	0.6717235163880226
-26.38006025618849	3.0967744433778797
48.47556867826183	-0.8907895534290584
8.639951018513088	-0.7946651605577184
7.709267149684609	-0.9364845330475665
69.54774571631525	-2.396399195259137
-7.725264441583294	-0.6548942234859497
3.295090990315282	3.4307494636629134
-28.348939991022544	-5.544022875163539
27.236931737376977	0.5627552741764829
-8.81914237675331	-1.1518855470155644
19.44765779571872	0.6264917339771767
24.468000046988006	-0.0049611691855819
15.703605874178225	-1.6613781730740473
19.49017687039183	9.178188339818917
-39.857834877612625	8.68089344554765
-22.038638433916127	0.1327548147639005
13.266375087099698	0.20838046931464488
-6.452587367597091	-0.7235635697821997
28.973519264062713	0.007190965193776469
-2.8124211208328638	0.07025972935612478
12.220791120297859	-1.428633505697668
-1.4570788197083098	-0.6524244574817951
-1.149041364059457	3.6967781695787125
-37.16374288846855	0.7911855544749505
54.682344341159435	0.9377850365888417
5.961726079576989	0.5416377587049528
-54.091172293409656	-8.720381109973143
47.62565174037436	-0.7158854810153068
27.439136848899143	-0.4102299117594066
37.94710351321176	11.682183059587372
21.28995018063191	-2.1322415349908255
-14.91972647272184	0.885640257046664
29.38746406230122	-1.5132564218654716
-13.161378758773969	1.8841030516321817
0.4456447366848187	6.998506909997969
47.49593502057053	0.3971695542555642
32.44859279952303	-0.34492550076242806
-33.98605464196804	-1.0175541139284907
-35.843804956217326	1.7790655846577919
-29.31346223100606	-0.7168696621466328
-14.371451234183393	4.104150313116559
-14.281858087785253	-0.06621543159443066
-12.631938388113989	-0.16810203491962222
27.56746242980864	-0.9637275979700003
-9.538899813629572	-35.33568374562298
0.9746459702810638	-0.5766101491849912
-24.66490993336497	-0.8442944044323925
27.84183375107103	-1.4317674781818168
14.002662256464351	-1.315406962996007
-8.035007297635724	0.8167520417747944
61.48069041553312	-5.544606718943594
-12.492329091820983	0.2238695114386137
28.902562051754167	1.6710006307961434
0.5033110751245006	-0.16028703187535032
-17.392481971009207	2.915851917492415
-23.3969684452743	1.6713317984384797
76.26267855451344	-12.862702903941091
9.60181380331019	-1.115604314731704
-12.491545267762856	0.4294438886387264
-17.717618298462288	0.5944660381302128
-63.02758128660331	-0.3867710853768483
8.971758981524713	-1.8089092749419515
27.810108392061206	0.3140365380066934
-0.12912125367322091	1.6948760981264046
53.96265932164146	-0.369222127855324
66.30461569943846	1.3615951104228023
-25.006432644842462	2.511889701062195
43.708153460277394	0.14083056919144776
-15.601825828415024	0.42499457239702226
25.0238320769399	-0.09283484699189162
-50.785318831790136	-2.9492513546280135
-55.814579915052484	0.30512081246461503
-19.090870095180442	0.8871872716097136
-14.408536496056051	7.476923506834761
5.4576066902652105	-2.3334304612887053
-33.5203559763867	179.28407946524229
-26.45441715431925	0.6436099771521145
32.628092839175444	1.2359534619184656
57.41994470315374	1.0912774927441058
30.70583116295132	-1.37267289641257
-0.8773609151811773	-3.0493120516258325
32.65159689131155	1.3097159232293336
4.834264800857959	4.273858496127652
11.632760143917364	7.4436610965226215
1.300526300412989	-0.326165704200055
-25.331668905659708	1.1402316860789679
69.33352550392493	0.447809136395184
10.652244989359028	1.950137776966979
-11.42228247571307	-0.8093159337368826
-0.6470151095976998	1.1354265425893255
-39.415819680835625	-31.505769405337883
38.78227168097039	-1.134530178673503
-30.136347200032393	0.5805295944355245
-49.81390541224696	1.571925134689307
-45.81459149744964	-3.5858005686964645
-18.730755065103196	1.701084667441784
-11.564585745686534	5.995820234875849
0.6490475686340681	0.8270032371671381
18.581780506955603	-0.09679254818266048
-29.481927661239745	-1.0721010152758672
12.63814971648477	5.032881068321785
12.751007006275335	0.19540680577013186
-9.680536596025972	1.214176855996195
35.90879692583867	0.44172028183882067
-7.0989378003893995	0.49543728349879923
-44.46945822737414	2.5954123021229085
-18.10168468781366	-0.46599299775786934
16.905105646032094	-0.18252733347314934
-10.05290495787907	-0.9932178331049077
-31.764091111954475	-0.48470088574481496
-16.594548403297175	0.004294192693198346
37.60044175533944	0.6124475926422678
-7.349639952880529	-11.58938999340115
-15.82533625998775	-0.43791865610225794
-27.126616731189134	-2.1564081140278457
-33.02950016652147	-1.0252934010299704
61.40102183072855	-1.058344842772816
20.67509591823223	-1.8288972910045938
47.1631082364466	17.83168691248432
-39.74860071791352	8.835346992091559
37.12184694619979	4.652757126094655
47.436450970652054	-0.5475538217744191
36.628649504180004	-0.44813635165455007
-54.93654465599469	-0.43226061113184056
88.41466437646582	877.8214482281201
-28.78828098228823	3.5234190713391924
4.05022386970978	-0.7876417750168877
-23.293342566614058	-0.38928411124496776
-3.7466318842671664	-0.6653149720660413
60.03984741298686	3.410020217043362
-36.494382660105366	0.11434362580988755
-64.91503409982396	-0.5163917472759678
65.99138328149431	0.8397671959976393
16.010215927218482	-47.79605772859871
1.42260914210654	0.6427527159737745
-4.141096095983109	-0.8940319442536541
15.334276703104688	6.318020699896457
-17.727817924253657	0.05609158158071562
6.469156704862591	-2.2629551746034875
34.279520664222275	-4.9316877167978825
-37.40088458530459	1.5168627454618608
-30.29466766980232	1.085624196320276
-85.83547233102286	-0.4996979813257354
-9.130299207813138	-1.7518718785638383
-8.763463139820741	-3.126946797030451
-57.694152316695856	-1.842954783946182
23.825827631442912	3.3210338669678756
25.744001378574133	0.33669142012614467
59.206231405799144	1.5999288722391174
-40.08203150438959	2.280312010350902
-15.912594657592319	1.4254070800352998
-22.442923445935808	-1.539803143860988
16.76847741684489	-14.991356664280488
40.131127229569145	-9.45261259036397
4.123407460412839	-0.5401225486265897
41.06951513122694	-1.0048124709577526
-19.112322538491085	1.4471708418656812
-78.37746040240964	0.7445044763762184
2.767427850919106	-3.6327447649698925
-20.87688874568063	1.9243563831335206
8.78941161276146	-0.1796727620075079
-35.54664985256045	0.29583312143114476
-31.84394467261595	-0.037353878491751105
10.888941577064612	14.687899260094602
-3.0467523321666183	0.9312926645814067
46.008548099125704	8.15065687904816
-11.765194786690433	-2.610500757219018
-19.672417605146475	-0.7097980688946214
-65.46689306365766	3.5044865259831597
22.40830119581046	0.6883690374481329
-26.36493986959578	-1.4263399112875559
-18.94816271051931	0.4281331860699503
25.980262259134424	6.871848131455978
12.563294174441896	2.8708728758152593
31.6831894344617	-1.9820712789076205
21.96917109882967	-0.7191059676781522
38.27906890753063	-1.9331745239748117
-19.90205371294133	-0.21004850912866807
-20.965091990370354	-6.292209323827394
8.860808744297785	-1.4849269462354486
-18.83726463735506	1.9227972073598723
2.242352583859289	3.0536838880949544
12.871168286594008	-0.8564721187590361
42.916878949400186	-1.0786437792303203
-13.972646303710903	-2.7719641482011568
-28.415886833870868	0.2511141926324296
-5.947619734250596	-1.1830845485886279
-55.80992049354645	6.730305526925729
-29.16754283134773	4.470361692530059
31.004158682143242	0.7438368613701142
-16.779749474511846	-2.421691675404357
28.83176590122848	1.4135716449067826
-0.059518218404341044	-0.9538952394011972
49.83187296905449	1.20227791980598
-33.93223873007378	3.768076425324955
-59.02107316226868	-0.9453927430078813
-14.054248227938608	-8.45781115207281
19.12776709813377	0.49262482471429164
23.614269804297017	3.651635173244105
45.490037962781074	15.217593118182942
40.152424613458166	-13.733972382101083
26.78517911248727	-0.9571512984777074
-10.525407168453155	-0.9824844915572377
56.33979646595932	0.6763494294957794
-5.540945455405449	-1.3340189396180842
0.23711269724020093	-0.3590104005735783
12.69415415115102	1.224296366313634
-70.07330969050597	1.7764370773441838
-29.045815925217827	0.007672317590487995
-1.8023456723046019	-0.4021965618679576
-50.08887853918084	0.4632212358596737
-0.6131198182958881	0.7043519475562148
11.842496254608813	-2.2268128955115385
13.747080115950668	-0.4745613109121057
8.160208165657908	-0.4115090919271214
8.502981645199231	-1.1376909889693743
18.36180750776474	7.705805466502806
-16.330485021078495	12.84610568459219
-17.430365914041754	-4.471083855232537
-47.75037716862739	0.9251411944334791
5.149094991382833	-0.20635551874077898
-30.38606242157657	1.3498918911999243
-9.165151820830852	3.0002612831423416
3.475160288924144	-0.6575954162264002
0.9277780650087912	-1.2678000120901078
-9.828936263816328	-53.48553218633453
-1.3231104099217554	0.009430028349217844
-59.42926338040141	3.1525596897741583
-15.591559071927263	0.39039021893946907
-55.62311429430855	-4.587075755837312
50.04092187277642	6.087856278005483
-30.61610688918814	-1.376558923152078
70.86703776185476	0.752299505578769
5.23934423702178	-0.06737803928702889
-28.132920797007998	1.635758541710826
-22.296444379142493	-1.9750002902121737
17.738710334073794	-1.3693330796345
18.982261440614987	4.178631645490655
31.947311658734833	6.754978570056589
-8.598023069193097	1.2806819352281773
-23.872972372979003	-2.5416274366842573
60.62107414125066	2.3470853608552797
-3.5705245417571367	-0.7624450630201377
29.23350020015056	-0.09736630678007477
17.93881190476879	1.986499978918677
9.414682753019687	-0.8386419826892575
-42.31669514537904	3.5966437608913466
-35.85145724247814	-0.5128108913328112
-31.348054428038786	-2.463002216743228
-29.85426475125198	1.6636524706357587
-7.464177470492877	-1.8109261226423896
-0.39776986307210993	-0.8690416697192097
17.956846056799257	0.5618142685772295
11.415455615061587	-0.655471629783627
49.27198483263285	-3.568455920478998
-11.48637491622984	0.4288504138648718
6.608044926865591	-1.73417118349083
37.35550499885527	-0.8947740010315367
3.915812832115185	-2.2468869865718464
3.4115418073299932	-2.1884622640404894
-31.68637471805072	0.4300851848587644
-32.08877458993234	-1.545264985969926
53.27013659999975	-0.12747552954685895
-8.52190179647029	2.2067612118382147
-32.75360756472299	1.668822420919138
-38.08577507222492	0.6168967303280164
21.16246566795419	-0.4223127889847557
-42.6570353143464	9.651423025953834
-60.10653567706022	0.2949792895530521
12.761115043158137	0.4824732020741137
16.364206483045624	-95.96975632938582
-37.39222519377099	-0.3412146693494844
2.4366132084070453	-1.8065618904914569
-18.376664193837392	1.1866342295914087
64.06293873684747	16.52285749344411
-11.30414104987645	-2.3658297376117083
-53.369812908241194	2.152975996459264
45.83367254380827	0.9016081808703212
-8.103345326333391	-0.21219288598161962
-13.809939203137603	0.14980470929981493
10.029803003152606	-1.7486886890335491
-38.948636313015015	-0.5743353925669056
-8.61516371168848	6.875999678337624
-40.53944624387221	-3.1302128606419197
-26.20208883148885	-3.7677988058910956
33.28855683450306	-0.15463301036869026
15.321761316711205	0.6017733967586664
-22.108552353231772	-3.863979300718829
-57.35889958556253	0.2912235317128935
-2.914412128299025	-5.386960037411896
0.31409599289236756	-2.6765934868687555
58.38180054896117	1.5862061130053533
-1.552241086509708	1.7760546136858937
4.976175402736308	-0.19765312507383165
-0.600030693309646	-2.233981009369424
4.498137125819362	1.295042767334852
20.155617138918135	0.6978990196421803
19.829844023621792	1.1195162066313942
-23.24463242434813	-4.353197011376102
-8.360481462144978	-0.39105112581456486
1.31265183546447	0.7550427643148739
-33.194529526800984	-1.0011670094852805
25.45021411046859	1.273494793994332
-31.697196729566265	-4.819071333043975
2.2187993136862074	-0.1619696239004044
-20.662773162864827	-1.8209674147540709
-14.36394402089692	1.328817269055771
-9.550523681349784	-7.674540457199978
7.037715907020892	24.009158029603153
-84.45234311308438	-1.6401098866841963
-33.71004724867929	1.084230536137312
-19.639017221959115	-1.7463751327601373
-21.589699536608133	2.954455758850333
87.97229857323569	-0.10542370688956158
65.37615220895175	-69.66398403516264
-15.535155338727602	-4.353348600471347
43.14814423185055	0.7577763900516415
33.635880165677804	0.9890048844109487
-44.35166263504436	-2.560313194537949
55.262447466147975	-0.3359130527205007
35.9004858640665	-1.4416559638714876
16.06522255550315	3.003705485439148
45.10258677453205	0.955101190581589
14.963659516693152	-0.4980508770004009
27.646362802439988	-0.27771506540428226
11.53432647689255	-1.6298125587993826
38.41503630584227	-9.106177475328042
6.773082916082498	-3.6028374006120605
-25.98188701730921	0.4470789753222484
14.851720683162183	2.810806828702592
-8.037095928196878	-3.9819248568007395
-15.018131691948545	-1.2488025415071944
2.593846428954094	1.276260682447267
0.15571553700504032	0.045336636396285664
74.89512739043226	-9.94819001163946
-11.477919412955004	-3.1244625223960427
16.312216224650115	-2.415831246162696
-2.8917315756819275	1.7571088548676304
-15.003840307576715	-2.935508986580152
-14.983185827121174	0.8656334392239176
-3.723173400535814	-0.7571838134365457
16.058888079695805	-61.114718355645685
-35.409455943288556	-0.20333123029941216
-20.674322325927175	-1.3212736284108149
-36.47880649300788	-0.2962062744518608
-30.954439510909726	-0.3013600440381695
68.7434737060095	-2.8723024444446326
78.00540909125236	-0.3061208157588802
-17.775663939176276	-23.639549279918775
-24.518440826191302	11.343413822460118
24.645297252194055	1.001309313712457
57.38604155977378	0.8102823664697697
75.05878726891959	-30.98112852985566
-10.557923346411679	8.00538650749748
25.67813989027145	-0.07362971941958026
-28.162948017634193	-3.569942504947668
-35.84326762036801	-0.5592894008752878
-13.611642205134189	-1.5305923199576383
-78.9566447752526	0.29197400977798715
-14.511574181643281	-0.007805846482458561
12.921169872896863	0.27535962862019925
-10.946760124773697	1.8235751500286246
10.763052163347446	0.6853858618175334
27.94299018880962	-46.422521438966584
-23.413937858612364	7.423620907529086
-50.734062827995885	0.3601682540322425
12.698323603100356	-1.7757182851604243
-8.92898359969076	-4.73041473759296
1.6657359244804335	3.23753122994356
40.77805256173125	-0.4330377776064634
-13.285443011162108	4.093278277213462
-15.237028611071384	-4.5300622453256
-6.400852874787179	4.162662663705788
61.55515017768592	-1.278272602821514
-17.410850416069124	3.936622926671689
31.76068388678708	1.6338200789833028
44.5480583484347	0.32120811177334196
-7.898398158118544	2.748544532192846
-40.80400525551864	-0.386435809810732
58.41189087710677	0.5227811322139557
-6.888175081907718	-0.5041163591886075
-11.480725355516928	-0.05717036080339385
-34.21998004367879	0.6578472589457746
-47.949175920973964	0.044319913415649385
53.91096795847702	2.7174629381659416
27.71906473194058	0.8138441516516755
-9.603188517449622	3.0197449491077872
-10.20526532244515	0.498871608547931
-44.30156561878488	3.6134367365814866
-21.676670037513922	-0.4685895123416783
36.987479946897686	-63.22421353961963
36.97571056955778	0.7067032559596963
21.34754716607048	-0.07425146288787035
12.40652173965252	-0.91548673173967
-9.696400987242802	5.214012639074294
-5.372650292231198	-5.483879556640219
65.66969158160575	-29.10594445830104
6.268788194961953	-1.1128004803217473
-26.732013486481165	0.2823349054209175
44.06384521008136	-0.2365560557529024
7.939939582957407	-3.821044929332333
-42.29628888276046	1.3813322342640924
-35.931469734486	-2.49326462822516
-43.55901121916714	2.7052440889902525
34.61735549765509	1.4680210657349757
-1.0360579863461952	2.0307079447528325
-25.845672765434447	-2.4957808843136187
-20.87443690042617	3.6497340354471164
-0.16639390893463535	-0.7680378044795169
-13.162408507710252	-0.5531257536515851
2.1368525754670484	23.61236268080471
-14.525230403644779	1.6946426125837342
-18.896477899528666	3.428027615658402
12.279632363176852	-34.24832534616132
35.81255842858357	0.7156898686712775
93.78376661598023	0.02992833246829662
-14.144438819112416	0.8300835342261733
-4.4756254296885345	0.46711255948480573
-5.877353895375744	4.519601285380419
0.06200344851138992	-3.0607821373767785
-61.30269743697621	-2.0163496151050393
5.118372209351264	1.522351860913102
-21.525044249513936	0.5751667438703947
46.60152847315357	-2.6985699694222
-34.917372202083726	0.8144343797369463
13.301248657623592	10.963604836641847
-23.519232793921514	1.036515726677994
-25.267209721681304	-5.027017931127658
0.3672147194398097	0.8511803229714324
-69.09040082071458	2.549486289443119
-60.036064632996556	0.09450974359126842
-12.074333204995138	1.5148285178743133
-1.368454871956247	1.5556453717232608
59.28100587900232	2.797729946642388
-1.0872005836027592	190.27715890207048
