x1	x2	x3	x4	x5	x6	x7	x8	x9	x10	response	response+gaussian	response+slash
-4.84224717868436	0.17401088406525655	3.6205840306105976	0.9473025335890615	-3.446251024296153	1.6591504901379057	-2.8505304870409107	-0.12501389711031585	-0.5338442360108706	4.235275819628367	11.116764353284648	13.00977861316668	1.6033757370625459
-3.737277680940535	-1.3281897469732806	0.38400239925862856	-2.516419983029249	1.6418679212914045	-1.3392477579088666	4.566731244326416	3.95872565662995	-0.1930631715675224	2.791940415627886	-6.371433310311636	4.195801548703505	-5.900536541323509
4.862380759645307	-0.9746347390547943	1.8179420024793282	4.457965345436406	-1.112288482641718	-4.734216646100549	4.0194826394781344	1.2326412715569575	-2.8012497178315385	-3.6447901831636442	-6.121455070298325	-43.896538392817355	-3.9620509915061874
0.12198575477883544	0.7588605537368114	-1.1990650876389264	0.9751736968302183	4.665062013800087	-0.03373049479982182	0.6312479839188985	2.0715993815457514	0.22289877728116725	-3.182929995769279	-0.5573751333664074	4.241447651965477	2.2001972052942653
4.490423328746282	0.5631800829836919	4.588566270042172	-4.141676381620569	-1.6884786065510546	-4.5331214619342735	-0.38643099476886533	-4.998278039537811	-1.3781360166239862	4.331248526214541	-93.99753677723683	-82.37955754283027	-29.863777787246633
0.38092620429050683	1.1568583755531234	-2.4114708087401624	-1.1454142955502111	1.9545171618324328	-3.388380747951535	1.133306149686776	0.613753480031237	1.074381208341883	-3.6166152862635625	-31.410209518681448	1.117983618817263	-29.119539232401348
4.2612130830752175	0.9408531185261904	1.8571174201523633	-0.842683951166876	-4.032612906476074	-2.841263458119232	-2.1875218291898104	0.8830740112524964	-1.129645317605247	4.622688005064653	1.2329138902158654	-40.989899775246286	2.053294490644177
-2.698294323252602	0.6189017493731885	-1.9346021284365609	0.31443211753131806	-4.0598833522864295	2.7920752158660855	-0.4000704230529539	-0.9040541060473286	-2.6141129751044634	-1.3126941326436414	-9.754559421399161	-27.71869824665182	-9.627335692560367
1.4435028246943133	-1.845608073194506	3.458948332776039	2.679759777603743	-1.14172965612092	-1.344192606786021	-4.4016434142282765	-4.503066335527802	1.6714254438950054	-3.825981071934942	17.570743869410663	-10.966988592746933	17.160778238440155
2.2934473885920568	-2.3762956975778424	3.1093519549000774	3.0725754203958786	1.313546999085803	0.8574512562107914	-1.4260881667259828	-3.308672763434516	1.3129604884516297	4.975226691592576	19.56746778305487	-29.316277171771322	19.503682049823166
-1.9754876952075073	-3.0744015407890313	4.7024101005025525	-0.5074747547530567	-2.524715328674547	-4.415263993621878	2.5550521613989963	-2.426714391542648	3.524919441862867	-2.2218603983251928	32.05021577040332	37.34720927990333	32.35670907257011
2.754652569368403	0.29333419327309507	-0.1925979011806822	2.50071362748087	4.595455854944371	4.664556429723115	-4.214902734830218	-4.424000896706622	-3.3922678945111118	-1.90533623403259	65.10008156361825	60.98474461391603	62.74071869641456
-3.5986693654187354	3.164082815418322	-0.49005555464336226	-4.712502379233982	-4.232174784090629	-1.8472971645328662	2.8779284795576032	0.9813957839086251	-0.7169529308777811	4.923797059173635	21.575567993782716	-6.010478546824167	-19.152054933591767
2.373430833473935	3.378217190340692	-3.6392787308959926	0.22407367589123872	4.188804435136802	-1.366793335091414	0.29348208815705856	-0.8329930232256615	4.741615112674797	-3.644045122198132	-15.612229347679214	53.8033936922825	-16.62112251080189
2.684822486375947	-4.24500706879347	-3.4076356952147213	-0.2847135408504222	-2.6467847139394185	-3.265777500579868	-3.9395147038376956	1.445991143840617	2.6454747456315264	-3.918832880952693	-63.538135400776156	-76.63009376510578	-63.02207683437841
4.0782270318672005	-1.1771111783032575	1.6921382701076357	4.968386974963309	-0.5510113882554091	-3.5022065230564268	-2.7041550601378095	-1.3312867612892498	2.866123621305924	-4.012470990268653	5.408780924166457	-13.068484818957767	6.173531616546929
1.8643938019121054	-2.4693250025114466	0.8001847471066679	4.55621667451253	3.083367633417028	3.8943722696586125	0.6770329541016293	4.252639429511364	2.8689079004290576	0.6158267010614358	20.58901144396694	19.02350820249684	20.84396478168644
2.6461905286705276	3.943566642277281	0.5494382013543406	-0.2708338122556162	-1.3217339366173886	3.326493785434822	1.1958232254637702	1.6998303988981824	-3.2677650578751036	-1.8896600249034412	-11.749963472466867	-24.400027331538126	-14.352858130096191
-3.447332803058231	-3.2916901970015253	-3.7021842874645063	-0.1797841617824938	-0.8808498554886981	-0.5472349605726654	1.7451283897861325	2.012455046761846	-0.41399523083714485	-1.9298106438966367	-7.01051407173703	25.140098656390936	5.335397318623332
1.6032792125158446	-2.9213152068640493	4.055944919457403	-4.050380349591881	-4.858531703378679	4.272782029021508	0.2580508438750009	2.447220742013175	2.4406693072276884	0.11214535322606878	-35.552332527848705	10.788497874273475	-19.774040018050098
1.312329106284463	4.811894760570997	0.5208842895427814	-3.1152108679380532	1.5088616041102885	-1.0085973493890932	-3.9715737950260097	3.6363419834747557	1.036662212016494	1.4128060246832588	-3.165605445840963	-15.168105101588472	-2.826990737755762
4.489643199159909	-3.283884458598715	-4.369433134422991	-2.682629585193803	-2.7980592580107446	3.728982813191605	2.7001801374249137	3.7788961590922536	-0.5400789425947234	-4.430117244503173	68.1284181655887	119.52769463170401	29.683221225226134
-2.3368916386872907	-2.854228705109315	-1.9960956362405033	-3.8896477989425646	2.9254122692930036	-4.679126747019278	1.3300566032738557	-1.9384424442633943	-2.7645872880172364	-4.970233233963539	-48.944402305569085	-72.66864909477248	-49.74243940564792
3.815794941565242	-3.444121045341321	4.982688782185328	3.0264823819506734	3.491099952097411	-0.9308193772037185	3.422311256443651	-1.9525214110530897	3.725815376551557	1.4484752801966438	54.138925460681044	28.653442358381202	53.42049274943891
0.7750521311070555	-2.751771932370332	1.104967140796803	-4.985229470741204	-0.31247851235960233	-3.1568104795423113	-4.671408151907653	-1.0215385736980984	-1.368117269622413	1.7187571176191412	-7.540734656925798	1.9377228711628192	-8.01853971297983
2.0995118948542917	-4.265282355981295	-1.5170033194780554	2.9001111972661935	-3.3480500746483566	3.998881188370637	2.731555556818215	4.9267142485779996	3.8258324075001333	-3.803020458986277	25.05751475527035	46.04824166974278	25.979203639455925
-2.4250356569974407	-2.572467491721139	0.40607681441944443	2.044029719358356	2.4734352138866322	-3.5141145343150026	-3.1768809620682736	-0.17710911681650643	2.6669585120311234	1.7451588280862884	5.1966335729267	27.60939743742119	6.076866364948393
-1.749615988882912	0.5189996330115889	2.619524481224489	4.630438546535041	-0.3636408455623288	-2.3286001042612314	3.390163173035166	1.5474584817935373	-4.7266171213193235	-2.431939636532067	54.61596340710071	33.99859998583372	56.28271597940377
-2.4739185886628	3.469076273265209	1.132211958284957	0.24354432513517743	2.231377412736883	-0.0691756449759593	-2.619113697169545	1.6296835472333902	-4.714489315353524	1.130910941401762	-29.519441353461392	-39.90280479554946	-28.30870038264706
-0.741636371717032	1.164978327282534	-1.5310842161880425	-3.4336330551813408	-3.21215426031503	-2.813973663270729	0.09884853146569395	2.4358778008806867	-2.308323111518764	4.504365193040623	34.29540832251885	98.59822823810616	34.00744656691481
1.6867538208361257	2.9011484788818347	3.309141204870496	4.714684293830576	3.6991511789695526	2.2224951381692026	4.320446903536531	-0.014554508112737174	1.9372358367748141	-4.229326718690688	11.423672945672198	0.4277070956766824	9.53728631568919
1.6446312096045679	-4.649471470697071	-0.8539036285524739	-2.034213952762469	-1.9939236623924539	2.850594275210873	-3.877348115277238	4.305444235766787	-2.6462191373436728	3.2654380660077074	1.9742357764238978	-2.4153845174422024	13.558612895100836
2.8121166390918493	2.8181738451393166	2.569481406806931	-2.36631793898602	2.6660022807476196	-2.4855992522286305	-3.2848252285664548	1.2737391860560185	2.8803711068947644	2.7061643173048733	-50.96688093457503	-60.896457546179285	-51.14592333365662
-0.5524575683787933	-2.3999527934904155	-0.9587433529497256	2.428046790446519	-1.8337674114300495	-2.3288331623994907	-4.8251286848439285	3.6156248856604485	2.9649103467992894	4.111397445134875	16.07348938446022	8.861010991568202	17.04071174725938
-0.7665761403608764	-4.815913701952505	-4.481565045150157	4.815158147812106	-0.35692716493528565	-2.3015232095958558	4.666482302591099	2.6734491630396846	0.6987439575503736	-0.06162602991266919	-29.475651915523542	-54.300168454378735	-33.76104380302406
-4.356623283731869	2.4542914040971384	3.3112453941406628	-0.666389993977349	-4.344140918564294	4.924119434859374	2.8953141509806386	2.9839971857384544	-4.17504282228045	1.3146827107703087	48.59900397167061	-19.291755998375336	46.501841091791206
-1.967066481481825	4.774833778629773	-1.6149042496530552	-1.6799181474788858	1.9544622950439114	1.9612998480547787	-1.5269813168202728	4.951155098849293	3.8508207793857885	1.5186771990766754	16.1104465122602	10.587759479636034	16.848901953641292
1.8410598377178902	-2.2205014408099686	-1.4368198099633958	2.5416609519629567	3.393751555016326	0.3709879003438763	1.2923092780350753	-3.9751505048348115	-3.426293109829838	-3.9612568271112725	-8.812691027321685	-13.101537982322117	-7.086462691864041
-1.372072234757277	-2.532159292775612	0.3121712433691304	0.4380630273505357	-1.580871723602646	0.9221746809314988	-1.4884110352318105	1.9809230630888743	-1.2098764380990557	-4.666292915177528	-9.039455090780212	-38.67354831938649	-8.901711245429983
-3.158016293419533	3.5652203631679598	0.9512836820262383	-4.667187593000062	3.009906135741815	-1.305981131441929	1.3636308587321064	-1.0138463936800681	-0.4018476012987007	-1.2973690663768367	-4.621194570771603	-14.574053597346062	-4.611227654019411
-3.7143410583560907	4.447577191282635	3.0764151554270356	-4.483552589919321	-4.2354462619382085	-4.067976743702525	-1.3525240439855821	-3.8699944952524956	4.729585087179304	-3.0148313064114562	65.65981534583167	6.475813996427284	67.95372465778524
-1.7794939808794652	0.8278668549113046	-3.996343913278978	-4.367151929180094	-2.007507135673545	-2.93955205445544	3.769685496527087	1.6681255859467132	2.8707619891681126	4.843032447247996	60.03806800205375	10.180595398422042	60.45079965528855
-3.6882862680596107	1.0702209956744912	-2.7159774285007665	-2.436234138911486	3.6963149756007656	-3.651683200205645	-4.193689971813452	4.16651517957874	-0.5318854309341834	4.464608002705777	26.553454219818285	-2.5095365841719364	27.079892180714886
2.4576577623502267	4.817052528560797	-4.596101350597015	-4.085221544996371	4.547282188628024	2.3660998403211426	4.903018445933187	-0.4695836125606023	-4.51048192004351	-3.809647880076983	23.88837450181967	16.49435050954733	19.458484339684727
3.6874895981341247	-2.383284160166792	1.1496920028602027	3.322670416766341	-3.8566118410428474	-4.849870454000941	-4.0334197659907165	4.1752191890958485	1.8558536317886887	4.934475692040429	-31.288081372465403	11.049083381820434	-32.335054240795806
-1.6499554416740647	-3.3856028719213285	-0.3267939175138155	-2.149677708135905	-0.33310410215916697	2.6639874620799677	-4.018605895709734	3.6313064366065912	-2.4950101101088706	-3.3069604506327743	-18.884701201452454	-38.48445157704536	-18.16909348333668
-0.2218130330846897	2.962368575093701	1.8450079389278828	2.587558833382899	-0.39276805935703507	-3.8812839738462532	2.271332636997724	0.11017496068024624	-3.5546990944320376	-3.1493470921495814	33.38243738013436	31.677667210605577	33.782381345797965
-4.582118176582666	-2.580475894585005	2.231749233295889	2.768242580813972	4.471711248514778	-2.4488342886137904	-4.112581727562921	-4.908898394320081	-3.2533392721781453	1.5544313661073854	-81.73732084726858	-97.8707035725987	-81.53646645254553
-2.6090868541795076	1.3024459090075124	1.0912575222362193	-0.06532042333004284	-4.236610635801822	3.98284119957194	4.209558292704328	-2.9319889172764624	-1.3413104023155018	-2.1020618393711734	-12.656121922214137	-64.97824705592852	-13.540583934398448
3.850551326540245	0.33557399088127493	-0.33612997295608515	-4.724199499211537	-2.7387971585887536	-3.132828800585937	4.385860264472514	-3.8667394234901264	-4.699818932358556	-4.01104477126214	-69.23997662782327	-75.41431167307621	-71.81451783812116
-2.0667915395555747	-3.50293178166185	-3.826257546180245	4.737576755410226	4.497556167133176	2.4144236170841573	-2.1177766656596573	-2.86676905579353	4.397703658819118	1.7588167251244204	-9.837456907057108	-55.73276839418567	-10.511697955811558
-4.84497327018479	-4.703375892343851	-4.830181968158337	-0.9890810012571984	4.903953699311781	1.9499594639661755	1.0705468834281016	0.43060633133783277	4.039175601039437	-0.6403775878699722	-10.127177871917684	16.635472317705453	-9.530353145907117
-0.29450069823936964	-1.6649821339318551	4.86910188531936	-0.6416825509728081	-4.596237339560821	3.558881629695623	-3.755151731088271	2.726997588554929	-3.5701780922174073	4.597169961429605	54.272716281481664	138.76670629768105	55.279768499097145
3.111963200891589	3.9219919291123855	-2.8425423572594055	0.41647330252353854	3.1965255331892024	-1.0996722280349678	-3.074103716305747	1.4703100480060902	-2.8203215147285157	-0.37368756258372127	28.14748405830075	21.39341104694349	28.476386068164356
4.456691968810263	0.0649165827538365	-2.0958838696230275	-1.2649757907708317	0.4305225128741679	-3.104108262368075	4.90799647883202	1.7834349872957125	1.106285106996201	-4.687600315671219	-0.4621159654347231	1.2736304514682575	0.5555555195235173
2.8962019108766546	2.5374711488516697	2.7105793980984423	-1.335544796952035	-3.3641708548643647	-1.176610032277515	-0.26613059709144515	-1.0498439982133134	0.20223299572432651	2.6144353293911413	-2.722189980912316	-39.744471906670675	-2.138505259057337
0.24031945915295516	-3.096456363957316	-4.496085915652382	-1.771193034349169	-2.168497948320761	4.650108551642473	3.57898409102196	-3.2174404166073822	2.999877767413887	2.1057823071396555	-46.42245451712339	-42.218058751091974	-45.23188099127417
2.2828958307802765	3.3711286666358777	-3.7338492755536237	-2.5934151488176695	-4.323411311151112	-4.15424995541335	1.7153100143918412	-0.17007064863081744	3.6761375665745035	0.506127363396562	55.54398406109162	86.0569583232101	55.84339374083578
2.329361857185961	0.9049082485928581	-4.660540721980716	0.548273486907533	-2.1395286258141564	-4.292285256516299	-4.457421304919849	-2.313465937009208	1.8964272037770087	1.6996857626894313	24.17312617159956	6.638604389049302	24.97795480365279
2.737407238734183	-3.9886257914215797	-2.7589511998723393	-3.1107248284556177	4.98494704922696	-0.15040396802368683	-2.2346395818625697	2.585596583519001	2.5222771755107374	4.161223041007812	-7.1209754185179195	-97.26737307770473	-7.690170366752186
0.48105794303370164	-1.43999686511627	-2.2513583000118373	-3.1626273042807473	3.745994275427872	0.04350106858467928	-2.2945950334053142	-2.843986218296166	-3.7678791668821554	-3.33838239715745	10.81028251661541	6.897755413475683	13.376510047488198
-0.12340463625411946	3.6075832725322172	-3.4304862010663473	3.144678036751781	-0.5487860882902948	-2.6799838708220602	-4.574168733848515	0.45027090950160886	-4.934568147880206	4.392819113541952	31.767739587463055	82.22197135168213	34.38085674220653
0.1887349340465807	3.7960055007169267	0.4822614600992825	1.5923995994805393	-2.6104732073610215	1.024505553799858	1.668230319783051	-4.934066988618653	-0.4605549954677812	0.7088946517566246	2.2834921598577727	2.8273338808135238	0.7863039921886563
2.291048740046393	0.9986404080666587	1.145773133007694	4.4558713334286075	-4.2107920459692405	0.46941584090259614	3.3331130278824883	1.9747930572007943	-1.1460960437836798	-1.8476751719413462	-3.3272279839766417	18.77930276866638	-9.063040918765363
-2.284119560878527	0.6550155133180358	-0.5843670638691361	-4.033421617058258	-2.048714396601471	3.6300668098418747	2.042255526792381	-1.7048423441572167	1.7477572996225401	1.6060596608550872	-18.26885710933752	-18.118563717015864	-16.26170261978116
-4.967715242853442	4.972344298488849	-2.9880191543537507	4.093074833010117	-3.573396729964907	1.8829953300369864	3.2884195997306556	-4.8979236298102125	0.6637661931736494	-3.2785290132930323	-11.351084554292814	-37.872673026045405	-11.216343293633141
3.678389296901159	-3.1437511196781722	3.66850418278678	-0.7742913160178544	3.021465422916787	2.6144742178567926	1.7899888655594207	1.0320103291243834	-4.719800269851274	-3.6840095778255764	-60.81688444710313	-50.32161297753872	-58.6792030562022
-0.8041180598839794	0.18869256811422463	-3.210172184832134	2.4291099090162716	-0.9198633834594219	-0.6781796835037	2.3178572116349567	4.123196840407941	-3.6430243099515103	4.463833506351433	8.718621063801919	12.09522015662948	10.095179683330752
-2.275882432164613	1.6819331998261111	3.3904257201404135	3.6359411252823435	-3.57992933601883	-4.0627683750202515	-4.251763397973716	0.4177477799764171	-3.2031291054775366	3.426982437662465	-51.92227857334167	-49.26825906620645	-33.04334394604906
1.9709690644892017	-2.0573522421768864	4.324876777317012	0.9661470452644121	-0.08851024530090346	3.025101922711535	-4.876988300689521	-2.6304588524219987	2.3270610157279625	-1.5440066652971387	-38.744831228628414	-27.37379821252726	-39.192072730660556
-2.545420180874298	-0.8240223593900797	-3.904330103804876	3.8948303301471476	3.8268432372741756	-4.602732081220546	2.6801931543976787	2.2426518006201936	-0.8451278214012534	3.55190920296614	33.4054537853278	-1.8135183510967536	34.65635188108521
2.278444862678949	-1.1029418325750973	-0.2041206138730729	-4.457888713887501	0.4741134966547431	-4.129123111031259	4.168455717734799	-2.705855349045251	4.1430389881404	1.3985476310972276	40.65544035999767	80.04356204999979	43.72738792620354
-1.858170340607189	0.5058256601316913	2.871243041999236	-1.6406132229980566	-2.586531607549137	-1.6687287553209131	3.2055703657274375	1.6144758235707881	4.689050787650428	-0.6181035010293954	-26.71550026387039	1.0459419037927127	-44.47286512847786
-4.315239751799957	-4.816011628942571	1.637038078585615	-3.9660532591529227	-1.2117880161129158	-4.915642397810639	4.3107763905418555	3.7066892109679515	-0.30833145829789466	2.599753559441594	-24.85198359161518	-44.79782915281581	-25.053549272184252
-3.985733796582014	-2.4882839844427673	-0.9665082847854753	-4.2200718566309945	3.4334358524581745	1.472635867223536	-4.227844398445324	4.0365584667234415	0.2629612549355498	3.375768229234483	2.287313138062448	-40.13239342261144	1.6627137394587088
-1.3449591912546142	1.8527940389868132	-2.4706216795625013	-4.7637319709420956	2.820560493721352	2.8258018468343513	1.3444311024693896	-4.6495486490219395	3.6201075772248394	4.529669081046425	-17.922164308684497	2.1345443675012206	-17.576837301716914
-3.0816871373188737	2.953912526264366	4.873260299537176	-1.983889257003566	2.320647420901686	0.616351360093379	-4.540856379591438	3.1630039243506296	-3.30222517973491	2.677860949818843	-46.531801016117214	-65.92686577306044	-47.34950142052424
-3.60121357078509	2.535847689230998	-4.561905644187718	0.26775286756430905	0.39777994648144155	1.9448260067216694	-0.8770648726002204	4.745823510954338	-2.8045137870264947	-4.539765787513516	29.906046484433663	27.598459135866634	26.338357610421124
4.008614796276332	1.7672933181151986	1.0065020462826162	-3.7084024991107736	-0.7439386337838014	-2.4035160837758553	0.8420404822314973	2.6408994712135945	0.15756587113863318	-2.2193816485951032	9.73231571530657	56.14400340371683	9.386823963171476
0.5633373336150154	-0.5920920988958613	-2.794053935167151	-4.156036697242628	3.1461504237583693	2.4556682678863027	-1.9904033370523013	-3.7261413958650325	2.8248694452518013	2.036811328277822	2.1667889128934075	32.42077341688134	3.1430909842864674
2.7776116752340485	1.7440087657438266	-0.463294612197914	-4.063599226930636	4.382360425927455	-0.7432657349843232	2.4008881200521293	0.9046223999906076	0.8526082612543062	3.6847183221479405	10.101660648451281	5.785347449504023	10.344776682471045
2.8447445605568245	3.0326981240252078	1.5584736316173418	0.05410192742486242	3.4279914604786157	3.8679827608257398	-1.6797870393294478	-2.1653856590841203	-4.581473955365755	-0.7307178623584987	36.70916602015241	-9.31366072915862	33.38071555606642
-0.7939643068193734	1.4887571297548323	-3.262550778576899	2.2710087666109757	-4.12015401490187	1.5808766131232836	2.0180140972339426	-0.4451337936013031	-4.981981362726305	-0.14169622447885466	-4.514832692299326	0.7925830583090496	-5.611431049883541
-1.7873585290584892	3.5203378569483696	0.5350142333491146	-0.1094483628180587	2.434097399124199	-1.5996728182192257	-3.8591562217742412	2.088904046745842	3.5313856636469687	-0.6141199882051627	22.664680663151206	5.206915000044205	20.109899319865363
-2.900902494533717	-1.7724540602084273	-4.722147394098472	-1.696007591877934	-4.037546603176974	-4.051280071816848	-3.0115356893064327	-1.9649082480316937	-0.4667143636235309	-1.8417806627972189	-19.619253310592725	-6.741361320596827	-17.91194565340968
-3.1148370000978964	0.5618513387643489	3.3301938078945703	-4.296140565640384	4.5936633813735295	0.3085810909987945	-4.56301689900142	4.278388565180528	1.7820067177509733	-4.739490302686827	5.014843409824054	-33.56922957960776	5.456180103756848
3.7688186385577698	-1.900358288265295	4.140637569067893	3.2448605256701786	-0.4890082805700393	3.5945542765078002	3.6557266816021396	-0.2893081839284575	4.768928328791533	-3.9500095428306405	20.460746047107065	30.678997616334776	20.545089034814087
-2.5580867728743173	-3.6379438998570137	4.313783320180622	0.9921654852032846	-1.7224060476594092	-2.9208894699498043	-0.2838440572061076	-0.082229951474031	2.4253405625575546	-1.29561282768762	21.200779025967087	59.3317772143419	-7.106133518358863
-0.8688230611132504	-3.0762684494337056	2.3219777503864414	-0.5234889218035121	-2.468588198980716	-1.2311222226050802	-4.712690605108248	-2.838769345761304	0.2797309948626605	-4.050404741317868	10.602512173515462	51.96531786423205	9.38863956455384
4.527433936878088	2.259706676607589	-2.4074976887356545	-3.517098710140989	-4.601960602473896	-0.9334213816423258	-1.3358366907108756	-2.735819850760839	-1.8549735325267767	-1.1945868160545503	28.084346199474002	51.254713592151745	24.79257679890659
2.007430665820138	0.10315797805212856	-1.8457412436051168	4.586705798022562	2.909114101262972	0.8405236336340209	-3.8808089961585814	-2.486299252663293	-0.1903024602255492	0.30892565194091226	-2.906825414960705	10.923831797852284	-2.8204205832563147
3.4745826848248758	-3.0961439023973725	-1.1144400173714852	-4.674091320312779	2.9464552695929225	-4.70112933146119	0.14590789286017447	-3.6073222676870853	0.132904015765968	0.7037633740915812	-4.5097504248699565	-15.376881412820051	-5.420904695856981
-1.0478058376784762	-3.6785931244557393	-0.34267011942845826	4.3255714298478445	4.026003723566937	0.6251380313470296	-1.3748897840029741	1.9748171700723631	-3.2679130838834403	-3.821855022467756	-7.580944943638617	73.314612918432	-7.269920384400837
0.8666784993091925	1.2479668133951103	-3.2935720906634858	-0.6090382692670069	-2.235562521129567	4.626685754265342	-4.2550664396128255	-1.0568926179818892	-4.662116348726778	0.7097693827556633	0.15445056385270917	37.55479646577015	-2.5619346880875815
-4.7234627320743385	0.9778626156047041	2.700774228539312	1.9362115453489848	2.715209424693594	-3.412712554397678	4.006118021279525	-2.6370521353266705	-1.4814248853425038	2.4019919076554874	-1.8890056646512186	23.540673646631564	-1.3736109532829923
4.559229386096597	3.3283870284490433	-1.1234623538028887	-4.850999384765235	1.906034661976145	3.162927436772481	-1.388486074441324	0.1523870420664899	4.393273185715763	-0.49977145033467263	-6.669209306984167	31.499715979207853	0.9500754109985694
-4.9074134759990296	1.9251695358718894	2.9491897325665084	-0.8019112976537617	-3.2509146898565398	2.237299680424062	-3.352231948109198	1.3953566195727856	-0.8851915596011493	-2.656603146023354	-44.711457119085	-86.44863080353235	-42.02773351358083
-1.0034926001191646	3.8113829424810692	-2.7576951508961525	1.4152134811476902	-0.17280200358251996	1.0370970563278528	-4.202669394874363	-2.3523638920023004	-2.828897021343505	1.2718720343106904	-16.842042501870015	-3.5409961657770133	-21.304217460411465
-2.8231915208737632	1.9933714249229562	4.564411587521873	4.727915697136169	3.5893123863063963	-2.9697264815969837	1.8567738686300537	-2.245989150823373	1.1953082036112246	-4.923383265344001	70.56194354022956	20.498384850307673	70.79669086304617
1.7851900045162763	1.6229979539745534	3.1250808998085446	0.34343308006106454	0.3274720556217776	3.882477613761921	3.475485227127308	-0.35063452618961133	-3.8360470792915393	3.1857861658407707	20.605794810641292	16.399030873102006	20.604420673181995
-3.767642390963599	0.02231963218989197	3.453071683023065	-4.399627791356283	1.4736289629273402	-0.6264795494216466	2.5659135044270043	1.5332892271736238	-3.8211123186211338	3.3534082108479843	9.825283060036579	-16.45868474387444	8.315372409053818
-4.573259232998208	-2.381412783221055	-1.4956652785537061	-2.5148586920023996	-4.329002111408158	-2.8210279942069203	2.4777861199481688	-1.2797043742141345	-1.0407653403446226	-3.7958271860440562	4.7966586841638765	28.214057520044207	3.7375765514623316
4.726575309137539	4.672681098017948	-4.525161761975603	-0.818955978108046	-3.9280887007666765	1.9600260684052193	4.885419066827843	0.5654990471275294	-1.3935446032415655	-2.680397195981338	-2.999140898356771	-45.7901755506717	-3.384827027633533
3.8621545414090352	3.203953038783716	3.217578805719109	-3.537297852209643	-2.371663127940582	4.592035326059637	3.426964855037969	-4.005811878562495	-0.052164029266267065	-4.499099272742041	-82.371854691056	-117.8614348458429	-78.96652053240935
-1.112068945028338	3.147194577169083	0.46613290637845495	3.2065559641233	-4.084960902726662	-3.4306479644818166	4.381035817534594	3.325191046137096	3.016269998305999	-1.054236378598652	4.534429747679095	-22.316108102382056	3.9280562481491024
-2.9528537784615603	0.08758377055444111	-3.4437553615550245	-1.1447263568079489	-4.6924102688149505	4.778224403066494	-4.600330342864709	4.930403814219215	-1.9015150250146506	-3.9801128389740406	18.318022301253777	-25.60398957705536	16.536626244799727
3.667396196763404	0.12765742865301988	1.1860743232923898	3.601949057695455	-2.416821594179602	-2.286276210782222	4.773394303721986	-0.3691596698349695	-4.202576974303264	3.4344370042634385	-69.2903963108507	-73.37365698667364	-66.53814896250387
-1.847185999202666	-3.0764163491548224	2.544926474520784	0.2571777252096066	2.5827304327093987	4.7704606862613765	-0.4732058448464933	3.063733067658326	2.13115048413607	-3.5395774546615346	-33.05759290149871	-59.05382347635798	-33.8557401414669
-4.497552822744972	0.719453469914006	2.355855641802979	1.2929354014793981	2.2358147909458186	2.0558798963656653	-1.6197107939460276	-3.8074632554997567	1.6605271131546084	0.4778386854710277	18.275279209119837	31.82267549800359	15.639670426548607
-2.82373765502569	-1.5025504358135855	1.9121089901312924	-0.8576689867769023	3.679031161471773	2.0111830425791553	-0.7791016090266503	4.955370452280569	-3.2627576785733012	2.9861287552853666	5.738423760272125	29.941449974892045	6.363821263750641
-1.4324023423908216	4.994256183240315	-1.1602926902801922	1.3507327574889505	-1.5259176121108418	3.3865840867210437	3.0629119600586634	-4.803090943295134	4.335287801132967	0.16364596312295632	-22.83637966107016	-77.73930273774569	-24.939827957365775
1.7476232799772617	3.311934860788332	0.2937001043171801	-3.8453263127004442	4.039907694238153	1.3691447062317499	1.81618201560907	-0.40026887877008654	3.6213312577146137	2.284323290676033	21.874083567910077	-2.4819078643362147	22.292534480292808
-0.14643831949093133	0.832875023887385	3.7050604766850306	0.19976886553060957	2.746624804396137	1.1235332236856488	3.6890383675981315	0.5755834864372265	3.8878448467452635	0.5628866373540431	4.755399567588718	47.88208045169265	4.44509296395754
0.7343660791277875	-4.05218146490067	1.5563937398991134	-2.2566430918308775	-0.023534326060214106	-1.9443118463645614	2.3146783746678414	0.9031380506201643	-0.9214377727996146	2.245135432220602	-15.144599563010196	-4.274285032521744	-14.326721121684294
0.8878508045739206	-3.805962317590723	-3.5985302781453408	-0.6763824779965049	-2.456559325910109	3.779718052716012	-2.809377871817956	3.3710564733616586	-1.3535324974277216	-3.4172429644925817	40.08628764608396	84.74753134516975	39.440395756719454
-1.129259781331439	1.4044732857638165	-2.713913153885872	-0.32722022002445783	4.790483076143872	2.2489072417041367	-1.3469676968857724	0.5242365384480783	-4.426116977976876	-2.515197990127792	20.555256406650358	-18.279477317170397	22.82100390455568
-0.8071839494697386	1.6712293719708953	-1.3876851507722576	-3.0778926126094888	-0.532144429560196	-2.351874372354911	-0.8297935699363777	4.693939203572237	-1.8676065331007186	-2.4714863402814613	-2.930281272004648	-15.469713761411533	-0.8348178059762774
1.079648744289746	-0.23229545508131544	-1.5427138706371468	2.8613936302973952	1.063517779488425	-3.560815147134643	-0.5625639004090051	-1.6476803012677643	-1.6463276638374111	-3.7948530181301265	-27.20035409626204	-79.02954091818393	-28.444923930243757
0.6728462021223693	-0.7514614352670481	0.4602463351885717	2.3026260091263975	3.9349788668513366	-4.939002046330435	-3.2999926950035796	2.1581082106400915	4.613304900524639	3.9924273723345713	-37.772450090047464	-63.14598728785326	-37.09444087213868
3.406203426064078	1.0074161078824861	3.08263089471804	-3.760479468463166	-1.380719589178537	2.027175490993934	-0.5600041085155318	-2.801423089523608	-0.5027067969577237	4.461326391467653	18.860374975585902	-8.011576470077134	19.172229995327783
-4.969366238004578	3.5277890269139736	2.686802053065481	1.4312147845586933	0.715695620162677	-3.994309711440962	-3.540514355562965	3.3853785880304805	4.930137950100368	3.174103599681631	52.22228097516553	82.66509818069112	51.76050795436603
3.546662717686882	1.475226398757485	4.237374637848104	-1.134737727585291	-4.706634442796806	-2.464625257852282	-4.691994108770995	4.88660434693919	1.0055604830577831	3.8025005285381823	-44.631350254976645	-76.03200973777176	-44.3612576818393
0.03313059567167187	-2.626938738881337	1.1785673365799134	-3.9758673210310125	4.828456006011002	1.615500985438488	-0.3283255678879815	-1.8111110549464495	1.0936222313290713	-4.4646934466326265	-7.991828342025331	-9.2302354384421	-0.3175448503300178
-2.166586818515017	-4.2477542461397135	-3.7381390330216204	-3.601100701481257	3.0838921500033987	-3.062998928926053	3.9083098551616295	-1.1476504749531067	-4.474939718677132	-1.544828430324662	17.805374148239224	60.626040161639764	27.982852591919652
-3.018989220780358	4.905039097268766	-1.2232924296004843	2.8281424059214864	0.3768189060570535	-1.8973280037721443	-4.574523912821167	-0.6255313138484997	-2.1948448188551617	4.803756992779345	-21.450856060327713	-32.90225306180438	-26.194958131632372
3.226100255382846	-0.11019876997294453	3.1657385655247303	-4.789986089016432	-4.491449762200031	3.0609909954483108	-1.487864713819902	-4.400016858723543	-1.8782917257348872	-1.263497032490588	-29.024089633273505	-73.97077276981102	-31.40062953389228
-0.918833587528133	1.0764451728895104	-4.316344228669664	4.31785111422734	0.8389203839275776	-4.937910941205745	1.9106071818969772	0.7418385094067492	-2.47268583822684	-2.2358094441489387	-65.93478404946242	-46.59229615004481	-64.29870326525239
2.360974973229423	4.790969842366236	2.2908597471035277	0.8778948476146686	3.0580086773893136	-2.2005167317432193	3.621483457503526	-0.09097724336482482	-4.856101606478218	-1.784982549229821	-30.08868363256117	-88.90319988546175	-28.897954530760472
-3.420037989970821	-1.3288495275590528	3.970190177229467	-3.0689814434320697	-1.9642716714514763	2.748036159537321	0.8438133523824973	-0.17743473601605775	-0.9874830431238513	0.011303824374508054	-19.358138433496325	-18.30722450313714	-16.505320254955127
-2.975030892773857	1.4983646838029046	-1.86448754210189	-3.3553893573876303	2.5125911377586565	-2.0757421550780544	-2.353630918308612	-3.4506340361684664	-3.3449681193323655	3.2786441444455594	-11.168966309978686	-9.022588838070245	-12.041650740043508
-2.5143213070977657	0.4933831368013095	3.6880882454559547	-1.832182681620461	3.538158130932434	-1.0873103667700867	3.9294338258186414	2.159281237034322	3.294038724276513	-1.1119658932858534	-40.7108137404616	-57.733676078651946	-41.55875017471198
0.5479713869312599	3.4836925993345016	-4.099162742863331	1.4914691209029858	2.5785801046461714	2.711155220134348	3.862897008375194	0.4347059938485929	-2.8328184592855257	-4.77483083947868	51.97735428030024	-24.152271836416126	51.309896770793785
0.491782131810206	-3.250222209411884	-2.09200050994275	-0.6023831530954302	0.618823640548003	-2.906137942396395	1.5743474432527629	3.5107456232821175	2.0518039558400805	-4.806046183361852	-30.927101213794934	-44.81556085950706	-32.1510155755467
2.546224992346632	4.677182031470547	1.7909854112207153	-3.0665984627197105	2.8024614854204843	-2.723402648969049	4.115376958800564	-0.3688527644458892	-4.527905084229231	-3.242285201560743	-37.53301860010677	-22.201022845222187	-37.59035024209168
-2.6916513650710727	-4.824157523844338	1.6291319122608066	-2.9530674902285003	2.0123959331604704	4.850839524539468	3.2667831950456456	-3.7400884448667924	-3.013931577131296	0.9223817978282876	31.225957034856574	81.40424080120852	29.44842100177735
0.20172213153395546	-4.069942726768049	-2.6182265738131907	-3.637849021657317	-4.9641250976353115	3.5478999554670825	-3.428627598741827	-0.5633484989923341	-1.7573106849954687	-3.15203862599579	18.53961802187554	-6.950831899148618	6.31350416380541
-4.98281002511673	4.31974597750127	4.946798531449206	0.984764916584961	-1.2807436972114852	2.3709773591967505	-3.9695629531494303	-3.4927628235216748	-4.6346882993753376	1.2711489605625221	-75.59143883675529	-91.91965741518351	-80.96410819598063
-1.173074489696285	-3.1291871034870633	-1.531699597966095	0.8179545955969205	-3.149007510506757	-0.8808560055001067	-1.5032150019586643	4.858284397143759	3.7676536900892206	0.3223887075787246	4.29748600419081	-26.807634681172477	5.6055863197140114
-4.713079577697218	-1.4298440651127144	4.115822448700845	-4.623370735080549	-2.1296786317840297	-0.8939466491101768	2.179782058037169	-1.1509433555946726	-3.7396329742994148	-4.529220873867117	31.81546920835805	81.78873158738189	33.841669877635965
0.8410962005627551	4.696122695804128	4.710187867693826	0.4307577685223496	4.245494241380991	2.8869575935271454	-2.51121777602589	3.238051797165234	1.683716242215353	1.2319098595799662	33.018075189173764	6.363948849241645	34.88787524676174
-3.6825889175317528	-2.998813500351196	-4.787740385150139	4.046156809162024	3.2666304726921247	-1.3537985947579378	0.22941909196852528	-3.329093807247414	4.135011216029582	2.5851754501245425	-17.213033612127436	-39.336211041345464	-15.971772273597345
-3.526033923071248	-3.670208883538791	-4.886186692126952	1.4458074737774034	-3.271732624779432	-4.684366672379578	-0.11242527782003986	-1.4855480751718297	1.8845965111790477	2.0828332815087336	49.485675698557394	54.75517034159989	48.37054582274014
-4.771219853286296	-3.0936555985104675	3.972840462710682	-0.5367789726917982	0.6154830402775815	-0.09942004151402006	3.2497635193644108	-3.0717194042413287	1.4339499974886198	-4.63627027592202	-30.46124699473007	-23.479590419201642	-30.067769693206447
1.5144381174685755	-4.411761338808357	-4.075894508916106	4.734815870841924	1.4414095997988206	0.4485845946179232	3.18375498664037	3.6556897655615312	0.9126094088993533	4.337173457070769	-25.079117971402134	-21.23899284505923	-26.298176002992296
3.2682700910812468	-2.995313849056914	2.0809924985620665	1.870130969519722	0.7056179894388297	-4.172244452268289	-2.786680661293576	-0.1576319646694948	-0.4076728765372799	-2.5398958660997017	26.986021486651676	-13.896657953574323	275.67179798275146
-2.7635380615758653	2.508584879561986	1.8441772838865598	2.9927002243014442	4.3510653625848335	-3.6367751498030234	0.1461130396798218	-1.8381675660067218	-2.921655899637483	-0.7670869682642953	-4.235253978879145	26.965420969000796	-4.717835461837835
3.679071631835349	4.726232770848485	4.670257220963213	2.76249846248425	-2.2028662234192953	-0.554890688886573	-2.0597556906551895	-4.29410651101347	-1.5134039007121283	-3.118243112546657	42.07866212157752	64.99614822318779	43.712983205138244
-4.738828258813895	-2.174520977891005	-1.3407263525857402	0.4312455618846691	-4.27091845745419	0.6589298650469919	-3.8844558194821377	3.2070121548113057	-3.6942056892186614	1.929886171134287	-80.0127998252249	-97.1365699783062	-79.62213851745908
2.3583455389714993	-3.2799889189690488	-3.8696329256833675	4.958976916474793	-2.6524551756507297	0.6454061772008295	-0.8711373669880889	3.0742824825670603	-2.2452040507856443	1.3956165667436533	-20.695862547828156	2.224245949423917	-20.01559156466814
-4.446160688546874	1.7253951594100547	-4.68778850815033	0.7048519963731028	4.149421260607406	-2.2271788991837127	-2.5561264803882566	-2.0208907078998353	-0.7352329414246892	-3.745456913891042	-62.72695742415362	-38.20003160603879	-62.66609302367145
4.527410726191331	1.7769225644831002	1.428201699310529	-0.17586277942296213	-3.1464220507057172	-3.540009274033177	-4.353764721178135	-4.990077104866959	-0.3650319655125269	-0.21086425943695808	25.452874180205907	30.203987532100683	25.410607962061306
-0.9938582819655863	2.462198144553285	-3.7393009371653694	-3.960129917439904	-1.9622756769273044	-4.5643113172193415	-1.597882406218376	-2.9268190718936546	-3.2706478247388535	1.896925207569108	52.4143364408655	41.98216483041043	52.25887261834893
-3.454741775100969	0.7209683631275521	-1.9047048717183146	0.8513323390876337	-3.940985152403692	1.8319013398036237	-4.244150307657051	2.752396719545727	2.003666716454415	-3.627718022966514	30.46179117059107	51.218319613498366	29.41766957876703
-2.881306183175748	-2.8146415943364547	0.5426190267596374	3.0878427834813884	-3.560638379308678	-1.5895529224608484	-3.959087851810418	0.4062199841701233	4.290688420959231	0.8057615740688	49.88977093247523	63.03527239081351	51.83804525531477
0.7172608611199225	-1.5038162251511134	-0.21447933505991035	1.767474999111979	-1.9379138897755253	-2.301471558178206	3.273947811548453	-0.7948831845998043	2.142207358744245	4.904855710435349	10.746028163187152	26.764318824000473	11.206621865909842
0.1757582167708902	4.4122708863335305	2.3835636122254433	-1.1156879018930779	1.1107789078947743	-1.201902317564696	-2.543463986515296	4.044670216003077	-0.44578780313490896	4.732677092245726	-12.765272751991505	-8.883870345362325	-11.886600787633787
2.484149971692097	-0.3370307751947994	-4.128968273698682	-3.4107668524676127	0.9516317331185844	-1.767737223652348	-4.227041614835107	-2.041104356056981	-3.583493922937322	2.2448469259683375	68.56167041148554	81.46347237697881	69.27536536924057
1.9934857365094727	4.968716505979419	-0.5983827156757835	3.46866655802107	0.2908800683321191	3.6512510101219338	1.6991628405261654	2.5724362168946744	4.766031777484152	1.3940782726108676	19.046616597404284	-11.641937665504663	19.08735417729696
3.722031366262655	-0.18367215943094894	2.9214887843835546	-1.3597737329553796	0.5094398650073693	-0.5510866096978422	-2.1100421391967217	-2.7844642181780763	-1.4729333263511144	1.4373776383705579	8.538774116811224	18.14445179751725	5.772366590292324
3.825005852490719	-4.073419972745462	-1.5024184010951736	4.206842270414185	0.5736561678580383	2.402833132432372	-0.8443208446437813	1.1759701091069612	-4.559979477339024	2.549360771355155	0.3328019515508718	46.186235953125546	0.9349819682129115
3.0424184779613466	2.0498521419373095	3.1010608357195686	-4.5686187181966265	-1.7631174569288524	-2.932500127742749	-0.4499643001134075	1.9296270647768683	-0.7311288292755851	-1.2999002293366155	8.917061118768636	34.15404109822336	8.831096966599034
2.32012810093154	0.08551275022320581	-3.6354602714286486	0.6575133785008971	-2.819786275282654	-1.3023091786163246	4.647608779737563	-1.5156685797377523	0.9966762191939695	3.4366645397613276	30.705583047675578	10.27602502109265	33.0837574605314
3.951963201498959	-0.4868752602087696	1.519633984407177	-3.4883090217423085	-4.502830347317436	2.4913552936542853	-2.5211093047725908	1.7542985877062307	3.83663858489337	-1.1902526388151538	-55.785950933748	-39.6538421704106	-54.52158713467601
-3.43562225768307	1.8753143709840412	1.208864670816081	-2.0662627512090914	4.617813656393157	3.607374625385118	-3.294618233277803	-0.6240421808398224	-3.3232519890840715	-0.5375254734645303	-27.360113178202624	-9.892243366247637	-26.480014436608823
4.514767869124515	2.3465338680168104	-0.6108744879381298	1.9141872211724795	3.910244186215282	2.0793004217843025	4.755942016732831	-3.043239977821405	-1.380887905127679	-1.2441264298263577	-14.247564577877721	-46.47433379120271	-13.508492335316348
-2.8384656204550716	-0.8016201331711503	4.745475804664846	0.9358471818276115	-0.7845153958608417	-0.08653307270274269	4.513400742949415	0.45019783296220695	-2.94291701679711	2.8089482585058345	37.417473566108136	-11.456691895725292	36.893540526556265
-2.2441372218116484	-0.17367396597206053	2.462738859717204	-0.3479744390554407	4.295546196641402	-3.5130220914113917	-2.6513111199256265	-0.6379553370167734	-1.8532526495396229	0.20162658867995287	-31.136212939119332	-8.812726806806516	-32.339000711323
-3.9241988134913406	-0.3133629494054624	-1.1866488468711656	1.567716194485003	2.340226154017807	0.16239768114266528	-4.1339544327002695	-0.33949830832475936	0.3731007606801544	-1.2970722357632978	0.584726267046639	70.64610388352558	0.4241037259922149
0.4526418977173101	-3.585952879410236	4.674465996331323	1.8621574365985012	1.4285762170768095	3.782269836337946	-1.4289924548360156	0.5884395599759538	4.390367247413028	-2.722251571388774	-39.99490164233025	-71.16039576500216	-27.16215480076407
-0.4858151636161656	-0.8850185299341771	-0.9469918203286358	-3.9026608441270074	-1.7752314307071781	4.524763999786934	4.132976921711393	-4.282523114804034	-0.4582456145154401	-1.516828707119532	1.7120266004599305	12.04210586167696	0.939968104140743
-0.8182531849911836	3.578357818254336	-4.851919402205608	0.6491345227776097	-0.33960999352477206	2.2750393789316004	2.22252516325047	-4.6443268333825305	4.954062774109211	-2.4651912043445545	17.040068633608758	11.606001166339155	66.1376375445638
-2.4933872858169814	-0.706710581523085	-1.0041332527704503	0.18401321958762118	3.277317199146637	-1.8652431379811505	-0.2972145717011241	2.293858822138466	0.28079282787269033	4.307417881867709	-1.2221878686440828	-1.3101024697078756	-4.603601383205652
-3.477903799605375	-2.2564727399234927	2.809329105929967	-3.55081738858407	-4.955137116091449	-3.4497251821615005	2.7931672342060034	3.4770023632089107	3.863812457243597	0.49001669096317	-40.899376179495206	-15.659197021298766	-41.68089481660017
3.0307786961306267	2.6516691882932424	1.636111597671924	4.768220350074241	4.495651036519728	1.5403662906184188	1.6572514475657911	-3.2002357544079576	-0.9654120970764186	-1.641521530920226	11.422721377022857	-18.980620508657672	14.148202246979164
-2.839539832148452	-1.4822555589540345	-3.2880247933199094	3.8147459663961083	3.0267612613393755	3.055039548072795	-3.443576388097359	0.28892456793728094	-1.3759978048267776	0.1287746219998409	-22.366189972206982	-16.33744915477959	-26.371306448182
0.5306496578304554	0.9386923622972496	2.0888773248422607	-2.9933504342886144	3.172408133684886	2.1626226761139753	-1.4758255139926368	3.545428555176292	3.543748329301895	-2.2613800988978783	-10.913630841518899	-5.754739430512368	-10.766078549207649
3.3041782752313136	0.46571376077260584	1.8778095082475712	1.9122917316035792	-3.0356344173937777	-0.23654514317725273	0.6268349868770873	1.727313984662425	-0.002770376812144093	4.9574741464459855	5.871094100535151	42.334827269840034	6.797126678076927
-1.5079714253249685	-4.030082666501201	4.284275735712901	-3.266384271045095	-3.5446628460316476	-0.7577939143741963	2.8649332083279013	-3.5300459345813695	-3.164810206531965	4.8840958068075135	-19.029985642308176	22.619703749520767	-20.138669253307626
1.2763317397290832	-3.8861741670570327	-0.047316475861012286	-0.26876386485965575	1.7935906545621547	-2.069720900323444	-1.8783477664475368	-2.973636030524399	-3.4415214346787284	1.7528575539154119	2.112988977514493	21.910436120105178	3.676240470729066
3.365515921313211	1.1941060318513452	-3.195003032540882	0.5414707261883756	3.5157519579707017	-0.35566680229528735	3.173651880204753	-2.711574028530379	1.1612907855748293	2.2867443770212432	16.581460878539616	12.242865701404943	17.216563275493225
-3.5481269976630623	-2.3874737984012517	1.2950881225732944	-0.9805643059298159	-1.0137504068110603	2.7424676344896604	-3.5564221018613082	-0.9032096410956578	4.4829525726083315	-2.985402548746184	35.97969130281414	13.637209772818572	38.220476867375524
2.566665884339397	3.987099691882232	-2.054087452806408	2.496421910706392	-4.919625174832078	-2.9020892927746775	-1.9019646142041822	0.8960805830408747	1.9812076140797075	-0.4228381271753161	3.5108122811622433	67.98694861046683	2.4440628080563944
1.7889269083841528	-0.47066748942692627	0.24074427248033192	1.2907623347589494	3.613317180899024	3.789429620928388	2.3909461807026835	0.03233231570404982	4.24756158088533	3.301575944434852	36.50117654814546	2.4849483573264024	33.74865445637385
2.5350905211370387	0.038413171249657374	-2.142687349626138	2.742505855171152	4.8962121743267275	2.9625246491857364	2.3376523746572815	1.1670353321291937	3.4543854887179553	0.604032689081321	27.83930574124353	83.91330971053364	27.51720100212599
-3.882321279390762	-4.392723521427467	-1.7738733252492067	-1.1071387125735974	1.794745883464559	-4.303473899521756	2.3036572335159047	-3.1013332133957148	-0.040743171100875664	-3.881327062806869	-43.2997176321373	-77.32917205323656	-45.95221370365527
3.898714040269301	2.9631688801708265	-3.7708843799140257	2.7952917642927213	-0.6749454988079151	2.44690681489641	0.7336416962898742	-3.1035748764106463	-3.8942536021503784	-1.9632241321209465	1.6457318494822388	14.105946366085766	-1.885895745907054
2.069962546131695	-2.002622258041348	0.20579841749106986	4.078267637382625	-2.8994088635187474	4.002679531291282	-2.2323702351961447	0.9764234736560953	3.8691121710867424	0.8196984955001421	-27.902409120964755	9.415626875492322	-41.055838288855426
-0.3336661910289953	4.352085327653622	-2.618410607949934	-0.811782724914087	-3.296350482056576	-3.6548961148049095	-2.9654774813844886	-0.44139099907248713	4.323994906131684	3.22374887336753	53.32166003933675	1.6945008575539333	50.8368040142537
0.06587637750653297	-1.5399167004352208	-1.637115977238841	4.289637033012008	-2.4360874729566895	1.4117944231536983	-2.472506335934801	1.9600762680577768	-1.7107449030652058	-1.896561715340488	-7.273814149870419	-54.59076246825332	-21.7869801997134
4.0610975076126365	1.8648008357699029	0.848826299636638	-4.691712116298873	1.3575486587615249	4.811649880271656	-3.394010160754827	1.790447476350777	-3.83106969133281	-0.4441767357672681	59.466557266598606	38.03194869746419	60.49555407111231
4.119444038196869	-2.6705664517567342	3.488962421664697	-3.550079188689491	0.8741080893418287	4.909018472814758	4.196692578711376	-2.742945999626797	-0.3995476811257346	1.1036015694417873	5.348205607220407	21.26294790254549	4.575711979649153
-0.8905386291841699	-4.323102496474913	4.574417491634682	4.744198692419776	-1.7789204889305066	-3.5353781174937216	-2.051713891661102	-1.9425278133706838	0.5906120871373339	-1.5847701249410573	49.48595703073943	34.41600450864559	48.885022299878536
-2.6164482272252174	-2.3549517953782884	-1.40088471068897	-2.059101926358821	4.040057339883788	4.906699615618077	0.10612369835198976	-4.5135000038375495	4.321357332570985	-3.1902026164279196	38.46517418478403	34.277096870184785	40.167470948164194
3.414643590492222	-3.391430420698418	-0.3155229913270112	-1.7312331537975134	2.8928527267944553	3.185535276836097	-3.7070670056431987	-3.1778960520996447	-2.3973271788229344	-2.0678570224989388	42.209281241045815	43.54998975889757	41.04675312995453
0.32509089562216786	-1.2191522824169363	1.349818002940534	-2.8414468307311216	-4.654364109635974	3.571220560117961	0.19689115727017725	2.5446849987802187	-4.693866281543981	-0.3945155164467078	-23.553462209166035	-47.28123731825909	-23.90241475465234
2.6705425224523545	2.5929519392201392	0.4613653028196998	0.6888870275648351	-1.354337676378389	-1.6223845768499934	3.7713204038197485	-3.2931038799102943	-4.795967096697117	-3.7734405844629135	-37.6994009815955	19.427723827430405	-36.228059200623946
2.2044376598404565	-3.864242690229469	1.641815768825758	2.05136556286441	0.7658833768083264	0.7807278968668054	1.2397078818540628	-1.8158477397003923	-2.954635865688201	-4.929823806285364	-12.087600856512902	-42.98967126650847	-12.775993686466332
4.411543884807967	3.784711166850272	0.6121694208900887	3.2200582849009542	-3.5884090997054416	4.149058637360067	4.6808459074714595	-2.367883189566075	2.9077162758365063	2.5805969645251503	61.87711887255416	57.11962996233355	62.086403291915836
-2.8708911956154894	1.0004700710603922	-1.5829225952524606	0.877655108136171	4.170294894599932	2.7750912467578406	-4.147072026615555	0.9462611632903197	2.7658691088836598	-2.1329960876861676	50.61285997297469	39.69548199400154	50.021583044089674
0.24558914973964985	0.5645730911161904	-2.790802248747849	1.7788484803577518	-3.922410559189281	0.9054752547846876	1.220005338190023	1.70580321211159	-4.3875709659319595	2.0664247453591518	-14.242362378773624	-19.463592666642974	-15.86775580534988
