-4227.655282882129	38.45048912708909
1607.8947167479519	-141.8785758125303
560.3752694861856	-2.3882089023018196
1307.5894040947328	-0.5876134005154904
2128.5760232330163	2.001651299411666
-333.62870306179775	61.03871935788417
-55.484934952376356	3.004003567765218
-133.27530397547963	-88.79136437236043
2529.4666727620593	-16.759605154950744
886.9928724668036	16.785589049057958
-226.463216109751	7.8409712695449425
-1217.800567894125	-5.489675359975174
-670.980960317538	-14.144790151634194
-1725.1075060054511	-0.5535150547923549
-75.75707607661585	4.603542594847827
-2033.6539114490797	133.49230783255834
-450.4823329581871	-21.300838064744458
1410.851399536523	4.2559880205392435
878.0156946602627	1.8682295676462377
467.48137565289903	15.30364660188269
911.0649083357321	-48314.72578686184
-1871.6141852300643	30.58785173594925
1323.8990044896555	-57.53369456371589
752.0984861057075	15.532364480212633
-1259.744769766745	-6.755919131248356
2157.2598289647412	5.931370955576638
-1835.6344725045003	31.781563346768337
1016.8185028487126	-16.152923515968027
34.28393451709283	6.018168624761943
-2187.3791572379714	-1.7839063728351485
922.7154371807812	-32.35708500239196
-104.3970187798213	-11.90078719769638
-1108.3469651446433	-11.360333784686997
-350.7672225746767	-19.859324403633064
-188.57821345810046	-17.68562263880367
1010.7791830781504	7.767434257378685
-571.5382034799571	-1344.7762575051884
-41.36962725811946	1.2418422869076002
1777.7156165450851	-35.54929531330541
550.5019264088219	-7.650133968137704
433.5497656951789	-105.72661239584183
-849.1979790961547	124.53062863775142
-1310.8548341032058	-26.56086101875503
-1072.6156221665774	78.3887952339476
1294.6004384062885	-37.295069351965026
1279.53573940219	-97.65316916183097
1495.832671088137	22.43647318194767
-1471.5483678391438	10.375633783949167
537.5734998242822	12.516634901133955
1204.5769946003375	31.937969955184876
-2950.786265196579	17.98275341084341
-834.7597307592104	23.781522502273894
-856.0701695947098	-26.743464892752378
-1983.602674087986	-28.64900736477753
-1156.6842179797138	-6.631183979199486
1619.0414819850046	-8.968370330535182
-557.7207447566927	-5.027218212424933
274.1433533245355	-4.7036462183335
-1417.2168311143023	-10.037013861982476
1112.102076083396	15.503214399717887
1151.5993181590852	-9.888699406752671
-2183.2615408915535	-18.402783290405516
792.3438917600691	5.0205256456695695
2693.6852016209227	-36.13647335179092
502.02614951470315	21.186563198730457
1049.0076968147553	17.31356181209103
1356.7128218646947	26.81387000535635
3168.4158249057905	-3.505559738148149
2153.818135278302	3.9616005513778147
-137.20871640549572	-1.921959827714169
328.634367448627	27.302535028195923
1889.1880044292686	495.9959709338115
490.7273081434426	-4.50174535441415
661.7991322386224	26.668577817307547
1727.0521349252674	0.7433042350227714
-129.6426140673562	16.424089435334345
-1537.2518368911608	-4.9888214406055
-1425.7135560748247	0.5534539467338158
356.4121545132314	-32.387022637293036
2001.4148037664822	-4.540760263838879
430.35802546321537	178.82637510491287
-797.8046367671045	-1.7234285504110307
-1189.7512583302123	-137.19870636601226
211.96796272465207	0.48594231576111885
-356.23900988843815	-30.852719044451774
-1299.827846591397	-9.786094927663536
-3056.7209424977727	11.523666811255325
1764.483411154922	-788.5918564867031
221.84185226316293	-3.6342154869680394
535.0426154488995	-14.41256782840297
1407.4054950994343	3.764260938130236
-3185.72442081436	-11.159095977313745
-707.3423252526444	-27.605453291538
1483.7591442534342	38.10818617814332
735.6946069257232	-2.849104427873604
696.3708767515878	-49.51178926960019
-1081.8824982353044	10.09613244275745
3903.1563225980963	7.2782202167603005
-1023.0808036274977	7.828267976447299
309.888141675346	-33.11214903262923
1533.127615809528	-112.37772232103741
739.7923250217832	4.210293550768357
-1615.8508730505332	0.1376950171852787
1347.59829235176	6.6149994958195295
-1390.9562904270565	-8.343509692829981
-3136.606703579552	-20.289602811285373
-1281.7339556393	-17.26180894605805
640.7562192842598	1.546546947378916
-1729.2548652691225	12.997105167530291
-488.18014004596876	-18.351872558797293
626.1534925046037	-118.11748453819615
-1354.4893980236209	-23.986179230268558
12.64653656787872	17.288118954377186
-2887.298321901397	-5.314113077458644
-1214.5856236809605	8.751881515205373
1787.9013546330502	-11.09521949897763
2238.268629730403	-15.34291131407955
-120.18252595388553	9.062449729208682
1151.227575604536	-1.9998388447432993
1798.417180479879	-2.998712846492042
204.2247271923247	7.869283481365015
1068.0270232779465	14.476112566065556
-1326.1847132734852	15.48331740336741
-548.4567129502551	-151.98076250154028
96.4675955419532	-13.276437768284259
-1374.5489531373546	-22.5525745293614
-1236.2447068379831	-3.816279327529274
-1033.8104038478516	-6.697088438549853
582.7805990256995	5.341392356973009
2838.4619570748723	112.17605650195948
-72.70345401336733	1.426411120598831
776.6388360501029	-22.407374325731613
-922.7242504376551	-14.370414604916231
-740.4256468368911	-18.505457908054396
1228.033342568651	14.57576560975523
4447.757269016261	-24.90099051820831
780.3766962315441	92.46523083387528
1664.258484771257	2.5746624307128725
671.1253171305763	-5.445060918224278
2523.121887316271	2.489635739843461
229.01903802529816	-0.016986957268959945
1736.4226075462054	-4.900663328837339
526.8707252039012	2.8092938232917017
569.4008111373624	-51.94845463160889
-721.8367649607319	-0.7677627697920882
1541.7948643449854	7.36354801173037
-101.5619811068903	-146.54099059882654
-1385.7569922407506	-10.650232374179152
-712.5731642552078	11.297939423917194
326.5193511728974	-1.019994795478549
-1595.639664998511	2.142613312730237
2030.7790826493851	5.450253853049062
-2293.4468439461357	18.342371986161677
527.443810411188	-4.548328443315067
-3790.387060806556	-26.58209720402818
290.336175887942	21.062285819908542
-1476.5683937508566	-33.26958580759525
2548.8735333725776	-1.7179429598454525
78.04850773378753	397.85499414260386
-342.78096534955307	-26.127989957759244
-859.8130505564237	-12.45982533355938
-528.9022451744022	12.416816322706424
664.9630576750407	1.1935788769470452
1450.6406441782829	8.25246561498781
-969.9110553868643	-6.044119669283456
-73.45077528680508	-26.73518303502492
-2252.9170534325403	18.509019934385865
-153.86843195061326	49.545454705757024
-1344.8781890778582	33.96430984205371
104.59058466179512	2.1796008911339606
2207.5575486753323	2.7291956210424977
108.69591507670475	0.28216010872096287
-1203.999450842598	21.14761954789818
629.698068011178	18.138470252455658
1647.3606421614943	-8.606509197964494
1399.5487941828103	-4.628451990822081
-1137.3423683731694	76.63395049760396
-2966.346610182024	-1.2103780291764372
942.6483126738292	-0.8230592920017067
1764.6957668464088	-1.596541838110927
1446.9958834082286	18.81158533501137
-635.8935934159513	-638.947332909241
-141.41867092938577	35.00762848399663
3063.1410508263307	818.639443981287
-1330.624296263984	17.778231652106964
-152.0527692638013	3.427624021207246
-1077.021566628462	-182.64115894042865
912.8668610901074	167.26928652343395
-736.2836172991074	-271.392651710332
-547.1619498021361	3.284887482644119
1044.2156990001806	-12.145262317557707
-233.45724044729175	6.431077907473906
-900.3133860465546	-468.15611257944045
736.8652948990691	36.83514988242281
-1952.6942326789763	28.192480755620682
1541.771283368036	-35.12836845877013
390.2465579612748	1.8717365287607837
-132.61364563429944	130.79505158979734
-172.56819593097052	-12.493550164229799
-2606.1666750042705	241.94370031731174
-1322.7993013432324	699.2703293583077
-1333.856046066747	-10.444247363917118
217.2534405284269	-3.590271554847164
-605.0020142455945	-15.174477022836799
-2449.268552241843	-24.630727706734636
-1134.554405813388	-3.002969482847768
-592.2688332936925	3.827837279568758
-2849.2072288217764	-43.565449371058016
491.71336157412514	-22.04419583615736
-779.0191397316944	-14.563734928981903
1433.1074432049306	-7.930496731712495
2874.6468360025497	10.603676269005847
-1114.6905036283822	1.7359762013734128
1193.707288860418	10.153830238937722
-2258.7297058350837	62.6694612012635
-711.6167611124433	57.857339584756964
756.527627865645	-60.50345713085114
651.9962301245122	3.858130571739239
1798.5907082481233	3.408384542021462
-982.5778490075745	14.29090815665919
-672.0874714101924	-24.49004744895441
126.4714871863078	-14.881812174816405
-1729.3372845475187	-2.7099794712247127
-2643.5844838815865	35.24952408960896
-166.3449933181188	-5.579331564301461
2022.8964524735388	11.12676304193901
-2320.0896916774227	112.90303925052265
293.8942744225751	-10.706091146909886
-146.471066356196	22.25707065878906
-413.0639488907073	31.995554818016636
-906.7006924209641	41.152191513908726
4292.615198111327	402.0590475041886
-1951.5394147135778	3.187662795297459
-1091.0230156936168	5.8118297200281575
-1286.7615724355417	-27.174420003601693
-383.7173041687017	32.38496398795308
717.5138009360666	329.97139698747947
-1231.5726548549621	0.7429466035849664
-763.246963334978	-2.2383989741932635
-1673.0018226329082	5.613100306804455
2024.3321703941901	-16.260938691774516
1812.2981912509874	-28.451124958934273
1411.4846578218026	18.37693037043383
-263.92274127727194	-15.380731388835072
68.40196822373329	11.949327332636594
-1344.3815205235546	16.202713896883846
1368.5959931338607	-59.90043026375541
-2457.6531526912104	165.67943652402985
1631.4336823760837	-9.695838776106875
-1015.8190440444166	5.150005297485926
487.2447523528867	-28.337537975673392
749.5510572344504	12.672406360874003
-134.64924388791508	-8.520956958039976
-1134.6401876701054	-6.621114645760523
-1007.0426871438589	-5.317486261542582
1604.5234234244028	27.976449307303028
-409.70405025252995	4.6279611731106565
184.22069468209767	-74.10825199034295
190.52214835354772	56.5294562542929
-378.4529313019639	1.2964443828338224
-786.9886804248947	-7.329897792903677
-1578.97387682433	-1.8558799815790052
-1277.6456814508922	34.01713942630528
-892.6143832636736	0.40979955682052743
-1724.6112998858214	-6.199439812327404
2128.435063221886	17.567747452106225
-3214.153818031445	-12.126402983188816
-409.26081688603216	-5.874747501988506
-1095.7745869345217	80.63947281684588
605.8927728889113	25.535473360848943
-392.78679853740795	-1.1798540592473288
2914.912791576209	-9.202460670599743
-36.65978997149104	-958.6928593675423
2393.877227117016	-2.8661092253894864
-2890.237501994935	-8.430648671667594
1009.9680976494571	4.429007465539635
2046.7996205181807	16.995238906208286
-2445.0004549703176	-28.457221001949296
-2585.5255949803536	11.430627597035791
1008.2694970544151	-119.600492132834
1171.950970976146	-4.805775180201932
963.964423628455	-18.35058997017436
2029.0463879609058	-8.410750221184708
753.2803180907171	10.256649500516923
-1486.0591132954573	-194.82703439097676
-164.52441102119255	-3.585056000927273
-745.6226216449268	-6.975156976779119
2.3307261098567715	-13.65269107889583
252.31393058459514	3.9333007074244457
132.22169902469307	4.529151487040742
-782.8833144483411	-16.954879542594433
1919.167628271104	-11.795388938371861
-489.6395795735227	16.71670832849298
-1655.890821223465	6.487273403448172
2202.6883522006465	118.61217071469838
890.8432492414078	35.47169647753626
111.90889602181919	-17.330663906243643
-95.68828557555833	4.9279559324627265
1183.8979092938403	98.82746747834811
-3532.8024170390077	14.676085188731863
2011.383051051133	12.505923927382332
2252.152653003196	61.10704270224582
-1371.9380705219332	-1027.614057118854
2491.745726887202	-16.448933105734017
-2957.8608447986794	-61.793147501493195
-3821.171146718348	-33.91215352746391
-1057.0502957995234	-14.218552751302445
-2160.3251160271006	13.072746999867974
-664.2788696009078	9.133426275350063
2572.5272581725076	12.116794096038491
-478.15723308342723	-27.997665840201652
-906.136440738197	25.153048000223897
1231.8133482758967	-2.7015985083376894
1717.8992329183259	807.7560707368888
393.26702518873293	3.4358773932533375
-521.245451474914	-3.334876465938386
313.1520280716066	1.6572995473764365
1710.0047274072099	45.935143139143115
-516.9392352715004	-3.045814491260792
-1742.6153064764042	-82.72088311009315
581.8189947893283	-22.276356600111196
-59.952505903427486	2.3380813817440664
-3533.011534615819	11.607806321101627
-1355.6971285962316	-5.345472182302943
467.7968125166177	8.279486983126729
1346.7246490896248	-128.4580027006951
732.4759904693037	-0.3501777027047227
1428.5930513896274	17.865513207396532
-1412.2275447699255	11.177635067157626
-2256.989546787003	12.605545839328025
-21.795269615156037	-10.590344151621842
1557.3591356773636	9.02444038811708
45.86269162197883	6.197008872247143
853.7352946659133	8.02505651756212
778.0968769708359	27.023972687587598
2637.723082628541	-17.063066687057745
-2094.508991412772	27.14105319434036
876.9037031717075	-39.842921996818056
876.3346783320126	-12.018615545243136
343.9868214014967	-62.965829460501055
-814.1675877693554	-11.03762142917466
907.3375302287199	-6.895580053449511
-19.984216325716027	48.883863265207935
517.065840644336	37.44199033466028
-578.9462245749031	-36.9333010512104
-295.362622287042	-90.78806985735211
-977.7523346954557	6.581145004654652
-2705.1390026400622	-0.27164001460400033
-2405.0460705543755	-18.4168786814622
-1599.300250835945	-54.54874400859835
438.7530256000179	41.023897380640754
992.1033482923018	28.94146991705607
2391.546259334897	-0.4526032760026974
2244.3248274150537	-7.4440826982671595
-3353.4490645726855	-33.778969638362135
1526.4200655412021	-22.549342077930238
88.78883263322489	-2.510311592833642
-2898.286543912045	-63.790254671938115
-1161.644562813463	74.0662655533869
-802.0267621349011	-124.11489601965445
-384.22349187579607	12.684093690572835
-930.5706379600925	-7.94991396196922
-1836.544345949029	0.615975768994178
432.0586376022372	-9.531267751426393
-2044.2504878822024	7.1152941744135685
932.1065794401853	38.25193572492975
372.0313869406707	-4.725476389034879
2279.744334837918	16.651079964070174
1275.6655150097886	45.715704239979864
-471.51661999715066	8.628597573325642
329.48928080250647	1.9405075245954542
-766.2477566865322	-15.35208100695707
772.1548752402122	-9.528324539941185
369.40097968182783	99.81489459888644
376.61673156296644	0.5122632507379077
682.7533831155711	14.93106544596394
-1026.0768764956233	-40.981744589245935
-1170.1674204389365	0.15862323820134464
2003.543307991233	-23.864078383314098
-292.4831093437995	15.166887848636662
-1460.041322765625	-20.880894668190187
-612.7193484836433	0.3012655080592421
763.5242875478995	20.028457287338394
-3178.1720405210826	1.7016315564654847
-1383.662202525023	-170.30711338413772
835.4347896514221	-12.006772927569658
-2174.1823484528627	16.378903902942966
-1355.9710481567013	-92.97392868190514
-197.66849862064316	-31.263367325162488
-619.6676297904494	17.889182733624832
-41.27675414894425	-19.788948449624773
-1326.1550809078103	50.909050504040934
-182.17056439165026	4.061259886853197
-854.6681518042992	-6.3652390169777
-153.70604784444097	-6.628553607874476
1659.5896497295641	10.339517594242363
240.16793191744262	144.26764219597806
-2353.4854157259088	6.261236231233054
51.960325751724625	-25.367316599028275
-1613.6789899628127	-13.584485841620497
-2471.0891090514992	-56.96813175871036
-2595.1892570167656	77.41222626550505
-1047.8494663305426	-5.4628794191920855
-799.6600087790933	6.1512806013391295
2984.483677952485	-4.032317042383175
724.6689129821273	-11.353344653863868
-1068.7738408564617	-10.97946166191646
-696.7716462483294	46.9110564164318
-3223.756881046483	9.052000525696618
-723.8073803511086	58.4697488145793
-345.9985930354837	2.724028182855163
-826.8465047942097	-45.991525052925425
-2583.230114828896	17.683241902376515
-1917.3838377286138	84.81394450858481
145.01100298971224	-8.048154857920412
-1128.6430747857094	13.514317617455621
1259.0280166472437	4.891282256934774
-1726.0840118531721	8.503061043994547
1820.1770906740192	1.2859366204947438
-2777.610801952117	16.803022737654693
1627.70189425877	-1.722525821258659
-327.0267335802228	-41.14809238358333
-1883.071974110362	-10.58294454373114
-487.4945250174967	-88.97654473038544
-1086.471865394936	17.76528485233109
-339.7767352997827	-9.789003704928561
-1131.5411928535473	5.894956159079197
-465.6937666441497	-18.80206373326113
-483.5511354702841	1265.0399683848761
-1105.1287000224997	100.69182553330647
-1310.0550786961442	-2.684549806853019
-3030.144035588447	-7.114078012320415
378.27218882649083	46.956341045746655
-844.8665150574614	1.1925517064109288
761.6758598110497	28.141517152895652
2496.8261583726576	2.092637557820021
-2199.8047433027573	91.61320844525382
-267.12361488027585	-34.88805280742887
-322.22449698192855	-122.02499636715982
1568.466084299711	-3.466836734117958
-2647.2810369541035	-69.01862483803227
1490.8380882526994	-8.19035997871879
403.41721758287787	-9.03395933360346
3100.8443027248813	-413.9364306864901
631.2261510236983	0.2236427303904804
-1056.2466529763014	5.418339033172046
-607.0770710485883	8.166807389769708
-2117.6646826364163	-101.43935356991938
-2372.1265227189547	-23.412691741526878
2804.8300075887078	-2.0631232476609505
2524.573178367815	-11.109015504123752
1818.687063335958	20.50348423489389
-1766.815246213491	37.17828086362348
-1159.8911455837213	-29.08535397118081
-1706.450694128223	-43.1879694281368
1160.3562326720014	4.81560320253187
3312.916716396662	-7.188811429064335
-643.9761261175388	3.1665849316751973
164.0545395612583	-23.647484447275787
1819.6643589132566	-12.151775852732795
-2233.384642752617	-41.67181141918441
-1337.5310898139328	0.3924019904299222
291.9962306038226	17.24580105666326
-939.4424744477802	6.294952953730502
107.68255663543398	7.553079505424971
-1568.313622692076	-5.520574472173347
-610.0730272698459	-1.2947101118619897
1091.1124447082286	-3.9861105301956448
-2189.1723319324906	24.487469751557615
-87.27039455468328	14.564263926961008
-1713.17913265246	10.824244941237652
786.0108553810143	-5.22197370525515
779.7153910076885	3.7352352787255607
1816.1798420846776	31.362288197814742
-2325.745465318631	1.7898222558623762
1624.4799124161393	-67.52238430466359
332.92351347193943	8.49402682745694
1405.8527694861316	-180.51638054287335
1454.948439240686	-18.05734996686143
-564.1250456735529	-19.585960147803455
-1709.1475762454018	26.95335207657675
-504.72579969158807	9.098785677005859
561.5453808211263	-14.053372973264166
1795.1763829205906	721.0547418707118
-1051.2272775709355	-6.998830688539017
2149.745632551615	-4.946473056608934
501.71739179058756	-7.63474522087136
-3934.4396351705336	-2.8319764628850654
-552.044172231269	20.66028692714622
566.7272910340162	-69.93697730491996
665.9700030354807	-5.141255224813859
3549.829838793972	1033.8241547143366
182.1599585077627	-3.8385673589458884
-639.8984263334501	-48.16127239461098
-1768.4709332154382	3.340716738038157
2649.90772970914	-0.6758137059365148
746.3412182094204	-130.94106137501683
1989.716510138413	-12.268087163590428
1184.577114887887	9.099191839746151
1641.0215620572944	-898.473996200845
980.1184905170734	-8.63050864114966
-1908.0486486584457	11.849828847345078
2131.9617105544626	10.204539503923053
2254.3424401884795	17.64239335721563
-1212.4532944632115	50.280814599634375
-1080.4930295009344	-54.67149072358872
-53.30950883321236	-7.928576671481134
-1667.6459341790282	8.4487081909721
-625.8848458001947	-0.9211683989870869
728.8132411808366	-39.40540760719093
-755.0442866441904	29.16028856793954
-261.854380962432	-55.169715478406985
36.8165188481757	-78.7490048110085
471.52581062292694	-7.308425286951075
460.730621021784	-9.482349030949486
768.6565119421499	-19.44047462850383
2372.621174821105	6.334649517635117
1558.4694806308798	-10.597998715043866
-1371.7390074560856	-12.10377877115684
547.8455560818715	-25.177930443095434
561.7297611019598	-18.391542370719918
891.3273688221618	14.126146573544727
981.2732202145044	-18.827104074045057
-3118.7319064356248	45.147032112103034
321.85791591980495	-59.16691329447191
318.5505008906885	1.7927806169869684
-743.8038025831485	2.489212551795518
-1613.1483587826283	-2.6972818995927357
2257.6423999649014	-10.543127017979227
-3205.590540814565	-45.785641606099446
-1111.6656906227145	-46.39946522825259
167.16372492858883	-35.1381116304556
-681.4316575373904	-64.55452225597362
-774.9030330678345	3.334691092661033
-1101.9400271883937	3.3517389483158255
1717.438739889929	23.062158393836786
-1188.9032860137947	-5.41359499946493
-3285.574191576726	4.837511546130189
1248.1547700747037	4.623765416190303
-945.901280186184	8.596288552335354
178.39902952711574	-3.2941511034362434
-1935.6931750634508	13.835716073250895
-232.4619667978771	-21.080019829344298
-1823.1102911506139	-31.93596052374569
-571.6957303093563	28.954667159757488
-1732.8349913765383	-53.765210590224356
586.9974474555951	-4.258714183264506
-2242.5379062644492	4.409956417296088
1809.592865337391	22.51672291077408
448.6218879332318	2.7763725429263273
-43.82140005396905	0.8971497401206863
-1384.1564623878244	-22.943288994974463
-813.1477785054713	8.876497283554388
79.2426709913345	-20.575204545700853
-2486.3324701815695	-106.26908614299334
-4409.402005941334	-20.55190855343852
536.1217191411654	-2.0471042802859856
-983.0303681997718	38.09378346206642
878.6216996077155	11.619102360856045
877.6743544528861	1.1936008344462157
-114.02701360382665	-53.73973023641424
-1014.6818343452499	6.354766002766707
-910.0244906947535	135.4820824874291
-566.1799422309838	20.32776295571647
-349.3258596099473	-14.267455041909578
521.3945209864783	9.344851169248233
-1767.5122270950471	40.62508122111669
-3247.631032907619	-37.74335909621849
-1644.4522101612724	0.5518920187503581
-664.6172553212938	-40.03233688472854
-387.37443772474325	-25.522843662036173
1612.2802663690693	10.955432050974332
592.8108018423851	-8.300966873546892
305.4341503075183	-2.4348740028848668
-288.4662999823943	-4.944305111373943
303.93835456594456	66.04236724844479
627.3358110693089	16.731790761103664
1876.3466562686322	-30.092286431584085
-192.63107049087816	-31.148058758712864
65.43470540998977	14.133442357519117
-1502.7309325044534	-6.338915807465177
-890.1046726596886	-2.987645159211063
-830.8468600057339	9.30462257087427
13.651880914216697	-5.314091527120589
1856.8270093243543	277.25779091126986
-1033.5333680269307	133.14479176099607
1361.4746042213371	2.98160688103591
529.7922539398029	-11.984652945926106
-3094.9492348933336	1.5489355942064005
-272.87436923035136	49.54409683600095
-1487.481499372185	16.145576265966223
-131.8418137503805	-1.1983053731102244
-2957.2280631441267	-21.55021965903165
218.7700028034566	13.236799978001256
-1294.972463847181	-12.728158516298633
-3176.3978508656323	-18.40817593127355
1119.7159109493348	-0.4203131793487385
892.5471596262638	-36.57253125025136
-234.75320708808124	-56.67743133337942
1916.044159068168	11.604249873845436
-3518.432191255447	-56.186616101715515
1626.1277520111087	-5.073806980275553
-1801.6334920013712	10.126127296023457
308.4737930413369	8.774664240206377
-682.6553017924318	-6.564343259978556
1952.6854135215226	-22.71131391391958
308.01166128388	-24.14927334260045
523.4085011304444	-1.6916298588884073
-223.48825683169824	-0.17900189650333945
262.70424560079266	140.0568912156868
169.01964097777713	-12.637671443681002
807.187368546784	-18.37953375855915
581.8456176788126	-35.38292941173442
2031.2253670763691	6.832717441937183
391.6169960766436	22.815252815909474
3168.7787109875003	-16.637296895388182
896.8184419639931	45.65482181461746
-1463.6212891064922	-30.70646464567387
-2104.6572814273277	1.6140076665069185
-1669.112521895024	47.8722432046015
-338.691883836021	-37.812366411298306
-599.0164530249068	-53.53548793317806
1184.287770735137	-175.68035685188238
-2206.2217714258663	-0.667913831209648
-468.737907060015	-0.5506072274677793
1461.0229994493686	-2.706718699610065
456.3550379080763	66.40791669341444
-1313.8765690356936	179.08177356942127
-1744.2411846902892	71.43504013726992
-552.8829625899898	-1.1014175182918169
2909.6107238956033	-25.443323292427774
555.6489906857468	-4.201803894400969
-873.9333533308848	-6.205751435162337
-335.5687182865254	-127.88872635817717
1927.905778804826	40.517854410774454
-440.60343082660387	-41.88505814451247
-1189.9037583723693	-41.43711864521739
1852.0417852979006	-36.929467128094046
501.9172705865278	-12.881216558141322
-653.5288867204973	-149.2962712336239
356.1969715553143	15.464419816102103
1075.412748865231	124.92662864342748
-1206.1361930985058	7.319773795330259
1257.9547719067805	27.843549329164734
-497.79887623583124	3.107961506200355
1057.9812251898884	-14.145654437753649
489.0193332388462	-24.258491940633178
1958.6161959071253	3.7704914970314065
520.4256136362019	24.546166872909833
-936.7687156513919	-7.68667356732594
1225.5028385799087	-22.448160809429414
91.59541902056547	-14.221743585222626
486.700878719624	-28.208329150260873
-603.7952407249554	7.056331408662827
-586.0035784879491	2.203180076778175
-624.2056197725663	-7.529557192795817
-2215.653924636271	10.950599631178308
-1142.5944439829368	-21.762506122183712
1647.2967293388358	7.929049681548804
398.4530513602224	5.465908499293612
296.3126528525575	-7.254583843434006
-1114.2822865772314	-55.79366275896943
1797.298686230504	6.087006102253105
-913.9293979798501	-3.738043099021146
390.8124835636273	2.671022062507071
980.4407108366634	-5.40181759343062
1808.2680083446194	15.138804752183212
2092.271196134139	-15.803426024480414
406.3266308246438	-6.108761071508961
1943.1193369493842	11.793066484638
248.6978538989871	8.103988535341587
525.2352562014322	-8.73303424782263
2225.362653589538	-31.75898034718391
-356.23020830778285	-21.032159001049163
3184.699535719486	-29.525208587163156
1643.621052144742	-25.22179606125683
134.17915392710296	-4.543306393397108
-1756.264571482998	4.223144632055982
536.4811494123078	-12.401579767171844
917.3033060238015	24.208115656376425
-295.6077569481921	-0.7323111476392428
-2394.496643957548	96.9894808221868
816.9144824640288	15.304334208589044
1214.1964009970359	-7.1277172648723
1013.9100079361419	-15.423511661316754
-1689.2873312760232	8.657845995237228
411.22643488021356	19.425229345908033
1233.8324330067476	11.04649354167073
41.94065184939899	-128.47994785491798
1742.8886165242855	-75.71792824752613
-472.74228038553434	-2.70234679457556
1524.9265078279725	-40.00072384372556
-1391.0783304431382	-0.9407738606354985
1229.5170652682502	-5.915920322757764
-300.0080156680968	31.51678180522718
-145.42148727508902	-0.24259691535728958
879.4686794940033	-53.28109328581654
-1288.4651440911775	-13.137501454167712
-1705.0318163222462	-21.339361119048142
466.0836796639053	25.70617366627364
-2180.232858380369	37.5996752850877
-1022.3564468070938	-2.616322580052633
521.351468479224	18.390553241709373
-1230.3406822369839	-47.02416051333238
-492.89659215175175	11.512078843908004
1086.111078593361	-2.6450166260872967
573.9529876545201	-38.42679755930534
-232.34548812190755	-14.718089732544238
-1470.4999113055762	16.377229254131198
569.4293155129521	14.843840364581043
1335.3335817261361	11.770245819635328
1170.7944704582048	1.5055435389154328
251.51053464259468	-1.107753385366773
-1648.835965890079	-83.82116359533279
-1078.6966622159034	-0.48285968831989917
1021.5790205109978	-33.19145879775027
1209.3716729507676	2.139856096361519
-1417.4059300109288	-52.22134733947895
-1485.2764709498908	-7.434354163914623
29.831345269077495	-8.067013855745156
1044.8575221829599	25.74509527251097
486.5656762053756	-8.425781820531762
-415.97876590659513	-109.90107444027662
-705.2758757403936	-1.1275901140687308
1325.571523773022	-0.48632182522237855
2130.60305335816	7.672731625886993
-155.5622735101733	19.464584181156706
-3765.727534826615	-17.00502384811298
1490.6480960330205	7.461900622292526
74.16746254865477	10.536382762350318
822.7461969487114	1.4345402914624155
-1417.0315643118845	-12.88258917334233
-416.22185628899524	-11.030381827235942
1774.0746843091038	-70.99219493210488
158.09797919031584	-428.01914231567133
706.9327721918887	-3.1802749820134335
-1523.9835242354648	140.76187624990135
1295.2843784884938	44.63701436462369
-1420.5346630278218	44.38477239285002
-3323.804253639422	-11.67960634909112
-1917.2806934845753	-75.19046764392674
-1780.8388571164128	10.77496529498359
202.5784880822256	0.20574332791902575
-51.98024152168692	9.8635589522337
-201.4940386233397	118.97763923622999
-383.4928659034443	5.195880201524151
2493.4506044222317	9.604880833268378
-684.8284930227923	24.31253162802374
-1186.818482620844	22.23322482035722
1656.8833860316495	5.749180275763684
-399.0352138360539	-20.726669113019486
-166.71354597466794	1.4275664970726147
304.20299182690854	-27.218472983819648
-2744.8527290393326	-17.633690090442382
33.57642569085762	14.47806611757693
464.036393822446	-4.88889125645849
-3298.7248245936157	-27.868440831631617
60.19519999900777	-5.915685295478447
1859.9679056874606	3.0392580382051726
-1020.1648594441979	30.107473565243435
-723.9898781300084	20.802453512146972
-1192.8059785926496	478.15164304347405
-409.91262527981615	-79.4150245159769
-915.8244854174584	-10.499300928734941
208.3319372991331	-15.107617094435682
144.3033226931597	51.15443014786121
1326.6227602905622	-4.67254522168228
-272.82854427580446	-21.250233399058118
-1535.3730003948415	31.013820039100082
-2433.1794729434887	5.638761617206452
2651.909177185243	6.349283950737971
-499.9126934575829	-15.249431639537606
-797.256623403789	-17.307631434689448
4326.846582149273	-23.17717469617599
431.3988195405066	8.55447626384061
-2279.6470992708637	116.85555904839525
2097.864177579135	9.958616887546382
-1525.1891212638377	-4.968524646542727
-2385.6979773591784	-3.5024648617671432
-499.78154573299685	14.131055589526454
-1045.4855953518127	41.306460022643655
1448.2185029217624	3.6292661140840377
354.8311127633577	-34.139003960018556
-385.61569072347635	3.3796317226691257
1535.600892224994	0.8224736659787444
1097.5231650049618	1.2524716089800116
67.79221757708804	39.172451688042536
-1326.557373194007	-23.057494884564196
1795.641168436423	-6.05509082207374
1657.4511188930271	11.842348049844245
1579.734814409958	22.565626747478483
155.42639901887205	-33.18614022559667
390.09902771093294	14.807032783967303
-731.0385867406408	14.810496773803353
-1593.722019381983	-8.090068530293669
-712.8941946620247	56.23121743314126
2210.7769841565582	-17.463416186472763
-395.8338961548837	3.611484259997467
-1030.3204401876005	14.243384269710937
-1429.932091992277	0.2199867047694447
-2033.0347853266728	51.40612411409809
455.1878112152767	5.509841072302379
849.1314993387376	3.5982756999485885
166.08047171675062	-95.32449512029628
231.37976903641734	-34.683734546673286
-253.5050794119719	5.715187211085127
-181.98449622972416	118.99739969644847
608.2193026660553	-7.097905334376225
-247.08263921902116	1.66998019658651
399.41416248704047	-16.774106401370044
-824.3579387745035	139.6221007071392
1233.243900723569	15.329498463341604
-878.7352237148126	7.911581256857452
-333.6245849241746	2.51434393089422
115.16230270162364	-35.194062026470384
-2578.2748702450644	12.32506154048306
-2804.0297258031155	19.203483411160537
2416.477286905223	-3.906922787824158
-247.55919539606307	12.646897301649325
528.4007689737548	-12.518116861687545
427.54105531492684	-158.45188187441528
1392.0385401954004	0.1800907319823945
182.3916867925967	-12.118212931271987
96.67205885482905	140.1414786970535
976.8472169613839	7.360403611432957
27.21063133023026	3.2464862638625207
1463.9341816768506	-136.34200910708648
479.9581974631489	-7.117073901715979
-1063.310347720885	118.2885416188392
-526.9043044832107	-1.0486702284544631
1030.787712128612	-3.581952386767758
-2086.097920899365	8.172825047880394
1083.6183245170464	-47.56423980786401
241.18399046175645	-29.107565673631342
2318.50572164313	9.597653684952707
-28.925548035834435	11.612224233439173
1476.199310679466	-46.76980506489788
1741.8719390585898	29.423783984368793
-1179.9169683824543	-2.612852365882311
-1435.2559870006264	-34.56137095190285
-174.11726232384814	-9.596016642520613
-1532.0586301423677	9.667056381263386
1114.8993906144017	-48.575257438699595
1911.004895215101	6.619620620691473
-644.927392005853	-5.087985149057467
-309.0672082449943	-199.64686931311323
-3462.5190550932907	-76.3769920927696
1911.4288463824378	-8.788337321814382
-1950.3941398422871	3.7847068398711796
587.3556828241541	52.1245671489905
537.4585265580776	8.634472463196849
2783.4342689258474	-3.588083955684775
639.6279911773448	-14.875976403979266
801.714111405434	-72.44248205592687
760.7414443886469	6.097487359207243
-750.7610129856065	34.86230085034947
-390.5204267479546	3.038884107138501
940.0317195828832	-10.972615804147763
-2211.605502286653	4.850995969233192
-368.1090745043785	-10.277268500565153
2000.5051450721473	10.857366996329498
890.9242252079547	5.014512658108239
-616.1393727683147	12.025212711748633
-563.1489409324878	31.190159897676118
-1740.8576132638093	-5.792330207023583
-1626.0027203557659	8.006110614357686
-1335.8691218186398	9.84953215413952
-1331.619419576434	-14.152377146826332
26.682763054742956	-33.83270529779085
-768.9166665109568	-17.079420981528244
-1070.959316799127	3.358393204844034
-1284.1312444591886	-219.94785539890964
-256.1697899944852	70.6671432537756
-691.7313708954146	5.8173620443537315
-1261.5848626485058	10.282174526857448
1164.4777343945561	-45.01752591687419
1401.979802068086	-1.7698914064473574
1260.483227140852	-2.821061698704824
418.4161996998877	9.015280954011505
2427.7319652489155	30.9356678624438
1948.607221490573	23.334818551379314
2707.6376712021383	-1.3268840992828477
-1740.8782334968841	-1.6702042308488738
-1081.70612090503	19.634039189857585
2510.658041573376	1419.3591294645482
-110.08441370232028	-37.5229278422965
-10.630415058752835	-28.799634917962468
3376.0639125730954	-151.76258211180243
-11.78976177389971	19.238923443419683
-2239.5968159079703	24.287380939204343
-28.69092269992588	3.6751391100631263
611.9089545622112	-74.94672103351624
849.7628007200062	15.325998998096773
-1245.0100853012384	6.831863425556367
1180.3416622582681	6.208439615235517
542.5759487685515	-22.022690681791435
-605.2878709777139	-10.953265409297039
-1771.5015956873085	-25.71580597110024
-3130.709823623437	173.51988877495893
1616.277937136288	8.599157642919465
-69.26150449198981	-2.31485701680904
-339.5890568674574	34.5727072665753
640.7242488588344	4.131235693269111
-838.7820805127585	85.7846707220517
-1254.9691890700813	-10.100394112401561
271.31731002811347	-13.292363013520385
219.24794450051323	30.67793911583775
-497.2483227511584	24.61316206758228
1550.8371740304146	-11.520350029169542
-1287.4494451433127	9.76783290367979
-1992.087366249368	-12.834443313534164
-1539.3819585300855	20.090926197561277
-549.311007454383	-6.175319748012807
-221.2964729053125	17.68772375921732
-1914.0658365652725	8.055997506936325
-380.97854340886886	-12.544465696475752
-80.8765919681083	-10.935822335732214
-2923.0733873639015	11.86535102338218
-460.45834990478807	15.355577532243302
-307.5853880327076	24.843098181659272
-709.4578828022013	1.1884985080969301
447.354302086624	-2.6557275637458275
461.25271522014253	-13.505568743204917
965.5724900538687	3.2457359126459524
-358.97226049125396	-15.432989078546873
-61.352657750282916	-37.145378987548064
385.1082413201923	-22.7367068194222
70.24426949215706	2.053380812659489
-545.8445091647243	-18.57204221574211
-997.8098908332107	14.101995995732153
-587.2606382536278	2.3671192256162095
335.80645194910915	-40.85575558571357
-2028.0342441308499	-6.519285734474583
1445.3809928316732	8.176696465527336
-1778.5663827404576	-199.53475302275663
530.9870663173234	-547.6594834891162
-3684.862898889854	-73.98519492842053
-1207.2880804982574	3.3863249813368266
2211.4861657859165	-42.38580618024447
-884.8607664287666	214.0795254233585
978.886740026688	-0.76650851068256
-228.04936643382575	13.672823076131005
3673.279838749001	17.994665297303825
2072.953788110352	0.029189122130565872
1586.639758129679	-7.806222940147059
153.9476660718533	25.112918721120888
-1017.170503559245	6.633840188710754
1107.5549723362374	58.88801489688513
296.31858161391716	-17.19830580283118
496.11157009939586	244.24272039699034
1961.4920410852117	-43.888211651253386
-161.84179197481228	11.624964782329101
1050.418197401727	169.72371702329522
568.6631140010132	-18.58715080475571
1295.643643988006	7.162020219466192
2958.7693919565872	-89.77369163204077
-1258.1353750671635	-21.16327750626953
869.50354221428	13.750059614883643
1570.5470882832888	-10.59342308316355
-303.42978930174905	-0.15186381866971885
-412.43224813777937	7.746164810369414
2763.4374878035887	-8.09303987199294
842.1734662712686	4.35334614779822
1333.730916350679	-1.914664584817495
-674.2591608600171	16.780941179768217
-711.1586692055619	-10.779040232228459
1252.2339495918893	-70.0317922982868
1242.375503647192	24.337565902764975
1188.0133260394111	6.3937227332655135
2885.3995770345373	-7.1061463816284
-1240.6141543323172	-20.891293398960723
15.909107068576688	12.126614447999751
2256.9020492791024	24.021662966763007
-1249.3532442572819	-16.348556548138014
1046.244269566471	-2.03026640231948
544.5996464184707	6.542987684637992
117.13845062595767	-4.751795454003497
-1194.2122792417927	46.67825044942924
-42.6024460688606	11.085148643476302
-1258.381334653921	-5.056819651666054
-2189.647438978885	0.6759784391150688
-119.18722897478344	-0.9582789849816775
961.1806995072241	-14.697205158996578
-817.4761067616248	3.2489539630738564
-1549.1742105855405	-3.7020991129763416
-77.97632877862523	35.96267191614083
-1098.1130779569282	3.8794414218956463
267.6285831660397	-19.070553260674618
515.1201869659595	15.568221842750786
-1515.4394384585532	-8.77662020210782
1666.04932276363	4.369735973468112
-549.1465257334806	-786.795147148008
-3410.754327278481	62.88576163524284
-1394.302810773628	7.729829031740184
1951.389246426242	6.651468398360045
-1850.0243767644538	6.630565774773131
-267.5060804000832	-5.42146157807615
-3377.975976970133	39.628398457655855
1216.143253602363	33.55367275434025
-1333.958305674976	21.10908603669984
1898.169759875481	3.751886152376704
1675.2983073278995	9.286569242208584
209.81818271628313	14.979238012268105
213.44732828846182	11.354177633115658
-1624.4135192083131	-194.72963904423742
173.42969146552608	147.25096746425197
440.44493048591664	-43.82912477105549
116.7016303376145	4.049938328387845
-78.73977889367046	44.16576447532675
-262.56722069267033	12.572365810166943
22.544810972490005	-4.098371687511596
140.8597641628066	-6.994292751134649
172.3416124552062	-7.83947925731818
3321.9155459465405	21.259804662258652
893.1896783552694	-5.268042125143747
1470.4968457809937	4.117862554590105
937.0273743416726	-13.007912678577684
-1066.5909995419822	-6.792537763589465
-2540.6343387232773	-6.269000568469616
2132.0978216252074	76.6372416671339
737.5972316317285	-28.296289605279487
638.9070692581389	-8.967956540285718
608.5408264126938	-4.775495341040469
-636.3801756375614	40.11988783986649
-2180.788582314622	42.75515323297644
-77.99421659534919	-7.717936112761266
-1501.7663863335902	-7.685918138596613
2378.260480625585	22.151665979882736
-449.9548665640991	13.42738507275227
-548.9341349718612	-8.14066655632959
2518.0741525919134	3.5285104054346483
-257.02544645040246	-124.63369223982541
-87.52721887812616	-94.2316111391391
2213.403655413232	17.479288508752106
622.5532232846339	19.95121871102286
-487.73613329132536	0.527698756618617
26.83743743705832	-4.044160964460716
287.65814150232086	38.45387068448802
-857.0354889310205	17.866802952152955
-256.8540444272587	-54.89900071194438
-89.06367988765923	-19.39758936888835
-1950.8519452334453	-14.897360323790743
-86.32493519415304	-30.754792653041573
-202.00829612910022	-4.210070705053799
-971.2045539113906	50.9780630442027
595.5784551509099	8.102197638936978
935.3284175503615	-4.745711830226153
-1200.6707232728572	-92.11949797137991
644.206276935574	-119.4477216773615
-79.45758825705227	-67.09451793586022
222.26107261972834	-2.5844910188024364
2475.214436863958	-3.9834427340521645
1014.7306449255582	-14.649843073875562
-454.8844362873833	-17.56977601641046
-2292.857379083935	-13.671516525399221
-620.1186217910135	-15.857233377065175
2033.7806714484484	-28.974043758799485
2743.0421313990023	11.034815878231583
-2183.490786882266	40.184761847010435
-703.5477394886555	-7.8403133480789435
-182.47944905166528	9.158541915119221
1229.069108062915	-305.1975620859003
-1183.7103341815268	1123.1471482260072
-2368.3762823690527	7.552921493780921
-801.275550758368	-28.99847593780442
692.8012119882653	46.96589764575686
-486.63340646140733	-2.6667496483105313
-1539.9542157061871	20.62382308255772
282.93881084417967	-35.659417278669714
1380.4147768264743	26.426822058906236
546.3622981652122	0.8589001219956086
-308.2503358034689	-6.305521997867334
-2719.187857454852	-37.442451961562305
1186.6730781079302	23.550561968129283
-1278.1947592562287	17.19268381424925
2221.4254919621812	6.75481308409493
562.3461683477166	2.95475729336887
84.71466472780628	794.0257920198338
-66.85848260062953	9.14667754115957
1908.53166366678	-40.53702280749331
3243.660457140778	-30.30973709429193
-2157.3923364274137	-19.0789621792147
-27.770627867649427	0.8569923148678479
1178.4390862593411	-27.634979805295387
212.50391259151002	-2.918114444189339
-1113.3020266644712	26.500714660837293
1687.1631363917675	9.321620845886466
-2106.6132457043086	21.92097902411752
-2379.2159280671385	12.193598862394106
-1123.8134287634828	10.512263413893915
-1982.7172828788337	18.74831360286763
-1888.3857820095354	-4.94383034977004
1294.7864899161116	2.2066142895608185
1628.2604290154372	3.059285631728421
-1476.5552179513134	-18.98352261093571
-1980.423727384401	10.521710083307097
-1180.8433482182961	-66.90261304093306
272.98360399845876	20.754826690322638
-906.5503672680011	17.71728017325969
47.762283883948285	-11.77660744696376
-2087.87018165941	0.09742999844141574
70.65131788158772	-4.962167695670694
-1505.0558841781271	30.00497136096095
971.2265150596616	6.3224116184437245
116.65697401984306	-8.428191630709152
2452.485934835714	-2.2936282867057503
-903.3779529799889	-1.8397527491936145
327.3430378645019	11.736991499040823
-386.891644082973	0.7804963865657771
-389.4872434378298	-5.840991232464603
1391.1742192564889	30.08091500003064
-142.02368179278517	182.17952195513425
1249.9623288640048	9.367949620134434
765.4238634863675	19.26595901002437
2161.710375851941	13.826733484910099
-1102.6056231669352	-6.759066662138376
-895.8285757423183	-122.56835382598649
-526.3060918110438	6.162171349267916
1653.0422876690245	-7.52027230682511
-4566.638522664673	7.212871196210645
-186.4295095150197	-15.206864519124862
-2537.4991934857985	8.405810231943297
965.8302952195003	8.186173725033642
2409.6657506787838	-2949.143179496351
301.72772986264766	-8.689595290399264
-384.91422950731624	2.9183321644609976
-324.5573675073227	9.384045165281469
-4048.2566085266253	-48.65266677825783
116.63165901574327	-3.986223630432255
1487.5804684141438	20.58017644237917
-1585.1078539425278	12.010408340950107
742.3908690142781	12.464767215148958
14.916775420444614	28.842393731899726
1924.2642983972228	-16.07029113176802
-1325.3482695111434	16.53299274968589
-762.682532348754	-9.426220255527612
-1181.6424256034666	-2.3937364348970367
-1.6632777400520444	-14.591318163574261
223.23957337417903	8.692848066257383
3594.375379756404	41.510066262280844
3157.5876235774026	-39.07247674934071
686.8664305874078	16.16897650028866
2868.225314738543	13.530375170348407
555.8721682989634	-27.842460109587275
3050.4790061559574	75.86960668342776
536.9473523464604	-5.809678261437103
377.08084400360775	15.045187997599639
-2418.026649816805	18.605096620218006
-1962.4240424323136	-12.139654898625516
-1218.2578726981887	0.4984699805147356
789.4352165199881	12.633654911026452
-1003.5381084736537	18.218380999353215
1682.6302444611506	-11.56670423099922
882.9587559578923	30.972205664562484
-1368.3365849593904	-109.78780705919267
1124.9616078484564	-84.687434555932
-2081.7868817292037	42.36895110047034
-1364.3873734617914	-11.384105503677178
-1457.2907794050334	-11.989605499760058
1483.3493879621344	32.86449136322512
-971.8116135066487	-13.071523066719664
-800.4319173130266	5.199957045655488
2145.090228855968	17.960041338864215
-1864.122553569189	-1.2777124587357067
1104.7148822835868	32.08840654842044
6.606642082544506	-9.84812373159691
1665.1104435889852	9.00785776032152
-1567.9326246512455	-12.335940429136443
-35.24616448099707	19.366154317949615
-1011.0088016892215	7.116702321332917
-3173.890676201449	11.717366316148205
-1229.4740950747655	3.7314452008356707
-403.3762635571638	7.394293087236804
-445.09563447233285	45.79612543512999
701.013645928522	-6.676448043979848
379.53905097656263	-15.410731539771113
502.36959769753867	-95.30855078200004
-1418.7166881626467	-132.29695913189485
-569.1813190201242	-2963.0673452933133
1765.476002038739	1.401398173895368
-1735.9217040065655	-15.719608320648774
-270.6083823015427	-80.27692311279934
-116.74824328702697	20.426266037813104
-798.2052924924822	-9.162582461301469
-2135.9474166847776	-70.49403493719582
-1667.02144786583	-35.74326728080731
-664.2567379107222	1.7881721190636541
-353.87622244447306	13.248367886536787
933.6694026002535	8.530207164706342
260.394687482472	-15.443643799626877
-940.580282968363	3.8260622221355165
372.9159083836342	-56.98421344558344
124.20294769336803	11.553108181856093
184.66435576743314	41.00991205926011
867.0379459418263	-33.56791838694203
-14.529615514640064	11.121285277700325
-618.366044290686	-0.4223718736881056
-968.0413512670892	-67.84676241539763
1251.9569529719272	-5.314831482927404
1807.152334776823	31.095150156306023
186.04748684425954	11.948417699829616
1394.2666043973388	-15.956630714336063
152.4261212907535	20.7900842454504
-628.5767715436351	-2.0027464447552483
1050.1119109298238	-1.9419956924638293
-250.27680838473435	23.47452016304326
1434.1762126207702	-11.591326601153856
-1158.1985244175175	-2.7883369419804036
-1188.7308409770378	-2.836051472359537
-250.8140514521166	-39.45253273903322
226.63824396319617	9.814531541471885
-1099.9694562526815	-225.63135298324264
464.426655913317	27.71647046348709
1108.8711706390236	-11.338623434513156
179.57908559240022	15.005744929897599
617.6028915497706	181.25017187672478
556.4681409674754	15.51689790671083
422.752174828049	9.16512133645981
280.0984644389674	-20.396725751305528
213.62434507431806	0.4172351364880427
2861.785963371985	-9.45025732304145
-367.1540454276882	38.55511296643624
-2737.1088218062355	-11.580414862978161
-2524.4012325123304	-0.5401422774437652
-1665.755950703511	18.396075403078857
-462.4817176743861	66.25803822347727
1626.0281880660434	107.51974264564828
-334.702781841555	-8.814930457650549
2533.289321110522	32.28514995885234
1103.625638655958	-16.217633309992944
-357.36142549091056	6.0396689553640925
2729.2612159530618	7.745276658826058
-2139.462476425661	2.069573794649355
-277.88836526305613	24.314449271665843
269.545719265233	-2.0929469232085767
-655.4276614977664	9.13964390178135
-3696.983973949359	3.3938974058811318
-1524.912572913093	6.738411587029904
1283.6941847392238	-13.447463437965194
-560.8070942663488	-17.31012442107987
418.955931086426	-13.423181307677735
-279.15494749419486	-15.274814484439718
-85.11583755019977	7.890984781031898
-1663.275751542066	5.194278333367159
1883.8902498371501	-1.8268705305598056
14.672465826403998	112.34885156167
-1800.855870576253	-33.417958419572464
1627.1187740787257	4.321707972892824
-1484.218344053175	-116.50912806082671
1721.9690116857687	-74.90672212726338
373.49830861969593	9.897357668285407
-913.393877907944	15.123494849323855
1092.0648972765873	1.868640290248525
-24.98692371059477	28.232892761511415
-1275.6748512784309	2.0923535875573007
3293.3325378269383	-3.0492070738909725
399.16066533292206	-24.704821293361324
-2630.2120973032456	-35.198681920384736
-1198.730742980381	-184.97238295922628
-1165.2229414073736	48.586793609636665
-1614.4577128041478	-2.186581413195065
-564.9782656332823	-8.20644030880126
22.831437202250278	0.2539237377733696
-1431.0899498455651	-3.892638335620018
435.1499973702361	-7.749069533877153
-3484.3368335642554	-15.615207736321699
1034.403063412608	35.361377545665945
84.1179423302357	-163.97915532772552
-3868.3017449151475	72.00436009578569
603.2402679657191	-21.594223719429102
-370.6947765866535	-128.33150701216115
393.8026614587784	3.4007313125941274
1917.8951614620742	3.0632242608377247
-623.5782172538402	-6.918526881818737
1651.6101836564665	12.174531081300898
-906.784950375972	17.316015283275284
-874.5511765006687	-2.491243487734968
-342.5020354081938	38.52740162851417
1888.5745121208427	-1.2354030648045564
1695.8224321353534	-35.629437830465726
-362.71111221814886	10.751870124036767
309.9044050526725	-19.94147982421018
-426.5539556376479	41.67083335020215
2241.79295818892	14.717175936002858
442.062456229431	-17.759543811292037
-2775.044251341752	-6.7316905901022475
-2217.168545328167	-483.37518875861156
-1021.3604264763277	-15.568403351187548
537.0889196441071	0.9792742854341906
1179.15826106443	30.132712785993736
-273.59586422396666	13.672416454038641
-902.4771220928164	-14.968368265732266
2951.896255599928	-5.594156621344563
-946.6789534615223	-6.658295134108429
-1418.1098763800887	15.160679378107751
70.00408344929704	-38.04470943788443
-633.3651012905927	6.963496804778871
-2336.9070679325014	14.783932305714824
1057.3629167040128	-57.00464501390603
1271.536405766382	-17.98312572896738
2371.2467256061086	11.452137041473865
1164.167961896551	54.3939330292395
1126.4574229303512	2.485220204418646
902.3754145130547	-56.10239922551883
-874.1413038835786	-275.78962717762914
-10.08931990793338	-3.0342793041217306
705.6671584357446	-36.54818194105227
2011.7779440053196	-107.9847055260292
-238.17626202018786	-1.4079062044144754
2005.323730959595	-8.51519284487197
758.6026237810784	3.514705824822907
-541.8650490047659	-211.93604749149966
-637.482536693802	-8.028093578523887
-553.4192529782155	-17.264307872047294
-201.93757385701096	-25.217259304137208
489.85385613454406	15.49694266235418
-2462.440327422439	-12.687664986200359
1130.4207167812983	-2.628333793897718
-1127.0678964520707	3.1140223160641596
-1697.4668053097173	25.685518909044973
-511.6031494459714	30.69767334041742
-1223.2571858173615	4.992908224626899
1302.854369176795	-15.414316044144286
164.9768700651111	449.885377762429
173.74770456919566	0.8859492806702194
-158.6960230791723	-5.952822494141419
-3545.9331186011814	2.227219329111543
260.92174350685195	2.397361675187763
-1366.4002088885907	-30.972013620961103
-618.7302957377076	90.22526302287925
-1394.3572453020224	-44.80731853347133
-1901.0819757869704	-7.841391820745732
1860.4929207640128	17.06037105545471
-2717.7023015531463	8.773308690004901
2136.380542222362	1.9174565358436912
-1460.6103546946522	1.751833420470141
-810.1359229804494	20.459452774543887
342.3711255081176	-31.37870799313611
468.10269244907	1.821962031532185
172.43202842065966	8.040324657093935
448.6044720990046	20.900637925061105
964.8357520429703	6.8970431774612875
314.3497508160712	52.55631410999775
-28.069330009155504	-2.6206744051022905
1869.302027331422	6.728184878049395
-1652.9490412241253	17.801990572385176
1705.6740096678627	-61.30661852460349
-1719.3267513955916	-0.8983578471552693
994.1691325433061	-45.26660201200439
-327.857934241371	12.618637781200794
1473.216141280513	61.57066469668884
2207.058395772798	180.4488908569334
479.0773703128187	55.039817891072296
867.3100473038774	-11.372046815487801
639.1977157652211	-23.24300229217212
-2045.5211302999633	-0.5764676954564129
2738.5528838855425	-8.51366382847574
-78.40070353589138	1.1920889285514424
-193.35920271804207	-29.170519767448205
528.9243705042383	6.420727810428556
-289.9728386246712	-425.77861088283083
354.6860759893378	-29.26312610182437
-3338.208222701717	0.17309725531030687
467.95951560759306	-8.660542041093128
12.974082171815272	-1.4420770712467492
-1054.645349203599	-5.334243648579531
476.84945793407184	-3.6719332921094034
-919.9596833556068	-28.65485799316172
-127.2561199814895	-16.317986520269756
-1222.3093691790275	-23.956829189376712
220.67808623490066	-17.456353578326134
2729.9009575534337	15.932199860800866
356.59529696182216	-3.3096201485897194
828.3655816859689	9.673566347274946
-856.232722748894	0.8565928087100124
2775.63939022406	-4.019241521670264
2.695286913803988	-14.136601504922135
1044.1591194365144	6.218404730856356
-327.7871445835802	-0.9654439540960124
-341.5897905764228	5.988993978121454
1460.5890664763222	4.6908018407208285
1644.295979185145	-18.396682520782907
88.16832834308943	-3.434268158761232
1023.835475852955	19.093525571779406
-2113.742059751007	21.89872161249331
1264.0110651826105	-101.6988772658759
-1600.1301521139549	18.129457704702663
-41.224098564813495	-38.19424831474467
395.9026388804846	13.439049914858701
-1243.1307717963914	6.62290137096084
1421.7347729605488	-5.444989282114733
3079.98208005374	-10.351307612371018
-1033.468318935129	-151.29309168652645
-1523.0329720854231	-13.5900739267376
2253.433260278609	-5.733075558585491
-1192.587108288808	551.2138484535947
976.753024689276	-257.07583392158716
819.5243088222812	4.7245992753383605
1593.1345877616604	-15.060897725875032
2819.6167672546308	-3.006759310359645
1918.5588929190303	-2.2814998353039893
1792.177558887616	3.764999269105921
4065.0148010679122	-11.229162960786596
1190.935955574082	73.07299834496199
1059.209030303797	3.307572121135584
167.44367256893625	-4.670476644620272
1871.9242068854785	13.935121156397239
-485.7790546188147	55.87498931954917
457.8266458138558	-5.354822360186731
9.061427898714934	-26.831430434121724
-141.8315297675742	39.58244639925389
-2016.5598468136395	1.2121096885111773
-649.6654947052173	-18.457457863430008
-972.4509646405651	0.554862783149228
-679.8411290790552	46.99626488108219
-3962.0054244815533	-4.7663446966023715
-430.02735750717005	29.320403825034123
-1322.6899689475101	-33.77342834252551
-21.546596536874883	21.039359979021523
-589.4638426391532	-1.000534628741268
1860.9120185236823	157.7216202121836
-709.4984192635135	17.722521096877205
-769.3922534036533	33.24554896519849
214.7795897464802	5.577062535339532
898.5496664394958	-6.607370645089356
605.6712444020201	-106.99815120864577
-381.31335634432	57.01013865352802
-2883.1016734134864	1.8809327111310652
-536.5000372097161	3.2562808802286245
-846.1636216096243	-15.911402300045106
-691.8051021464329	5.202836177313049
2608.4446019630914	56.206547270292575
911.6359659584574	-79.40018259387824
1098.177874439659	-52.03148680709275
2706.0967707792242	132.7654322441966
149.77756385211757	8.200669058372625
-1033.4014164631749	-3.3359929953859884
-961.1117257842947	7.814536710229577
762.075632561541	-137.94683602821502
-490.4361490902601	-4.647166131899204
-2324.5815083496777	-3.2177561978250795
-3559.59848870917	3.4043744314083715
336.97888708917054	107.51636554262285
619.8870928585188	-8.111241681253734
488.88508217039674	28.737795431887818
2205.995233315368	-7.334271136068082
-1606.0218896395143	-13.906117905883574
-1027.702806114209	1.305588759264022
-2534.983689387855	-1.0384972464220492
1627.5736076101066	-0.9621528043646969
1595.860310440691	-26.968257968151505
-1940.2509214290503	15.452612121958875
-1111.1024217474064	-10.648321519782952
404.8577777152516	17.447089545101655
-696.9108048264821	-12.564099295973287
133.1692512312561	-15.595345840870886
-454.43382561256544	8.113388465341199
-1583.0102758787177	5.268758040538479
-1678.8762463236135	-15.83782846700532
1077.0535283438924	115.66189079178884
-592.8851902247708	5.490592076840874
459.86188255114024	68.05361009846307
1151.1547610121986	-5.779881003152975
1712.7636987136802	-89.67227949773299
-90.48785367753382	15.481125696005364
-1521.0462095932862	-12.374977902270608
-1271.7387466565813	-2.929135774896769
-996.4148714906516	4.711433960068004
1682.1485434898016	-72.34023385343062
1664.2961307734015	2.069307312038463
-1481.4328694306041	12.456893080898064
275.60850651064374	-1.5858608545678916
-2136.0524489890636	4.811388866359356
1878.1088024910398	-30.311901148939125
210.36582860293305	57.95576723705058
657.007873857269	-7.917215421443497
-2156.5089392712916	5.726362423052615
-1351.0123949507167	26.277932846494284
-2878.6666794714424	8.33322689557303
-1522.4230713930485	-13.560430155897585
955.544142286091	-91.98866069520905
43.56377493682805	-1.3323567939136791
-159.2188346360652	-0.7810955598231561
-1737.9230713580544	32.11156674879971
-232.9135015004118	-20.874254294861053
-128.7061455850502	31.058924684270295
601.0813491212871	3.0538227356222176
408.14382758235513	-0.5862864277364256
-2249.751987432582	688.4956310687697
344.2338613439182	-12.993532677863373
1107.3226059198084	28.182873459543732
-661.529411723142	-6.918941986429279
2068.9852232297612	-0.4635710783724324
-870.9997841260124	11.393983034735054
152.08138251905075	-1.5630677809678197
1577.1398512927515	15.946941067448702
1097.38418382901	-15.097005220444675
398.77495260920944	-7.133399230198261
6.706747292623551	-4.172969521563175
-1370.2571298155917	3.606295584505952
-162.88791447157487	19.473839339254727
-548.974997616958	-22.63127214352727
3063.861206455283	-10.715008244095609
-3331.5605820152327	-123.33218823137405
-907.4207949621618	-145.8424105521625
584.5845050651752	-6.041458066864768
443.9222257031538	4.5569183647366165
-2280.2076188605993	2.419164777698964
959.0249002224929	53.98826473290036
-2435.2400973536214	1.415931183632693
2094.9282978494093	13.139892835454276
69.61032395835828	-15.751165153924795
-1216.3132651229807	-10.369012042669425
-840.2580563463457	14.997128538976153
523.3655777870603	-52.666577729628614
1288.5878392297896	-4.3733882047169
-1040.5095525005213	-13.426958583885208
-840.3845105510402	21.00669557215467
-522.0142112635874	-19.354151439263358
1985.0593031533815	111.7274376745658
-1629.257123614676	-39.40123800988405
-1028.11912736477	-16.719076430786572
-5554.790951314671	-1.9600005886109149
2014.9466608229088	-7.075912938277648
-2544.278333396131	32.088858147468244
-541.0102646729376	8.085533130307192
929.8518472001624	-64.47029260373412
774.6044096346078	13.890739931360379
867.1416295070511	-4.216539298828889
116.22116178025041	16.179133675466414
-2241.1272350913264	7.0581503192499735
-748.8741956953302	19.2691643251183
1701.248187448655	44.980073434079905
-67.70532801788568	-5.569109305708801
1353.560023424888	21.048162658114514
-501.3960069549566	18.16141169749671
668.7624512147767	-58.711795023555446
805.3626718506771	-11.455184722786449
-764.7150749997273	49.88786622316931
1193.9447411846427	11.302534275434484
-922.0016788968779	20.591829686361415
95.279999885761	-3.569990231597173
934.8083279320774	23.01822299536548
1030.0691421723104	5.522598160861231
-133.67540596650332	-22.590968356849814
815.8426789434013	-11.591071802794529
-27.78882750651288	2.4989812064839643
-1801.2097204933143	-16.68816512946854
-283.5299028949102	-12.616696940530517
144.22584606042017	-5.758898406422247
488.0759129523401	7.950685667160913
-987.4419368407142	3.6175873338840265
-2271.0667528302433	14.331226110528249
143.3697407820817	-5.869403271763839
-69.84956287395259	-116.03160431922328
-1222.8490745395684	-1.2285750426856987
3124.7538546774617	33.26101388239241
-1526.3916384472263	15.121616292391485
-71.696912278201	5.693153115681519
3397.145657149329	-17.61285477064651
1511.713265377317	-15.094417584408408
2476.3055191257736	11.336246372738472
-476.31622214489477	-2.7159711184774697
1359.3535023778152	8.58923589251939
394.849254508943	-132.30586755623006
-1201.0003649460007	-5.84277602028098
2150.4307196206437	-8.981629763858107
388.34966401014475	1.3504851029744214
-1723.923068974268	850.5000680395709
-1047.0799378930542	8.063516288069707
16.523699970015212	-3.6897154048400544
-1517.8613417138201	-31.827071488487128
-933.8877006928614	21.254732626031622
108.14641898850822	-5.830612384812671
2240.9883984260687	-2.377280027926216
941.3492242358838	0.7505568419691445
-1560.0928060169254	412.23515926930537
2465.9792543548756	29.91758619489602
-943.2323203830712	-65.57657363342868
-604.8648906108804	11.300664152905815
-443.9260982578442	25.762398984499903
-365.89206905658267	3.850315766202777
-1299.5552335969262	9626.471613792417
-2407.501268786686	-24.6803561274113
1949.4663517698627	13.195365570831866
-2472.8375776900125	367.1949917743242
-900.5351900534257	-34.88475093626267
1941.5091350960415	-10.991309595660892
-2219.43405664935	15.02040575909565
2909.149362829646	-8.487834542492887
-884.2653586423748	-43.95410883425871
612.6467057294001	8.098417767786112
-991.6766004800262	3.0361634336652057
-2371.2812136687808	-4.4916001349394
1114.7157637564665	-97.39264951836549
2231.9651276651534	-276.448501306108
-161.15569886145465	-7.7037110781804605
-1703.6989524551789	4.011134868350489
1298.0897867445206	-5.420567248387644
682.0456198825065	-5.6416477350379495
805.9680399883879	-18.47516936279375
872.1661135273866	-12.312274529084075
1795.3823562668833	-11.624444747299494
-743.7064141420914	-5.4276653944512185
3291.4324340532335	-25.478577545405695
-1285.7783868426595	-59.85943929995099
-227.40612826315257	6.361320765840625
1227.4220348419742	272.8453065886477
744.899795542179	30.232871452240886
2251.9492893029687	-11.833458392250535
-409.3878657378194	0.4193931897846006
-2604.6408858310783	11.516655256481389
230.3907946616368	10.99698256776004
2301.870724641858	-7.076745814535257
1237.653436412995	-19.054966634053105
-1739.1092975712027	-9.493569854638682
-1916.595487590574	21.824521579664044
-115.430948199348	12.34914750835278
-124.35268637446859	23.701812277316723
1302.053787685057	-3.7388787319226453
-2366.030798760419	1.3591917429107139
-465.1916780161262	15.096677603125936
-1254.2770542288883	1.05025403257169
-1447.9776750394572	2.4976688887826066
1458.6468570514623	-23.210108633893597
469.12870289779244	-16.882458442829538
-1169.6732401551853	8.178698551893918
123.94029776233884	10.319753247610864
200.094483863207	20.773188503158146
1553.7030776099184	-5.682235123156542
-2227.5356338359534	-112.40036517671972
211.45755865590235	-30.048782258803506
3859.2506355420423	5.653143531569433
-998.1033751735397	-15.867368710473329
-94.92596912360564	1975.5994346031978
-1647.7534523024467	39.937605496727286
-2015.4807956166776	-19.026259118445036
-2504.8137938987925	51.06620130473296
-784.0971779689019	5.508988070804645
1399.7486789832649	-1.342766406169907
-1797.0913929851233	3.02175323694724
-1774.1651082885455	10.530757172766585
1500.9125574823797	6.048924382161576
1675.588053750915	-9.18439644193418
-1028.5745883760937	22.334583595649335
-1939.0557139339064	0.8181221067676538
-282.21987372468465	-7.095085433215094
-909.3853255889752	-1.1502144145272426
840.9817627801227	1.7853318652639352
401.4558752834945	6.10439195477499
-1268.170685172461	6.7334340331020845
-657.4135163221379	-3.461925507592742
-2652.6141336249298	27.818194530329514
1662.8700579990325	-13.821199442067696
1716.5462288446874	0.4595528608777394
1088.4846972947237	34.1643133948182
588.6174924023312	12.78387257922682
-1299.6136406336436	12.881197257540562
-1697.6067637631172	9.211982421761567
445.4303670110034	1.9726274170291462
1851.241534595992	-23.80209200545571
-2478.374797562548	-19.20265865999963
-687.718941701611	-3.532866865998594
-1414.306855482234	10.135893234696274
-485.47138193261776	-9.993623661709597
-751.6313488095195	10.526321885390798
1215.430415968831	-8.038987576785608
106.13285861744386	-10.040376764825375
-40.4811922721884	24.4861842438469
1377.0574653444114	-9.399624750367003
1322.7660179327352	-5.066130482392797
1272.7486074332478	-23.242475870990535
643.6586494013692	-35.83905877411987
-830.6744616769076	10.594114658112849
887.8033375749029	11.234634579803535
-1102.5880098429031	148.1434233587231
1242.2171156876366	546.5865314392299
-1590.8141556247208	20.424863811624643
291.4017449620079	-1.5268631079038826
2841.549773868797	-2.6794494877719313
85.15309335100632	88.01879823619365
-588.7348681606967	-14.733507221561382
-58.30604706746978	12.556657502192845
310.41677997498306	1.6871962837564527
-2774.561489521549	100.37815555006648
24.59704341757193	-4.528112589833519
1535.0111478770998	1.3421185470316503
-1374.6987963398171	-41896.705586047596
-1610.431608930732	-249.5112798492524
-1069.9026260714	-13.699335665997221
1441.8279663313297	-28.781050309440648
546.4078707595417	-21.275791439929204
560.4139003721219	-539.6432405031428
-685.2298339505959	-12.989215255025838
1500.735125873623	-3.406745258803141
-1622.1388523995454	13.437306926375943
2339.8052383907193	-14.490217207032726
-1236.8005558869675	10.897630804440778
231.30726605517148	50.99553063630367
197.0758747970351	-3.174756309031989
-361.8586737539061	-26.187348314211622
1746.3914014027669	37.39629603986523
854.4263195745793	18.34123498513183
-887.6930923255787	-39.942270072692274
1900.7522256086224	6.229369345923095
-1456.6710092479861	-29.361949215412775
-1258.8209429023125	44.70559457767095
150.65162854444674	-12.755546967429808
-128.82271002064468	1.804399047553188
1509.312074632984	33.07030094439541
3468.917933735928	-12.62564773136242
-1841.1979664730368	45.00488681602124
1251.5634684946401	-9.952984237954057
-910.3187115333037	-4.058689661874511
-2335.7978056331035	8.319534654078675
-1521.6040903279309	-6.441967035961025
-2304.41191746384	3.7657076762298822
220.86653047205536	-9.777038096925384
-351.0978175550139	-22.352499967456357
-525.4297776389287	-1.5443640852784901
903.7048566525974	-319.3500548517212
340.737481291071	-21.668783731466338
-631.4758769192592	10.807996728172814
-1089.7241624777114	-61.288844259249075
114.42562038780419	81.98928806736707
-2666.784424458441	41.58498165899132
804.2767607757651	3.331247667687191
2012.7718289872341	-18.36062577891596
1620.349874991858	-12.546694122140499
-994.7526536324503	-29.096380551647318
1496.9290996258694	-6.449120920257208
1313.5534806125725	-8.27782506077136
295.5830157324439	-9.7828226845167
3126.777797941245	87.16231439970949
-280.0670011258612	-2.7738060256491948
1777.4879721755926	15.227989304608803
-889.1596172480278	-7.62634072936412
-1903.9229109833418	-2.340621639922005
447.773700239625	-80.47428761568442
2442.1971539874667	5.7689978883217705
2470.4173721407738	6.84809202552366
-79.86015064274905	66.3703224453645
-559.7310132639516	19.221761214018567
180.67892907730678	-3.598191188525241
-1092.9378545556015	62.702465434190984
2318.463911526772	5.000336431776453
-673.1684943662046	-15.445472302277816
-753.750826254334	-58.91917312664806
-14.052912436465494	123.7831461362668
-2596.2044845996847	9.233924862728834
61.95971654961808	-13.439329274248033
-269.451643969315	-22.47494263335352
-1118.7710715721855	6.3787977083360055
1542.5751474565698	69.18975524184398
-1672.7596961072777	-9.887314877814228
-1586.0889584091944	-28.871318012349843
-552.9591002236468	14.025355651305617
597.6353082228951	14.52510544405796
2430.3495705560726	-12.76554545231309
-1669.9599213098886	-16.693570765367507
2018.9641883443478	-37.478370595754534
-2086.972909042485	1.7960250886060634
1077.3811084081683	-1.7244297625668679
-2553.084049160293	-8.96508440283812
-741.2563015600516	10.270149580237746
986.5399437174239	-13.01134263925116
-397.9340724159612	-40.74287839133386
746.4866393955939	0.8068560606222167
-2384.01572792051	-24.540329717608532
-1148.650564165693	16.286025758648663
1180.326384195681	-7.052922757922653
-367.49142891999963	12.878988992151138
118.55545024523214	-23.39316521607823
1494.735030742097	-15.356709563647154
392.67967660391304	1.9297743475112181
1675.80321407376	-13.277045256717889
5008.406639554368	-0.4040063936955036
-1491.8551106593163	-3.9882572985864733
-587.3832814520218	18.497243714982254
-321.62921435034514	-46.86349015849767
699.2837749668812	40.17740281913836
1262.4660244869694	-25.8532439832327
-41.74222951877669	-2296.0719961145933
147.0809755500412	-20.519118938163558
1334.1729697193978	-4.289702052092772
-2172.593905287357	-544.2148422084615
-588.9907868275975	-37.7728538195757
1362.0514169496553	376.24357942030946
2187.3268725787643	-70.97811067831904
-1656.2893672108387	39.88194443813802
2470.427704843725	29.75561011341242
597.5325474877959	-26.217286258409295
358.61293477127805	-6.084584272894783
1332.243997013729	1.5365495950358592
235.8973975277741	-12.15322349592797
935.8939534837383	8.473621519688981
-739.8154095773986	-11.244749198010433
1036.6211750837133	-10.474161925029902
1817.5816490794887	33.71790556323313
963.4756337670755	-12.567764644490328
1311.65014961132	32.100182312754264
-299.03143175717037	-4.425429512381072
-2006.3806437248634	-67.09893466325572
1031.3213047175282	-2.2566613027837996
-1886.0222840948834	-17.51237239443484
566.7526524473413	-6.306169395753897
72.62150855985159	-1.091617976082246
409.4810254661517	9.577538557974725
1808.4890445338813	-4.831227554805027
1685.6361475042781	-6.465828746231268
-94.6744832839713	9.864263732329556
-3171.7917235496134	-8.055923899213656
892.4811420929657	-7.450321824340978
-1745.5709727563246	30.36106002059726
1145.1437158927263	-8.79780929313208
1464.3845586675482	-98.067496104648
1657.2955637407415	-41.867220440056975
-1004.7671769777522	-12.276919292949152
-320.66944023667025	1.522127289720248
559.3010355981708	11.797690178093072
805.021435177345	32.198439091329426
-262.940246428161	6.138837714859707
-1758.947348273156	1.5671309515285903
-25.43106038583676	9.124680878023081
-1470.0392706579064	-0.7645634021923285
-98.79967781701849	-8.269419910358438
-286.9690928208961	96.72241695779896
106.39909280194281	9.661789537288122
2473.5148587990175	10.144999884462093
-1046.7125388232023	11.708848235859877
1248.0541216251918	-4.0771243436406746
-293.26066201992927	-37.31107144289542
673.3583369511213	-0.8451499618233561
2108.1407242495543	21.909578617070455
-2330.656718478824	-7.328166015211905
-2298.450786982305	2.0479123497566984
-1521.8410858813104	46.516963418849
2663.362215706795	4.554745465548923
-2296.2089500972047	-4.449692109192611
968.3878983684898	-37.32724936726219
-3342.382284543134	-2.454455228073899
-51.97564526666785	4.883920556491185
1291.9861174620946	6.8437542817892725
1227.0909627920255	6.982955331847198
655.0868280436366	-52.75374382132329
1119.0984917129304	-78.3207770548574
1375.0991093282773	7.065484059629866
651.6631556646697	-37.20450276551159
-2091.947677900513	-10.60667331392042
1147.729828948591	-82.61360433531298
3257.4374262953806	14.050500762886804
1602.7323893211458	-2.7022069954484933
598.5427264311122	-5.57546052976378
1484.465079152792	-10.48112146850747
-1975.4141876818148	-25.189126397736896
436.482867618841	13.112179872778375
143.92273513633322	7.96822910117308
-1051.3173415155322	21.756290792591923
-630.5569346627447	-19.403443494829208
-1951.6860956314003	-23.07286807808988
1063.227599631864	-12.883939690010653
1048.4451654154518	-10.196133288917181
1404.7922233109098	-4.420873934545929
1.5636449810346646	46.523101257773746
1308.4307252278961	13.629995424570147
519.6884963809915	-42.31167082511636
187.4167228597976	-13.168153129877052
-1568.4811631058196	-20.191563466827542
2238.4020971680225	-15.705429476696958
1527.7596547167882	17.83357215866192
144.52448190484878	-94.81497985236173
-211.35103491947044	42.48673997174554
577.5695344730315	1.4001401293467486
192.26819101069958	652.5837880998691
-81.18141848620095	12.68642803787388
901.024272708893	3.3620843781463305
-1757.4510205039307	-2.81426980298579
2413.770128677323	0.0011918369729538635
-513.3021779046057	331.4149162056422
97.61213286713597	-6.4860105739056335
637.595833221743	53.07410423705429
-579.7059632465222	18.340903761639687
-57.30513126495117	-17.880344485744626
-407.74669205399715	47.06436764499176
3840.1145269899303	3.203619434818799
54.02796261857095	-840.9788015906637
103.1337748849647	-50.273989760670396
-771.9971011619509	-35.35778181494896
-1541.4429354774043	8.610517295169553
1473.0533334285888	3.4149850050268102
2075.743135845251	-54.273251158590966
1041.923547099956	-5.011596688442136
248.39821448962843	290.24312092198585
-1528.3644480880994	23.903733344276294
-1370.398668918289	2.5502839042831686
-1645.2798419267951	-14.397150504172984
-2550.1219841102243	21.43697701707801
-380.6273960447784	-6.351200334232936
-3341.8553667928104	-8.786502279146116
1308.3566463105974	13.470550531059427
2123.9760944137115	-3.3831120038783076
-329.7451686157988	7.717058259510701
-874.1843902694299	-4.763058854212535
519.6938847700396	-11.101775499973426
-346.1166288537402	10.68656046317799
636.5236661807841	-22.496810024056852
-778.0248320522296	3.642698555857813
1956.4135126686367	8.944467363099267
-644.8891251558244	11.550372205732392
-250.12368893962727	3.2030174147311845
-545.7300244649555	-12.249164651962909
377.8987719328296	4.17547387143489
-2446.3697089124985	-6.089602955289261
2227.6826554695253	10.952522111324935
-1307.3511055541621	50.96764897509571
-801.599600287433	-4.348444280943619
-1131.437652893809	30.663441465724215
262.42385855546775	-11.358329934490712
-1219.675544831951	14.602572801132379
-2640.229315665238	-2.319740933118289
-1424.8203607886553	-54.12880803468323
-1321.4846874448128	1.0158137446213256
5.019209089273525	-8.868408926499027
-1011.0549345362906	-14.87153973229
942.7102730853513	61.11728447090705
842.2363806310861	14.564283569732295
441.3842687627776	-10.871321289161823
477.1929287927178	-6.954306249048209
1809.565306257012	-25.75851903954219
-728.2657944865579	-31.832812254894893
-1502.760646372666	-23.09559813239567
1039.1594221807152	-35.56644611374691
2353.6109431730033	2.83546807885591
-923.0091567376212	-1.1294949658210984
-1827.1988796778394	88.30475934980004
-914.5600490567937	0.8444954653515857
487.47358414536075	-27.30665094383538
1542.1162935679667	-6.440623471652014
-806.7664698446763	-480.48875649515173
-501.3775969627208	-6.168822813746236
-859.4145810594424	5.38861396013679
70.07211885491041	-13.627289142564118
-651.5615524585011	-23.256517018470852
468.7892514686716	41.10287844948977
1980.4346128383331	-12.513744757269265
347.9034030450832	-23.393125875185483
2289.4001690393984	-15.7153974240365
311.78854332967745	-384.06291029324274
1552.6329408703293	-30.66684027589302
-865.7513512045125	-14.407250995480489
-142.22215972616073	0.8009406152843744
2327.91347098803	-6.442407641631164
-1228.0410370194434	-11.975963390765926
2447.344346768155	-4.645078377727038
1176.605753180929	13.752765237275618
-625.6603184804355	-18.181877042190436
-3737.1749940657323	-19.57314437034349
432.03050149248634	-9.509316484957138
1132.1914384628412	-1.928700619271704
-2209.4171925596434	15.934403691498416
590.7507989944803	-9.314581643657657
194.6984489636038	-2.3200336964863966
2165.489610974691	-6056.048920798826
3347.4878877157917	-0.5347628924111837
593.8402321419325	34.02666403482378
-787.6546003344204	5.5624683232539285
-453.8455426040341	67.56912849640973
2136.465679820354	12.78364420242909
1795.1929094400875	-34.15352378399195
-1566.025278469233	1.8480658976634958
423.69936624534654	-19.661181445748515
1715.4006679500285	-1.2249699625856514
878.5341432595263	-10.439914838867654
1544.3602414202003	-37.00146349392018
2357.9688344116544	-6.1982134701111695
-401.56550417286206	25.991120154050513
-2155.5356695747255	16.44696092408092
-2255.2695373739416	6.55014454680657
1309.849290111187	0.8948088718487281
-607.2313472172268	-13.243113620635691
-1170.2858134917913	24.179743102492527
-274.76895690833	29.373421680039034
624.9890610027803	-10.942185240673815
3140.0764826428795	-14.0436428164971
-1296.047397446022	-28.169452220615803
22.537720668805612	5.8462807056327515
15.080659810649273	-4.320450153237425
-818.1103642864571	14.518679894861705
-2453.237494394083	11.476629237770267
2214.8599921916434	7.968432902823036
-1583.6578896874437	2.6781332922228223
-3742.359911992512	132.06739983947486
-131.57817803210236	21.695843593061127
-273.11801336908223	-16.288579622843347
166.8241805603239	-9.697284374269838
-2098.02134611357	-20.126979354099987
114.783049209552	0.9289611134316633
1727.3129197677645	39.098519988252946
-2395.461321244047	74.93529582586399
1110.5194009294303	11.422683357166708
