x1	x2	x3	x4	x5	response	response+gaussian	response+slash
-0.10310751470809087	-4.77787637457282	1.179482479418664	-2.0176489430163547	1.8669911193043394	-9.323783819144712	-4236.979066701273	29.12670530794438
2.085382349311926	-0.4248417235383073	-0.12953366936363953	-2.490957061212141	-4.639595052096048	-3.83117137403167	1604.06354537392	-145.70974718656197
-4.725907270961129	0.6614482286404266	-0.6580857075349744	-4.4182211845865025	1.9931698276905188	-4.885916332471883	555.4893531537138	-7.274125234773702
-2.7703585635518313	1.9555110807015446	0.3195004261797765	2.8710595104855363	1.6618351601086667	1.2911993292507002	1308.8806034239835	0.7035859287352099
-2.9026892285172288	1.6615872748622174	-1.4946532656683917	2.080370091505622	4.1340414616221395	-3.282425936443711	2125.2935972965724	-1.280774637032045
-1.5369134146683594	-2.561066020510462	0.7816283957842991	-4.003766087910834	0.4540746192506102	-34.57150450250417	-368.20020756430193	26.46721485538
0.8489535641040158	2.060808836789545	-0.9174835025700627	-4.9410025306003345	2.9668130529853523	-8.21515876939638	-63.70009372177274	-5.211155201631162
3.509918182632161	-0.7178408912472225	-0.6480223085660652	-1.1541074935032372	-1.195579170843195	0.14148059295445137	-133.13382338252518	-88.64988377940598
-4.731483520067822	-1.042525960158871	1.4937980027914532	-2.9649990373545188	4.52265867033714	-4.8552918851593265	2524.6113808769	-21.614897040110073
2.9029461483690717	1.0989707042776615	3.494413750195214	-2.834377372229956	-1.5600570228428778	1.334337712608133	888.3272101794117	18.11992676166609
0.10683744172109844	-0.5045876098270803	-2.3906501184604445	2.672299512950394	-0.7614165499231564	-12.334800867391827	-238.79801697714282	-4.493829597846885
4.274255896496054	4.280527389484149	-1.5351089978662058	1.1960159058388795	0.32531884148262513	45.19733013540356	-1172.6032377587214	39.70765477542839
3.2281804061186623	0.5536600050568818	0.7588754389622743	4.615835366380072	2.2950105854374625	-4.250730084573501	-675.2316904021116	-18.395520236207695
4.037397145102764	2.2563522540635876	2.0458334678126855	-1.2858865629677316	1.5040232263124835	-9.561765683709517	-1734.6692716891607	-10.115280738501871
-2.01755963197345	4.24682178193604	4.486848059174571	-3.071116508272753	4.02516856729212	-5.4093872967299745	-81.16646337334582	-0.8058447018821475
-3.646184570170324	0.7042741417902132	4.1798311945004105	3.1926253207332245	-3.2612044640864344	-8.726973654298526	-2042.3808851033782	124.76533417825982
4.093712393491742	-4.526351303636421	-1.755906604284049	-0.14028096470305051	-3.496378925257535	-4.0368543307722335	-454.51918728895936	-25.33769239551669
0.45060704541854335	2.472498066373566	0.35770616299761837	0.7841300521166596	-0.3312527498036886	29.749199630146965	1440.60059916667	34.00518765068621
-1.1652395909660482	-2.673947911573374	4.577203881089773	-2.733282984296259	3.2895437868878012	-6.592174115829311	871.4235205444335	-4.723944548183073
1.2782220682916154	-3.100443635082546	-3.69622634570405	2.777266819773666	2.758007565013708	-5.187988040188185	462.29338761271083	10.115658561694506
1.083071187854511	-3.1421792619542455	3.3651503299772383	0.7635340321004165	1.631630556871566	-7.6576712792846156	903.4072370564475	-48322.38345814112
1.3471188806400312	-0.5195469930460934	1.1978297844714394	1.8598894850584102	3.7385718115340456	-5.246691111835817	-1876.8608763419002	25.341160624113435
0.867946638116166	0.4121758414271568	3.798675740486896	-0.6847431443636669	-0.0669353444372831	182.73923111277838	1506.6382356024337	125.20553654906249
-3.4255201365814236	1.7833380099318745	-0.5018668196688978	-1.5299436418836567	2.0734239457346204	-3.239229611276347	748.8592564944312	12.293134868936287
-3.614498025913541	1.851627678636647	-0.5751367650738848	3.4601603553389992	-4.094662170301624	-8.051652233683171	-1267.7964220004283	-14.807571364931526
-1.1499336223108934	-3.694671028826976	1.5328385188096147	-1.489420086647757	0.24167642756698005	-111.02380081978077	2046.2360281449605	-105.09242986420414
0.12674337472684272	3.085263935470124	-0.709816511480077	2.9191622232415977	1.3686103735394903	0.6128834491261888	-1835.021589055374	32.394446795894524
-2.4304912071434837	2.9846432330452464	-0.9093877474941188	2.318922887242727	-3.536695380169755	-7.213659535309219	1009.6048433134033	-23.366583051277246
4.961634296559966	-1.7582310241510593	3.395116663369361	0.48656467412942916	0.12478622871033718	-248.40841854807655	-214.12448403098372	-242.3902499233146
0.8904502601212396	-4.443734440814184	-0.022598481558125272	1.8750310190465385	2.4561870945511703	-5.958361562135478	-2193.337518800107	-7.742267934970626
-0.24102745766697442	-3.2834818232186347	0.9881149988003193	3.7028970900011338	3.559800897089957	-4.02363235390848	918.6918048268727	-36.380717356300444
1.279868321748979	-2.6715008588886513	0.15968802551732253	4.42997816205326	-1.3970045823587993	-11.328816130932685	-115.72583491075397	-23.229603328629064
-4.310982202536032	-3.315355302554134	-0.8764971877268639	-4.143521852243845	0.727301709572771	-15.270997269924568	-1123.6179624145677	-26.631331054611564
4.908722367748748	-1.4723357406555495	0.9604233791490691	4.9641164602053305	0.6816333182625423	-10.453095043073848	-361.22031761775054	-30.31241944670691
-2.1746114764041913	-2.8930362710840196	-1.8845956569512246	-4.161121215766804	2.511701570968853	-7.450825209830576	-196.02903866793105	-25.136447848634248
-1.486765954193916	-4.3510397541719215	3.6188465655074147	1.832002420756364	-4.70668570385185	-6.882494886852533	1003.8966881912978	0.8849393705261521
-0.6116864510773983	-0.11884404343085375	2.547723850353676	0.8161451294800646	3.230525114459324	-4.706696967872999	-576.2449004478301	-1349.4829544730615
2.9122017943857355	-2.4146537591492367	3.207433236835911	2.601253695262021	3.051111408448774	-6.000114190365732	-47.369741448485186	-4.758271903458132
-3.9123694485117655	3.7570855768585982	-2.8604171601952775	-0.3709027303559935	3.661316203118158	-3.3723578504412837	1774.343258694644	-38.92165316374669
-1.090280104159802	2.2867423606046984	-3.212551770579697	4.203426639799785	-0.7556770862772648	-10.311278386959275	540.1906480218626	-17.96141235509698
-3.0530015694248904	1.6241783030888923	-2.4112856594417975	-1.6098656935352218	1.19562680200728	-1.5828065959381172	431.9669590992408	-107.30941899177995
-2.1833975932689267	0.7136671598492335	-2.820642137382152	0.1280227179280864	-4.623111410566524	-6.172080504336615	-855.3700596004912	118.3585481334148
2.9178905755225433	3.5033118711972513	-2.624353445817068	2.519894553386866	0.6415661803136965	7.478549821147537	-1303.3762842820584	-19.082311197607496
-3.682851570504458	4.558638807382229	-1.2426384679696731	0.32808419357651	3.0292874497115	-2.4359919856815075	-1075.051614152259	75.9528032482661
1.0015821434101557	-0.7201928243930897	3.043833052231328	3.115224947095429	1.408029177541521	-3.551480557462553	1291.048957848826	-40.84654990942758
-0.5527767743841085	-0.937478960783932	-2.788607478804831	-2.1289470826191668	4.7819497031881895	-6.015321902908763	1273.5204174992814	-103.66849106473974
-4.250701344286558	0.1732598352626189	-3.4087798875690645	-3.7581374418220728	-2.519665433804581	-5.684722222590974	1490.147948865546	16.751750959356695
-1.3771125138090423	-1.019973417626475	2.7492766727893923	2.0463955396748226	-1.6353463595245188	-9.452230971845772	-1481.0005988109895	0.9234028121033955
1.4459731555071889	2.9607349581698887	4.014368332649022	4.713892402486296	-1.907894688434851	-6.879127207979433	530.6943726163028	5.637507693154522
-3.9148843002873077	1.8585500849330678	-0.7383001518191197	-4.2020220375344	-2.807740802008303	-4.857898861158546	1199.719095739179	27.08007109402633
