x1	x2	x3	x4	x5	response	response+gaussian	response+slash
-0.10310751470809087	-4.77787637457282	1.179482479418664	-2.0176489430163547	1.8669911193043394	-9.323783819144712	-4236.979066701273	29.12670530794438
2.085382349311926	-0.4248417235383073	-0.12953366936363953	-2.490957061212141	-4.639595052096048	-3.83117137403167	1604.06354537392	-145.70974718656197
-4.725907270961129	0.6614482286404266	-0.6580857075349744	-4.4182211845865025	1.9931698276905188	-4.885916332471883	555.4893531537138	-7.274125234773702
-2.7703585635518313	1.9555110807015446	0.3195004261797765	2.8710595104855363	1.6618351601086667	1.2911993292507002	1308.8806034239835	0.7035859287352099
-2.9026892285172288	1.6615872748622174	-1.4946532656683917	2.080370091505622	4.1340414616221395	-3.282425936443711	2125.2935972965724	-1.280774637032045
-1.5369134146683594	-2.561066020510462	0.7816283957842991	-4.003766087910834	0.4540746192506102	-34.57150450250417	-368.20020756430193	26.46721485538
0.8489535641040158	2.060808836789545	-0.9174835025700627	-4.9410025306003345	2.9668130529853523	-8.21515876939638	-63.70009372177274	-5.211155201631162
3.509918182632161	-0.7178408912472225	-0.6480223085660652	-1.1541074935032372	-1.195579170843195	0.14148059295445137	-133.13382338252518	-88.64988377940598
-4.731483520067822	-1.042525960158871	1.4937980027914532	-2.9649990373545188	4.52265867033714	-4.8552918851593265	2524.6113808769	-21.614897040110073
2.9029461483690717	1.0989707042776615	3.494413750195214	-2.834377372229956	-1.5600570228428778	1.334337712608133	888.3272101794117	18.11992676166609
0.10683744172109844	-0.5045876098270803	-2.3906501184604445	2.672299512950394	-0.7614165499231564	-12.334800867391827	-238.79801697714282	-4.493829597846885
4.274255896496054	4.280527389484149	-1.5351089978662058	1.1960159058388795	0.32531884148262513	45.19733013540356	-1172.6032377587214	39.70765477542839
3.2281804061186623	0.5536600050568818	0.7588754389622743	4.615835366380072	2.2950105854374625	-4.250730084573501	-675.2316904021116	-18.395520236207695
4.037397145102764	2.2563522540635876	2.0458334678126855	-1.2858865629677316	1.5040232263124835	-9.561765683709517	-1734.6692716891607	-10.115280738501871
-2.01755963197345	4.24682178193604	4.486848059174571	-3.071116508272753	4.02516856729212	-5.4093872967299745	-81.16646337334582	-0.8058447018821475
-3.646184570170324	0.7042741417902132	4.1798311945004105	3.1926253207332245	-3.2612044640864344	-8.726973654298526	-2042.3808851033782	124.76533417825982
4.093712393491742	-4.526351303636421	-1.755906604284049	-0.14028096470305051	-3.496378925257535	-4.0368543307722335	-454.51918728895936	-25.33769239551669
0.45060704541854335	2.472498066373566	0.35770616299761837	0.7841300521166596	-0.3312527498036886	29.749199630146965	1440.60059916667	34.00518765068621
-1.1652395909660482	-2.673947911573374	4.577203881089773	-2.733282984296259	3.2895437868878012	-6.592174115829311	871.4235205444335	-4.723944548183073
1.2782220682916154	-3.100443635082546	-3.69622634570405	2.777266819773666	2.758007565013708	-5.187988040188185	462.29338761271083	10.115658561694506
1.083071187854511	-3.1421792619542455	3.3651503299772383	0.7635340321004165	1.631630556871566	-7.6576712792846156	903.4072370564475	-48322.38345814112
1.3471188806400312	-0.5195469930460934	1.1978297844714394	1.8598894850584102	3.7385718115340456	-5.246691111835817	-1876.8608763419002	25.341160624113435
0.867946638116166	0.4121758414271568	3.798675740486896	-0.6847431443636669	-0.0669353444372831	182.73923111277838	1506.6382356024337	125.20553654906249
-3.4255201365814236	1.7833380099318745	-0.5018668196688978	-1.5299436418836567	2.0734239457346204	-3.239229611276347	748.8592564944312	12.293134868936287
-3.614498025913541	1.851627678636647	-0.5751367650738848	3.4601603553389992	-4.094662170301624	-8.051652233683171	-1267.7964220004283	-14.807571364931526
-1.1499336223108934	-3.694671028826976	1.5328385188096147	-1.489420086647757	0.24167642756698005	-111.02380081978077	2046.2360281449605	-105.09242986420414
0.12674337472684272	3.085263935470124	-0.709816511480077	2.9191622232415977	1.3686103735394903	0.6128834491261888	-1835.021589055374	32.394446795894524
-2.4304912071434837	2.9846432330452464	-0.9093877474941188	2.318922887242727	-3.536695380169755	-7.213659535309219	1009.6048433134033	-23.366583051277246
4.961634296559966	-1.7582310241510593	3.395116663369361	0.48656467412942916	0.12478622871033718	-248.40841854807655	-214.12448403098372	-242.3902499233146
0.8904502601212396	-4.443734440814184	-0.022598481558125272	1.8750310190465385	2.4561870945511703	-5.958361562135478	-2193.337518800107	-7.742267934970626
-0.24102745766697442	-3.2834818232186347	0.9881149988003193	3.7028970900011338	3.559800897089957	-4.02363235390848	918.6918048268727	-36.380717356300444
1.279868321748979	-2.6715008588886513	0.15968802551732253	4.42997816205326	-1.3970045823587993	-11.328816130932685	-115.72583491075397	-23.229603328629064
-4.310982202536032	-3.315355302554134	-0.8764971877268639	-4.143521852243845	0.727301709572771	-15.270997269924568	-1123.6179624145677	-26.631331054611564
4.908722367748748	-1.4723357406555495	0.9604233791490691	4.9641164602053305	0.6816333182625423	-10.453095043073848	-361.22031761775054	-30.31241944670691
-2.1746114764041913	-2.8930362710840196	-1.8845956569512246	-4.161121215766804	2.511701570968853	-7.450825209830576	-196.02903866793105	-25.136447848634248
-1.486765954193916	-4.3510397541719215	3.6188465655074147	1.832002420756364	-4.70668570385185	-6.882494886852533	1003.8966881912978	0.8849393705261521
-0.6116864510773983	-0.11884404343085375	2.547723850353676	0.8161451294800646	3.230525114459324	-4.706696967872999	-576.2449004478301	-1349.4829544730615
2.9122017943857355	-2.4146537591492367	3.207433236835911	2.601253695262021	3.051111408448774	-6.000114190365732	-47.369741448485186	-4.758271903458132
-3.9123694485117655	3.7570855768585982	-2.8604171601952775	-0.3709027303559935	3.661316203118158	-3.3723578504412837	1774.343258694644	-38.92165316374669
-1.090280104159802	2.2867423606046984	-3.212551770579697	4.203426639799785	-0.7556770862772648	-10.311278386959275	540.1906480218626	-17.96141235509698
-3.0530015694248904	1.6241783030888923	-2.4112856594417975	-1.6098656935352218	1.19562680200728	-1.5828065959381172	431.9669590992408	-107.30941899177995
-2.1833975932689267	0.7136671598492335	-2.820642137382152	0.1280227179280864	-4.623111410566524	-6.172080504336615	-855.3700596004912	118.3585481334148
2.9178905755225433	3.5033118711972513	-2.624353445817068	2.519894553386866	0.6415661803136965	7.478549821147537	-1303.3762842820584	-19.082311197607496
-3.682851570504458	4.558638807382229	-1.2426384679696731	0.32808419357651	3.0292874497115	-2.4359919856815075	-1075.051614152259	75.9528032482661
1.0015821434101557	-0.7201928243930897	3.043833052231328	3.115224947095429	1.408029177541521	-3.551480557462553	1291.048957848826	-40.84654990942758
-0.5527767743841085	-0.937478960783932	-2.788607478804831	-2.1289470826191668	4.7819497031881895	-6.015321902908763	1273.5204174992814	-103.66849106473974
-4.250701344286558	0.1732598352626189	-3.4087798875690645	-3.7581374418220728	-2.519665433804581	-5.684722222590974	1490.147948865546	16.751750959356695
-1.3771125138090423	-1.019973417626475	2.7492766727893923	2.0463955396748226	-1.6353463595245188	-9.452230971845772	-1481.0005988109895	0.9234028121033955
1.4459731555071889	2.9607349581698887	4.014368332649022	4.713892402486296	-1.907894688434851	-6.879127207979433	530.6943726163028	5.637507693154522
-3.9148843002873077	1.8585500849330678	-0.7383001518191197	-4.2020220375344	-2.807740802008303	-4.857898861158546	1199.719095739179	27.08007109402633
2.323927552222754	-0.10982334438175201	1.7156449808967587	-4.098423932882454	2.4465558851401115	-9.727563091270351	-2960.5138282878493	8.25519031957306
-3.044107660108587	-0.9215823434825889	-1.4001265925682258	-3.0684636771774674	-2.52462608673374	-5.6304072413173	-840.3901380005277	18.151115260956594
-1.5972227608160505	3.4098909174601744	-3.823015833783235	0.8749355299502355	-2.3420388622357025	-6.118701847361583	-862.1888714420713	-32.86216674011396
4.015809782495573	-1.8672308872294208	4.408179809361556	-3.215607913525308	3.1492648436684245	-9.468005919039303	-1993.0706800070254	-38.11701328381683
-4.604300827845274	3.6980221715051194	-0.9387490083471715	-0.9508490604341642	-2.5317862034700966	-6.824652010446097	-1163.5088699901598	-13.455835989645582
4.0260989307032276	4.255144334351609	-1.4692179744859688	-3.0544639485095546	0.9709402822076072	-9.94873277285445	1609.09274921215	-18.917103103389632
-3.7740537089870196	-1.5652679058144203	-2.453368085939239	4.787302500717498	0.7225487002330873	9.046097399783804	-548.674647356909	4.018879187358871
3.1729412697681383	1.3672085017630211	1.5225708264176934	-2.5296172473183978	-0.15054969922448258	154.98356099243554	429.126914316971	150.27991477410205
2.5083779908238206	-4.717842403796798	4.334222066492831	4.00537973061885	4.32250482384762	-5.25675914043393	-1422.4735902547363	-15.293773002416406
0.2843400631214452	0.3339152801619587	-1.5774567810566351	-2.0818608033487562	-1.614007355538809	-2.80610337858206	1109.295972704814	12.697111021135827
-1.402660629914215	4.617347422105704	0.2788383768778857	-2.385811282117362	-0.04599829746422657	3593.879161576287	4745.478479735372	3583.9904621695346
1.6663987172025436	1.3760602352384659	-0.09533959082026566	2.8043635161451785	-0.17250473237466846	59.343755930937235	-2123.9177849606162	40.94097264053172
0.9942108621314283	1.726619727367483	-4.855905694299164	-2.945537824399703	-2.3636872691789046	-2.1828236463338135	790.1610681137354	2.837701999335756
-0.4355379051134287	0.17911153440771876	4.9515384257341815	3.841654948132472	3.3303878323505725	-3.2859458987634658	2690.399255722159	-39.422419250554384
-2.1636030024249098	-3.027201001723383	4.522175121376845	4.697992660752554	0.6572216187625735	0.19548295908244473	502.2216324737856	21.3820461578129
-4.25564020202909	-2.487784515090353	4.075393587305001	4.053556118950603	-1.7281238572840465	-14.624045956864778	1034.3836508578904	2.6895158552262526
-1.573317600577302	-0.522526269727611	-2.284920382003306	-2.50688744780211	-4.864465148912495	-5.132604040353284	1351.5802178243414	21.681265965003064
2.91034334885126	-2.9266586739719944	-3.854871404130822	0.6879113372181811	-4.95286827108421	-4.871961722587082	3163.5438631832035	-8.377521460735231
1.161272970793414	4.237887684771568	-2.642898094732822	-3.0472618163031284	-4.049615071156152	-3.2904875463378107	2150.5276477319644	0.671113005040004
4.5608672278329845	-1.3720408781653393	-1.5938112461383271	0.3046287904116891	1.5965056785584952	-10.643646758210078	-147.8523631637058	-12.565606585924247
0.41122941482249953	-4.0272436869205785	-4.940963068814693	-2.0259029919977554	-2.4553148652791537	-4.879871594912544	323.7544958537145	22.42266343328338
0.3940252235189945	4.412903719573903	-0.8300001552712946	-3.271179597857532	2.092586893444347	-6.624804412376322	1882.5632000168923	489.3711665214352
2.8214028896060057	1.5448029829579824	2.445268958347037	-4.370922435884076	-0.12381632340008242	254.05386481522712	744.7811729586697	249.55211946081297
1.0053466055471683	-1.8810108989897212	-1.1972183869847353	0.28462340175929857	-0.41073124582447296	-20.755644865922648	641.0434873726997	5.912932951384899
0.8106569522614873	-0.24696547408485614	-4.010940600318252	-4.907987682248277	4.063594206434949	-7.732997443232623	1719.3191374820349	-6.989693208209852
-4.10281310412277	2.7114598829711802	4.4909902937393635	0.17995115169370823	1.8318930766569448	-0.2717388089677186	-129.9143528763239	16.152350626366626
3.7656380710049238	-4.631124604488851	0.16375227129412995	-0.57198507691378	-0.15175105695793434	-287.19472512940274	-1824.4465620205635	-292.1835465700082
0.7977461853647458	-3.156190372711596	2.2654381353401822	4.7014553629889715	2.218085211418882	-3.583229929588973	-1429.2967860044137	-3.029775982855157
4.2773891566215845	-1.7173791927205895	3.0342857753686587	1.7313892895809522	4.4359170509938615	-6.490005896156946	349.92214861707447	-38.87702853344998
-0.9432938746327091	-1.103652035164301	-0.07757519533947921	0.3868952282295268	1.4835453968982417	-4.764547141159112	1996.6502566253232	-9.305307404997992
-0.18329658477070332	-2.1630828794198456	3.7115893167762835	-2.2070015271914367	4.4523516022099265	-6.33061595799159	424.0274095052238	172.49575914692127
2.0627346279796877	2.735945112225725	2.813387693737556	-0.7650952224488705	-0.0026081804545450282	658677.0796944302	657879.2750576631	658675.3562658798
-2.69742613308971	3.190003464189962	2.560685874840072	-1.6680366059951024	-4.725454756576007	-5.532469715843767	-1195.283728046056	-142.73117608185603
1.8660686696128215	3.4386145545199547	1.5412627651311066	-4.262890203965471	2.5505920680190304	-8.471498116307442	203.49646460834464	-7.985555800546323
-4.808111682839966	-1.2575922025838073	3.951370838771826	3.126048752225156	3.8036119811703486	-2.1449198430575356	-358.3839297314957	-32.99763888750931
-3.331337964643769	3.51430841514712	3.9898488911680037	4.803159826343613	3.702701883601936	-1.4030407056322831	-1301.2308872970293	-11.18913563329582
1.8924563493576603	-2.8229366262806144	2.2092053653350625	4.9232304554508275	-3.4780820247991673	-7.2144245312599535	-3063.9353670290325	4.309242279995371
4.77790067057901	-2.023014423513504	0.94112089502259	0.005300054546051314	0.6419347541955247	-25.571844012374633	1738.9115671425473	-814.1637004990778
0.6415139349454657	3.936039006991537	4.586534648083081	-2.347894069897929	-2.5949077033116987	-2.5736016275874083	219.26825063557553	-6.207817114555448
2.751761036484136	-1.952553073690948	3.9550296035811368	4.786616185428468	-4.831832718326316	-6.234455269346586	528.8081601795529	-20.647023097749557
-4.554677503934892	-4.549833808725957	-0.8681953838205825	-0.45984246815367413	3.698611246865946	-4.144932950222078	1403.2605621492123	-0.38067201209184187
-1.4310839287524226	-0.2223696453024706	-0.1214982565997067	-1.0716958450235592	-3.0842759185172843	-5.638501070565203	-3191.3629218849255	-16.79759704787895
4.470863812936729	-1.8550969160792876	-0.3245990529687548	-2.3032088086005063	-1.2402129719529729	1.5413839827739153	-705.8009412698705	-26.064069308764086
-4.956683698401529	2.6402854837296266	-0.9719925382744723	-1.4902288526076788	-4.088168580236378	-6.536913206824108	1477.2222310466102	31.57127297131921
1.4277087991676058	-2.80776494065298	-2.5624420641743217	1.4541974379032148	2.9314773210616307	-5.928898655494247	729.765708270229	-8.778003083367851
3.7070860349942123	-0.3842825959542857	3.997324978380963	0.4558293774055242	-4.332142154210569	-4.217633525242148	692.1532432263457	-53.72942279484234
0.26790325587827724	-1.2791236853867884	-2.554124856574659	-0.753700815034227	-3.1428374637827505	-5.090588280978699	-1086.973086516283	5.00554416177875
-4.122688055409308	0.7873675895787109	-4.545599123891294	-3.536301571106618	4.405531522669024	-5.126338881109464	3898.029983716987	2.1518813356508364
-1.963540160596673	-0.6765806546372293	4.755126813235787	-0.4614857062369744	-1.347002231957176	-7.8404016365509115	-1030.9212052640487	-0.012133660103612165
-1.4981468120640362	-3.528594891673782	-2.9848771140985297	-4.6637168487078595	4.942114343529067	-6.692165064420232	303.19597661092575	-39.80431409704946
-2.7217436032771705	4.328509443481016	-2.099859907598068	3.8241479977388977	2.087047476551839	1.335958245607224	1534.463574055135	-111.04176407543018
-4.921679052123968	-1.2255011614390634	-2.8447312282469395	-4.504273839123449	-4.058832152606168	-5.699472776475941	734.0928522453073	-1.4891792257075842
-3.816387488253473	-4.4109982437081365	-4.125443015704119	-2.966407367413045	-1.6735977057311668	-8.811759434463742	-1624.662632484997	-8.674064417278464
0.9217285004368545	-4.197958136145993	-4.485972437316558	-0.5276754331015878	3.4544549338645307	-6.669890754974054	1340.928401596786	-0.054891259154524086
-1.9494530314846195	-0.844991475109282	-3.2134574251287984	2.9480318884162307	-1.872196781443729	-10.076394603800582	-1401.032685030857	-18.419904296630563
1.3141725222595904	4.91107224884178	-0.746318389166694	1.4995819194105238	1.242329803240918	0.0310587232781927	-3136.5756448562734	-20.25854408800718
3.853967413830958	-1.133313187359124	-3.949506230289118	3.989172488365714	4.576497984155814	-5.4501267229295225	-1287.1840823622294	-22.71193566898757
-3.3703726129195575	-1.9160002029982404	2.3019422822710496	-4.181335938122049	-2.397441362858305	-5.401975932551305	635.3542433517085	-3.855428985172389
3.2193545807022	-1.1403508909692972	-4.833719677448038	2.7210381410309195	1.912356414784064	-6.344911715863899	-1735.5997769849864	6.652193451666393
0.9451956722930044	-2.8617399738946068	3.2789326393371656	3.0084093506775904	1.2300304498917294	-5.759692777172653	-493.9398328231414	-24.111565335969946
1.1606097432332065	3.5014438455577643	-2.2694538069265136	-2.269285753340935	2.6940446881012816	-6.701486732070525	619.4520057725332	-124.81897127026667
-2.4851903193879266	0.8117020631993377	3.1940574542475346	1.4950208921255292	-3.1273409969695933	-7.353209779559586	-1361.8426078031805	-31.339389009828146
-4.900330284831934	-0.8227606662647711	2.0153737126353812	-2.5349992001110175	0.8948066658373897	-2.7708267964234192	9.8757097714553	14.517292157953767
2.9116026922106624	2.2836377412047213	0.11436159705677618	1.524704251583393	-4.326435465478607	-4.68714267530365	-2891.9854645767005	-10.001255752762294
-0.7384779300228841	-2.5454181731942715	2.2166750228734298	-0.1666343286181089	0.6318965430448698	-14.344080329772414	-1228.9297040107328	-5.592198814567041
0.7913139858388725	0.19804403470042153	-1.9878676471893097	-4.749957110500854	4.559270787492878	-7.379568169617976	1780.5217864634324	-18.474787668595603
0.13588554623780524	1.850006336514034	-2.922190893218021	2.7197881562331636	0.5219709939399646	13.766064080320685	2252.0346938107236	-1.5768472337588655
-0.22715423715125915	0.3207001283103663	0.9832915092444114	3.415350923740192	2.8422806580593685	-3.25197338227026	-123.4344993361558	5.810476346938422
-3.299171339084147	1.094756602767168	2.0741178909240885	-4.716334437946533	-0.6759660137933636	1.927579978187726	1153.1551555827236	-0.07225886655557323
-1.4137159635927734	-1.5604470623490228	1.6087370313413913	1.4373804566146404	3.3794134113719405	-4.255184868843576	1794.1619956110355	-7.253897715335618
-4.8200122315114875	-4.615448868424429	2.5236214627475198	3.4108250402652747	-4.941637877858027	-8.43920227239698	195.78552491992772	-0.5699187910319647
-4.352457919889043	-1.3578796544793272	-4.941413411435583	3.75659187652362	-4.278692221837705	-8.62666830778748	1059.400354970159	5.849444258278076
-1.2989013381546286	0.5621233800980905	0.9715083899982897	-4.231007723452488	3.4339828151697276	-6.726762487878942	-1332.911475761364	8.756554915488469
1.8576040551709454	-1.408733215241449	4.795905060132924	-0.7469986462836236	2.291447814207663	-7.70476004504588	-556.161472995301	-159.68552254658616
4.067762537778382	0.015277810797110547	4.866082386574611	2.5281771020408	1.7197369432853122	-6.863795595686506	89.60379994626669	-20.140233363970765
1.4998269612486563	4.568490772108907	4.634855221843031	4.632892897188913	-2.135940631061153	-6.170255172048332	-1380.719208309403	-28.722829701409733
-1.5414711114902877	-1.1971379867925478	-4.9325192067658605	4.35701600560532	-3.5229740004638233	-8.302220282530758	-1244.5469271205138	-12.118499610060033
0.45877775042688107	1.84045830845018	-1.8075777591853548	0.13322133261126545	1.6196634304289725	-4.592392132555384	-1038.402795980407	-11.289480571105237
-0.981534131166784	-2.797024469907176	3.05504418148152	-0.7359666997941918	1.439500863854862	-7.336054759681847	575.4445442660177	-1.9946624027088378
-3.0222341910891624	-0.9103187236409429	-4.781656631684978	-0.9246849089166993	-1.4734087610256505	-8.420109944599275	2830.0418471302733	103.7559465573602
4.580712530006485	-3.4001784394753685	4.053200118836477	3.21219798062706	-0.339011017556051	-47.13903067952249	-119.84248469288983	-45.71261955892366
3.2099938660363296	1.2749652984377935	4.201235586576917	1.925814177293896	-1.5607334919264648	-3.2111840481762206	773.4276520019267	-25.618558373907835
-3.997446812674198	4.006989858406104	4.688884379174048	3.2214421767131327	-0.47611777362441465	-1.3034070647561657	-924.0276575024112	-15.673821669672396
-4.168284706917532	1.1738304239458266	-1.6319283208722455	-2.930860934049646	2.3636584964267	-4.211745334309924	-744.6373921712011	-22.71720324236432
-4.542903795070254	-0.7839559782131378	0.5168927577397895	-0.5563712568392534	0.7532810700395354	0.9773780697867327	1229.0107206384378	15.553143679541963
-2.062153481574626	2.1110349566164723	3.588236838128971	-4.278040372313139	3.092434482023826	-6.219813463273931	4441.537455552987	-31.12080398148224
4.403699028258718	1.7416899216486392	-0.1246127635934915	3.035668403069426	-4.0540566954418855	-4.685748391833328	775.6909478397108	87.77948244204195
-1.1747051165215594	-0.12061152066702885	-0.33720757501580856	1.8671342405467488	3.6635876476740155	-4.068537481594362	1660.1899472896625	-1.4938750508814893
-0.4348836475191078	1.6214421458727122	3.4155932235725874	-3.311724721942345	-2.1927390198141614	-2.7162801587939396	668.4090369717824	-8.161341077018218
1.612186177959857	0.7772257395769113	3.455937133957743	0.07467558082756565	0.6846216510373768	-6.369660193117469	2516.7522271231537	-3.8800244532740082
-0.9545208766533486	-3.5372964269048013	1.4222833798054726	3.540559847987419	-1.9148748715829846	-10.819845684871002	218.19919234042715	-10.836832642139962
3.998890174000353	0.9685114920510598	2.7718518758031347	3.2139989439945182	-1.1411625338917384	-3.0718503206752357	1733.3507572255303	-7.972513649512575
0.4903946363396905	-3.3110766959259683	-4.879030885423973	1.6059644856598787	2.6688830797593717	-5.486531207483571	521.3841939964176	-2.6772373841918693
4.937097931624567	4.245053099077648	2.7903175809485017	-2.270228282382689	-1.5486896358570137	5.082116967067265	574.4829281044297	-46.866337664541625
-3.040266079509444	-3.9743445409106815	0.7510680899522946	-4.534178807855071	-1.6618293699528253	-6.292243071742626	-728.1290080324745	-7.060005841534714
-0.8446191068222664	-4.254498746067928	3.2740639550058663	-0.9808546161237857	3.8713928491969956	-5.931125875099136	1535.8637384698864	1.4324221366312342
-3.222735237380705	-3.7752330681531188	1.750217787420226	-4.902799671861363	0.834979435411376	-17.540807213358562	-119.10278832024886	-164.0817978121851
4.044014948536459	-3.4462927910552974	0.20640364894151997	1.9582530577358837	0.9889225430837456	-14.610662111705686	-1400.3676543524564	-25.26089448588484
2.1427611295663906	4.7199133512805655	1.2030995509194575	-4.43288633412927	-4.791091027329273	-2.8324467381141742	-715.405610993322	8.46549268580302
-4.489953410648968	2.4318776869609513	2.5972136120864997	-1.4908613592179454	4.736901066448896	-4.19885922387511	322.3204919490223	-5.2188540193536594
-0.3737053506754897	4.239078294116435	3.299678805801218	-2.2478231051247457	-2.5525866275605056	-3.1481632733397884	-1598.787828271851	-1.0055499606095513
4.288496380109484	1.5953065636863437	-3.9721197308310465	3.10449315545746	0.5096228581811371	0.828065536373507	2031.6071481857587	6.278319389422569
-1.022859360842605	1.8021068144658168	4.244878602820936	3.0694106665603567	-0.7714755371811179	-9.12846073484982	-2302.5753046809855	9.213911251311856
4.58137317438262	4.540053953016439	3.2418268315338725	-2.0522598846417104	0.8987236117314286	-8.285049749607163	519.1587606615808	-12.833378192922229
-4.08164429980574	-4.534343674868532	3.4679373482821987	-2.200886236104229	3.982740033343333	-5.105597194996454	-3795.492658001552	-31.687694399024636
-2.4317925361127077	-0.09119922985017759	-2.591673563255955	1.0523839895907852	-1.4917458939715091	-9.291811900826694	281.0443639871153	11.770473919081848
-1.0088789729064973	4.6389559945353	-0.5202053853767321	0.3450607094116096	4.3645736148925565	-4.505570543502797	-1481.0739642943593	-37.77515635109805
2.596745923510958	-3.5795136565525763	1.3063554109238371	4.630652267803455	0.5728457180003153	-17.427345478532533	2531.446187894045	-19.145288438377985
0.07018397133402132	-0.19337002917793278	-1.013157307032305	-2.357691840793602	-3.465108503161327	-4.291887107340273	73.75662062644726	393.56310703526356
-4.941838409786749	2.4747646561344583	0.8364177536101316	-4.037934113392807	-1.4793330216707123	-4.560959561709379	-347.3419249112624	-30.688949519468622
-3.815851673955868	0.6162069436833644	-3.6634839433453035	1.8515161516160026	1.4461550799573448	1.472155690863027	-858.3408948655607	-10.987669642696353
-2.053218023409562	3.43254923392686	1.2469460304510163	-3.9563091535164263	-3.343155728274263	-3.97860103929286	-532.880846213695	8.438215283413564
-4.185733858157872	-4.894267011611268	4.773001199818342	1.9650609806873405	4.4888057614959145	-3.5686571310924506	661.3944005439482	-2.3750782541454054
1.800296288203639	-3.690021605528353	1.0647040741484872	-2.157274665400207	-2.9937781644750707	-3.9233014837612856	1446.7173426945217	4.329164131226525
3.266253427724891	4.480239824989386	3.8295968289809643	-4.480288810996404	2.564279564495262	-9.231334466090372	-979.1423898529547	-15.275454135373828
-2.4556795831952694	3.0272864209543737	0.7834739877043138	-1.182734876836541	-0.2091075645959588	97.7278587855492	24.27708349874412	70.99267575052428
-1.8537216693656	-3.5548986145693693	4.268944256236745	-3.6800977121189926	-2.154206324885984	-5.27643179320211	-2258.1934852257423	13.232588141183754
-1.8120287990023423	-4.970180015796224	-0.738652966686141	-4.697655606163887	0.8032506477120211	-23.859503882627177	-177.72793583324042	25.685950823129847
4.8406553771501475	-0.6488200276643497	4.875755177681681	-4.987419411426116	4.40062339740064	-9.112506763924248	-1353.9906958417826	24.85180307812946
-2.6711478928792087	3.430574800687012	0.9045385273765207	-3.5833253227155715	2.376030748019055	-5.044533679726442	99.54605098206868	-2.864932788592481
-3.6038099405189317	0.01399537767692749	3.9623167988535624	0.13830507568644634	2.4868467962026486	-2.9485242022243296	2204.609024473108	-0.21932858118183196
-3.948007426301592	2.4781418618460602	-3.993547446884781	-4.846828870347589	-4.915211564061472	-4.943780827734649	103.7521342489701	-4.661620719013686
3.8030797984786364	0.28110836312640153	3.2996754111751923	-0.435768558311179	3.994494359885067	-7.114473101595767	-1211.1139239441939	14.033146446302414
0.6044419438330451	-1.4218731888045264	-2.972362981315859	-4.623118719478744	3.6147130223096156	-7.9498509815381	621.7482170296398	10.188619270917558
1.6545416966533892	3.513862502818588	-2.746933775955215	2.1643441724229113	-4.752035592760997	-5.331069494698941	1642.0295726667953	-13.937578692663434
3.7832831866065213	-0.9815573322578501	-3.360586789089264	-2.5479236491299693	-4.717103287159928	-3.289821837207922	1396.2589723456024	-7.918273828030003
4.037930783044558	-1.07176658191946	4.876076013510728	0.46379259229511494	2.5769753818692234	-7.938958569677347	-1145.2813269428468	68.69499192792662
-4.591044840860756	1.4791555278633197	2.5367411441425958	-2.6779512744147063	0.9608897342149634	0.45852769078171285	-2965.888082491242	-0.7518503383947244
-4.376706652881892	3.042672881246146	-4.417244535769744	-0.5484792707564692	4.8319765321391035	-3.903106567196061	938.7452061066332	-4.726165859197768
-4.2816660513343106	-1.8632147312283784	-2.589068286781895	-4.982152184775059	0.05341626848670433	-1093.4022200102359	671.2935468361729	-1094.9987618483467
-4.139402834358469	-3.322349527487405	-1.4698276507112737	-0.3360158295384821	1.7828557800605926	-3.6328040114669933	1443.3630793967616	15.178781323544376
-1.3153308774672166	3.273404850448827	-4.851975071265499	-1.9957110089919041	-2.2483323005162448	-3.8580498828760605	-639.7516432988274	-642.8053827921171
3.361028768101752	-1.5575239669698848	4.046767156615159	3.2592386109759737	0.2942312952562123	-35.360471863524026	-176.7791427929098	-0.35284337952739264
-4.13291258798893	-4.373945768771891	0.903165116317779	2.4928669928960367	0.01900481438454449	-19215.72686026836	-16152.585809442031	-18397.087416287075
0.586813213485283	1.3615836843761207	0.1565568900587646	-3.5270371400150333	1.795097009165426	-8.462984424261279	-1339.0872806882453	9.315247227845685
0.6551181507530623	1.8966527448895745	-0.15449703360584977	-4.847311521231534	0.23984122991743817	10.971747697138142	-141.08102156666317	14.399371718345387
-0.6448015924516151	-4.802360478670808	4.579300566148632	-3.5548132558823484	-3.8851023429369858	-4.706270321069876	-1081.727836949532	-187.34742926149852
4.978919344532066	4.802783788073178	-1.7463014550351774	-2.3954979509492125	-1.2431720078461228	9.354640155972385	922.2215012460797	176.62392667940634
-2.895866325139953	-0.38323168279955766	-0.5830898384588057	2.829018325707998	2.783223233559596	-2.1311593109768294	-738.4147766100842	-273.52381102130886
-2.489717371778303	2.482670484766542	-0.5181476729628063	4.0428354068458265	-0.24363743112673308	19.109485230865367	-528.0524645712707	22.394372713509487
4.879463983622561	1.1372540062144605	2.2327075735146407	-2.727856471674006	1.7085366356846752	-12.046143142497275	1032.1695558576832	-24.19140546005498
2.9209019054071277	-1.0480662320183756	3.8538149130845074	-3.568057291916482	-1.7117114328525798	0.19757916177472445	-233.25966128551704	6.62865706924863
-3.6227732875262255	2.863895966428224	-0.6601539658164679	-3.7387942168132415	-0.6338350716479333	6.5323673313232735	-893.7810187152313	-461.6237452481172
4.2619972014592005	1.4050251791253139	-4.444285157793063	3.378702111015633	-2.6959203877534765	-4.559101351897516	732.3061935471716	32.276048530525294
4.6821097865981915	0.42369233994988775	-0.9331449581163636	3.932487545237283	3.6219728072937123	-5.695291590849294	-1958.3895242698256	22.497189164771388
-4.616456690952127	-3.498378786298706	-4.611198291398026	-4.802907566539255	1.1816978141447931	-9.759646535612616	1532.0116368324234	-44.88801499438275
-0.5621746527810734	-0.09618265397772863	-0.42841727482480696	2.305021064172621	2.7617292991383993	-3.7348893026061942	386.5116686586686	-1.8631527738454106
2.453726223725198	-2.8000048339292025	-2.8447177101979793	4.322884109793765	-1.4811594309562839	-9.555829472132476	-142.16947510643192	121.23922211766487
2.7018671946476776	-4.399660350225336	-4.279160723979954	2.5409662972975564	0.6343989186199224	-23.679638390419406	-196.24783432138992	-36.1731885546492
-4.967277237745716	-4.7010302526102965	-1.6522053649956026	3.3735240270533957	-4.705200632969257	-8.652198489839233	-2614.8188734941095	233.2915018274725
0.5918205822877098	3.1974516846043866	-3.285972876024834	4.870738344511484	-3.2209964417772676	-7.076411333706053	-1329.8757126769385	692.1939180246017
-0.7063903221508507	4.512260430728617	-4.401011491127644	2.317833597226775	-3.3686764310789785	-6.226865430502603	-1340.0829114972496	-16.67111279441972
-0.27960608105594975	0.8250141870808667	2.8585179584626363	-1.1439664671304706	-4.500970689689149	-5.029821198047413	212.22361933037948	-8.620092752894578
2.3925419429847006	-0.2101327781289486	-0.547073118112892	-3.254602785402864	-4.837413749073049	-3.5179312812974035	-608.5199455268919	-18.6924083041342
0.3201221500167559	-0.9688693819084824	-0.6627544268411656	3.853042767976021	1.8666470061003633	-2.7728289896334397	-2452.0413812314764	-27.403556696368074
-4.273040866993277	1.6679220449415517	-4.092351634539428	4.709866282595165	-0.1772790442266201	-1.4892730192781154	-1136.043678832666	-4.492242502125883
0.6360409457652381	-4.1683741144699695	3.360972297371429	0.5623391080014253	2.153514131062199	-6.933966810609468	-599.202800104302	-3.10612953104071
0.97234512686199	-1.100432255475432	-2.157680491382352	4.448622396805854	-3.92315032982407	-6.974065680344461	-2856.181294502121	-50.539515051402475
1.6565470327512797	3.9663568958453634	0.9661867643440711	4.124111845110058	-3.9508373420153067	-6.0150885702832735	485.69827300384185	-28.059284406440632
0.97413857575145	-1.4952051696264457	3.9083962931222764	-2.880634296068465	-2.8103293841336607	-3.478862736547124	-782.4980024682416	-18.042597665529026
-4.6185740622186255	0.6411259145861887	1.3831425623499891	2.581717222875267	3.87671143240725	-2.306701058436159	1430.8007421464945	-10.237197790148654
4.442163529027944	2.967719638433368	-3.7112918990077324	0.9894527311675647	3.007430444096105	-6.749236696684291	2867.8975993058652	3.8544395723215557
-0.3048572859283274	1.2327375859079162	1.6169150905789378	-1.0316890881636276	2.7648802838041178	-5.575984641344896	-1120.266488269727	-3.8400084399714833
0.1320395790792066	-1.3221939834731566	-0.500707192455395	-2.0052597268506034	4.418594183196195	-6.310664564053026	1187.396624296365	3.8431656748846965
-4.5922699761818455	-4.416177452994239	-3.801470668118838	2.5772826631384476	-3.917687538297531	-8.86903782338686	-2267.5987436584705	53.80042337787664
1.0143615588095063	-4.789471567901446	-2.75472489295848	2.7610708415330265	-3.318851969348926	-6.979831898715252	-718.5965930111586	50.87750768604171
-3.6890080026050343	1.0451015945794957	-2.704501222670428	3.9951845955674266	3.36352662010764	-1.5276609514246435	754.9999669142203	-62.03111808227578
-0.42787988797508625	-0.19227175678698671	2.394487135691752	3.844339339179207	-3.7831360870684225	-7.276432881746627	644.7197972427656	-3.4183023100073875
-2.8784846542238087	-0.20135208220176715	-2.875009918423136	-2.424984411530269	-2.7848053703351527	-5.7183925795729005	1792.8723156685503	-2.3100080375514387
1.6052762137481498	-3.1355783247930535	0.08251642165471385	-1.3333694268772014	3.3629022615633843	-7.290135489478222	-989.8679844970527	7.000772667180969
1.1726823144936969	-1.7894062517964948	-2.7269081086951985	4.608442196398016	-3.672105267110174	-7.15495535201214	-679.2424267622046	-31.64500280096655
2.065244592078475	-4.445641677264338	-3.4766646108369406	-2.740329833936311	-2.442008980930721	-3.4134285458959672	123.05805864041183	-18.29524072071237
4.685265315311035	4.040986689390161	0.756300362341821	-4.550525183612164	2.554282167346874	-10.30418103352402	-1739.6414655810427	-13.014160504748734
3.829156198680195	-4.590292321244584	-3.4852630758444922	-3.8923959855859946	3.1744594124099397	-10.126923096658745	-2653.711406978245	25.12260099295022
-4.3187320011013055	-1.161214038625741	0.9136390417138234	1.212151339742789	-3.8467314413162756	-7.886604129869648	-174.23159744798846	-13.465935694171108
-0.1766726753921457	-4.029348255377103	3.172888469882672	-3.975105246213013	-0.12971088766923344	-348.7418304727062	1674.1546220008327	-337.6150674307672
-2.819277319990352	0.35917654970486623	3.2182906027752995	-3.094949007688077	-1.3739296226888067	-4.771499788581869	-2324.8611914660046	108.13153946194079
3.4177246937528594	2.0793686056001315	0.9120397981407589	-3.1908270782096437	4.139947196873544	-7.819111551705852	286.07516287086924	-18.525202698615736
-1.4103063297257377	-4.5223699776729775	-0.6439810756161339	1.501366575149885	2.2498986064458055	-4.755446569556197	-151.2265129257522	17.501624089232863
-1.0299538682064924	-3.6677916350363136	0.9416873392561884	4.351736695700206	1.4332341851690789	-2.1933386988296166	-415.25728758953693	29.80221611918702
-0.7154916297074418	1.9908265276508805	-1.7749879694320292	4.531432165487081	0.39587090829701044	36.98759576063151	-869.7130966603326	78.13978727454023
-1.7377970969578227	-1.7727281729565192	0.95343546576985	1.7297984133708724	-4.436899247779465	-6.8335898673061	4285.781608244021	395.2254576368825
0.7382833478831641	-3.4296773487335552	2.440340481453233	-1.5870592520151416	2.2279621548856294	-8.243251906438443	-1959.7826666200162	-5.055589111140984
3.33766341075121	0.03689614673874608	2.6138069483114226	-3.4144454222945155	3.4430096239445938	-8.60805705590792	-1099.6310727495247	-2.796227335879763
0.31838157605199413	1.6835934869511693	-3.6704776171715316	-4.478277610058969	-0.5707810185480913	16.756599530972995	-1270.0049729045686	-10.417820472628698
-2.05935076452184	0.06171346972173897	1.8989628994351238	0.6399897850173524	4.819816818693486	-4.490911900684856	-388.20821606938654	27.89405208726822
1.5860482343674764	1.7629372797281126	-2.0815131659656116	-4.396723905389074	4.4810880989157305	-7.447290827556062	710.0665101085104	322.5241061599234
-1.0657508479249653	-1.8677065182958676	-4.834381578452682	-0.4025064259360489	4.46848576845626	-5.320347717877068	-1236.8930025728391	-4.577401114292101
3.8119019322623746	-4.438907295201608	1.9455232039160641	3.7139195033978183	-1.1962200363487998	-10.342955196162988	-773.5899185311409	-12.581354170356251
3.321982857429429	-2.2556397814122606	4.6434825248562355	-0.14431627997101693	-3.8094122520214526	-4.177660800100816	-1677.179483433009	1.4354395067036387
2.0241990161348227	-0.7100703846166487	-1.7980975409474533	-0.32670630549162283	2.1036618741765682	-7.497373303030068	2016.83479709116	-23.758311994804586
2.9353755903840817	-3.445983306382403	-0.7162574606074079	2.5092561955379447	-3.6588447246173086	-5.640213521154809	1806.6579777298325	-34.09133848008908
-1.446864243827477	2.6331170744046144	2.460225909485114	4.751221652074845	-0.2975223183621578	9.149258394361492	1420.6339162161642	27.52618876479532
-3.3709215418189675	-2.0887112619982506	3.6620645600178783	1.0745393124877056	-1.0390934833181422	-15.557430613113647	-279.4801718903856	-30.93816200194872
-3.6726070152404757	-4.575604435108808	-0.32499907750748047	-0.223089240345395	3.8587673525093606	-4.451803520328019	63.95016470340527	7.497523812308575
2.6266096397606358	2.2458924000320764	-0.9988055469144363	1.391179810932412	3.9073048779952977	-5.686159605707227	-1350.0676801292618	10.51655429117662
2.5034482711934194	-2.909631605636384	-1.9345429642133851	-4.646099123888004	-4.668538142638457	-3.1267089728768394	1365.4692841609838	-63.02713923663225
2.1968312528656684	-1.7080341208620409	-4.033334595524294	-4.71115822819275	4.683742178551293	-7.94615197700675	-2465.599304668217	157.73328454702312
1.0298881388815477	-1.1977742484538947	0.940467824178314	0.7278341769014176	-1.8422325774146522	-5.7186463172198785	1625.7150360588637	-15.414485093326753
0.35790300102216044	0.9833264488902422	0.3497257839921142	2.1309481550599205	-0.48202419431911725	-4.505447072068911	-1020.3244911164855	0.6445582254170148
2.9153072094673433	1.6274097786802555	1.8031599728308114	3.955245718212897	0.08192047968686555	411.40784992359033	898.652602276477	383.07031194791693
2.077109731132323	-0.7163477430777885	-3.7339586388760426	-1.6634017424714367	0.22671122127311172	-55.12260408128796	694.4284531531624	-42.450197720413954
0.007913442938789927	4.31406336677456	-0.7368796230662147	-4.739507220972179	2.8191582474925525	-7.273919903187856	-141.92316379110292	-15.794876861227833
0.2682402671945958	2.934109315518377	0.27989350681742486	-3.210597633828848	0.642025291496001	-2.6338350242324107	-1137.2740226943379	-9.254949669992934
-0.48258113441484696	-4.796427986416292	-3.2469135881233258	-4.723659182500893	-4.307365354656477	-4.224052194845448	-1011.2667393387043	-9.541538456388029
-1.3789710927859042	0.0828514228988988	-3.3443714447213093	-1.1971972892286709	4.017574313957139	-5.327716463869896	1599.195706960533	22.64873284343313
3.106207475547752	2.20624156778751	-1.0581228202288906	4.704446263101975	-3.2565188059447325	-5.871811671305112	-415.5758619238351	-1.2438504981944556
1.2986705287546672	-3.23371174518708	3.5163929573193418	-2.55843793841641	-4.44012858618135	-4.25904242394485	179.9616522581528	-78.3672944142878
2.7194036733011338	-2.119945869863905	1.2846167325162714	-4.200782880620707	1.5705615480732131	-14.01052042482193	176.5116279287258	42.518935829470976
-1.7900108638879209	-3.7179277547890965	1.3613712400512021	4.6957347553684965	-2.244786995744854	-11.334211230569071	-389.7871425325329	-10.037766847735249
0.2658183027921357	-1.958361823261865	1.3647820980695915	4.997624457674338	-0.427290284432825	-41.01700930501795	-828.0056897299127	-48.34690709792163
-1.1658792775948124	-0.5493711455842876	-4.505283171518131	-3.2548982767069647	-2.269732806066095	-4.0808881562183545	-1583.0547649805485	-5.93676813779736
-4.561385933111032	-1.3375160231428849	3.8512813665532573	0.5451725644869203	3.3896265982226588	-3.1394803964246187	-1280.7851618473169	30.877659029880657
-3.5895516576104125	1.7093059479190948	-1.6787505342820017	2.598549380251648	4.769252329729248	-3.168009086622672	-895.7823923502963	-2.7582095298021447
4.291896156134992	-1.7563435160767247	4.089916223656472	-3.307730852669213	1.8966736076044999	-12.751912273344836	-1737.3632121591663	-18.95135208567224
4.19914215622606	-3.1944191586783957	4.0662094480320565	-3.7148257205156012	4.119714259622771	-8.85505235525578	2119.5800108666303	8.712695096850446
-4.6354174965913835	-0.36829177100285726	-4.074294051638238	4.074827084220866	2.6132918732759567	-0.05409354740576067	-3214.207911578851	-12.180496530594578
4.99340194048065	-0.2807362380826026	-0.2894692356874726	1.8343015855274007	-0.8099902640989454	0.26138108144234895	-408.99943580458984	-5.613366420546157
3.144354235671539	4.0812996041961185	-4.554576110541937	3.3984590792612774	1.6257221642573807	-2.632498961174609	-1098.4070858956964	78.00697385567128
-2.8199779303488337	-0.7044538840419285	1.2621048729352164	2.1136109244091674	-3.456104044133601	-7.837911763712926	598.0548611251984	17.697561597136016
4.251982923238007	1.0616099993632044	-4.645667097575861	0.19874338759839105	-0.3256400148392391	31.27184341624343	-361.5149551211645	30.091989356996102
-4.511931514917171	-1.8604371123292527	2.9015219388562006	-3.4170513229267185	-2.868529323434567	-6.40271514195458	2908.5100764342546	-15.605175812554323
-3.0590893298722186	4.150577711823853	1.8547672925358167	2.9636234768014553	1.7679682900563787	2.3229435641516964	-34.33684640733934	-956.3699158033905
1.7554446145610623	-1.3813502164381877	-0.9268436768586676	1.8321664350426516	-2.107228426379464	-5.977575083650834	2387.8996520333653	-8.84368430904032
2.1708785205112733	-2.298744346190078	2.6554215594417787	-4.4777897354772564	-4.804134765769538	-3.3122334753362677	-2893.549735470271	-11.742882147003861
2.230289480734995	-2.3683132791417005	1.7958761684020708	0.851754265191075	2.1935011642257276	-7.240457257864231	1002.7276403915929	-2.8114497923245967
-4.268833372814431	1.6672502327856398	-2.6312828155385084	-0.39754137009149115	1.031096677007028	3.2838092690747995	2050.0834297872557	20.279048175283087
-0.7098408503378737	3.208091229052318	-0.07002901157244246	-0.9363773327139793	-3.0042608518248857	-4.706279534141797	-2449.7067345044593	-33.16350053609109
-2.4565854312405513	-4.060304564854368	-0.40953499877366983	1.6450482522017094	-3.1502091029040336	-8.20490601704184	-2593.7305009973957	3.2257215799939516
0.219669960724584	-4.654315334897047	-4.022735006703469	4.725914448394523	2.7555305857116235	-3.740134140328696	1004.5293629140864	-123.3406262731627
1.5320146288203071	-1.791830119165855	-1.2765241745433054	3.1701791680496765	1.412859395374042	-4.982337449859312	1166.9686335262866	-9.788112630061244
-3.4191235152288115	4.921556874840334	3.360190912230914	-0.7887987974139072	-3.169455503074169	-5.9652825866026316	957.9991410418525	-24.315872556776995
-1.7409858126062652	-4.824740269701133	2.7083024929025505	-0.40293239596307373	4.225744735896349	-5.33412452812383	2023.712263432782	-13.744874749308538
-0.48449860983314785	4.429222715728727	1.7045024605231776	-4.585885549069642	-2.2375569922619034	-0.9711858006756477	752.3091322900414	9.285463699841277
2.1088172701514942	-0.07673577831102119	4.64472131317487	3.813052549396833	-3.748977136728835	-6.161409251171122	-1492.2205225466284	-200.9884436421479
-1.6591185101284225	4.906056271987666	-4.847833493301728	-4.974123877756108	0.7893736232643516	0.5907872403697763	-163.93362378082278	-2.994268760557497
-4.814483205674648	4.377198614700589	4.4928487375680035	-2.0879309764522205	0.419615379461046	45.8069276001622	-699.8156940447645	38.83177062338308
-1.6199767143055288	-4.804268791425588	4.3999607618581535	3.2541196724256682	0.9944451827214014	-5.339388000511401	-3.0086618906546296	-18.99207907940723
4.5434274150864145	-4.312548533424624	-4.919751836444123	-3.666319219570915	-1.9273270581479593	-0.34882538043986955	251.96510520415526	3.584475326984576
4.969611225911333	3.900939135012436	4.270793175828345	1.6828231876499604	0.787834276297037	-1.9587877081459744	130.2629113165471	2.5703637788947673
-3.0184020093381836	-3.443961585563345	1.2395015581687971	2.628047951307905	-3.047378844791605	-9.042114400175901	-791.9254288485171	-25.996993942770334
1.9185976549218875	-4.436961579313213	-3.0146068442603378	1.0563848582629412	1.1661801373475829	-11.946398968855512	1907.2212293022485	-23.741787907227373
3.7492715655128244	-0.8284416866401738	4.569276862332565	-1.2254933330109683	-1.9855811768975187	-1.6609840013134325	-491.30056357483613	15.055724327179549
-3.22428036030617	1.079740487668822	-4.2503113501747025	-1.1876248361152597	-0.8627005526185023	-6.89636365600641	-1662.7871848794714	-0.4090902525582383
4.266191045351725	-0.3499583848232195	-0.1580720260358106	3.4485260351094933	-1.9059455831284189	-4.866638961814677	2197.8217132388318	113.7455317528837
1.5698830450894885	-3.256977279197981	2.1770414881700724	4.9390701861228585	-3.3836185785363524	-7.501017887443503	883.3422313539643	27.97067859009276
4.775352412156915	-1.6164322888829439	4.044389242506259	3.951540293086474	-2.420812487062584	-5.30468598392073	106.60421003789845	-22.635349890164374
-4.79308886183026	-4.068109053254865	4.824913385308312	1.2374992284722008	3.298348072804858	-3.0344339838366836	-98.722719559395	1.8935219486260428
1.9135300516789142	2.1886662460270534	-4.709926958806394	-4.690300647544534	1.686417374161989	-10.548991228928273	1173.348918064912	88.27847624941984
3.4651132318725857	-4.9055500750183265	-0.3258297509675607	-3.854268517447993	-1.1721248242574211	-1.0425463987502122	-3533.844963437758	13.63353878998165
-2.0148315836735042	-3.133704822214667	-2.987558288638427	0.9613170296803473	-0.9480678913733591	-16.231794523386057	1995.151256527747	-3.725870596003725
0.08709315431259768	-0.35177798447236786	-1.3210559568797597	1.0389524320993893	-1.1071933718694407	-7.282885941507379	2244.869767061689	53.82415676073844
0.5178183449148417	-3.9900537952890947	-3.13812729062958	-1.3296409902202964	-3.8404697994831096	-5.066144613617176	-1377.0042151355503	-1032.680201732471
0.40410043556249864	2.5453096624120866	1.0599353277980743	-3.762651316073989	-1.4412492105199348	1.3134959442303176	2493.0592228314326	-15.135437161503699
3.003192278187809	0.43485333603850407	-0.7263051191724665	-3.962390148808975	3.015721509067065	-9.104505174615854	-2966.9653499732954	-70.89765267610905
-0.6288387402994164	-4.000418491754401	-2.670369728537798	1.0009080040461118	1.6741580209057751	-6.1512369479811335	-3827.322383666329	-40.06339047544504
1.90942136244335	-3.7127779146960735	3.7352941210065396	4.976306063522548	-2.4294096191830548	-8.499396114944059	-1065.5496919144675	-22.717948866246502
2.986596657865963	-3.952398645632371	-3.819236682283549	2.5132461107680957	1.969041131207928	-7.467692634741404	-2167.792808661842	5.60505436512657
0.690684547060596	2.0970341270634325	-3.886207412499425	-1.4495587182147096	0.09131998978478517	367.032597748855	-297.2462718520528	376.16602402420506
4.499998855665945	-3.2142263627590575	4.427380511602676	3.4839902467898582	3.540853284489909	-6.2973981934229	2566.2298599790847	5.819395902615591
-0.9951317064791194	1.1616697432209557	0.05396993218362134	-4.05175338786615	-3.77995340672566	-3.9564253821153215	-482.1136584655425	-31.954091222316972
0.29116599394720755	1.146662203875822	4.780181740853177	-3.4591530124172865	1.7932633062446532	-8.243450321792345	-914.3798910599894	16.909597678431552
2.344265327166818	-4.378000867789597	-2.7588883836658304	-1.5815512764271347	-0.7324944999564362	-9.98341509590213	1221.8299331799947	-12.685013604239819
0.07303759767924323	3.5824201263197537	2.0148343495504957	-0.6707053143415731	1.124324529760572	-1.8616580084953047	1716.0375749098305	805.8944127283935
-2.764155148660481	-0.6194077074053865	-4.651171288442912	-3.3980796442968577	-0.33145615362739544	-11.494897828588705	381.7721273601442	-8.059020435335368
-0.5902657338282449	-4.071230469828838	-3.7646979232122035	-3.7379011273618943	0.33769282957732205	-78.94615460582641	-600.1916060807405	-82.2810310717648
1.8048053157197632	-4.8925596029740825	-2.3576046493757516	-4.253321198095501	-3.003984998989322	-3.001616901366957	310.15041117023964	-1.3443173539905204
1.2529882017987228	-4.273767379945349	0.6568000238515372	-1.4838898169463821	-2.0067363379030425	-4.915811010038288	1705.0889163971715	41.019332129104825
3.327742738071496	4.507452431965614	-1.3502335147074684	2.2314796096573666	-2.1819125101214034	-3.0429269939178956	-519.9821622654183	-6.088741485178687
-3.875504438267925	-0.6451073710435615	-1.6210677823337072	1.2947934484819834	-3.127745693264723	-8.217677116981417	-1750.8329835933855	-90.93856022707457
-0.7791651212156854	3.8426319280197507	1.9924738019916504	2.105395919958495	-0.40585276213470856	21.084885945460112	602.9038807347883	-1.1914706546510843
-3.9228778058376013	4.254582506925654	-2.2357524103712434	-2.0222988093126357	3.0879982831574555	-3.6759792332906334	-63.62848513671812	-1.337897851546567
-2.7137736118410185	-1.5018590145002109	3.6155504157305103	-1.0280959645289722	-3.879036719361305	-6.282808537252103	-3539.294343153071	5.324997783849524
-3.945123121383979	2.2951060070969955	3.5875506061036937	1.7598955343413634	1.8404291140488294	0.7597809444241248	-1354.9373476518074	-4.585691237878819
4.829817252812054	0.7745654219835352	1.2792634979307866	-4.468487222280807	-3.570306594331444	-1.0569910531816245	466.7398214634361	7.222495929945104
2.6717459112619686	2.85313418272041	2.4146637471334076	2.223647472166137	-1.3664397547316955	-2.3785427876818357	1344.3461063019429	-130.8365454883769
-4.899332025005067	-4.271009827348551	-2.4332264293704564	-3.9965015142342377	4.942842038358769	-5.3971950446900525	727.0787954246136	-5.747372747394775
-3.294227874336404	0.4473215278391649	-3.4248530990398307	3.2413923649526524	4.226599351433272	-2.8434662255087773	1425.7495851641186	15.022046981887755
-2.697734436689747	-3.0433767135326137	2.893134117204168	-1.9372406428028754	2.8570058678762873	-5.584217555593807	-1417.8117623255193	5.5934175115638185
3.251275329413705	-0.23429144457006057	4.512093171388331	-0.7761158751958499	0.47731051426894133	-20.871227006004112	-2277.860773793007	-8.265681166676087
2.886189984516612	0.9155615784921594	-0.574164942821672	4.971290913592686	-3.36811330045097	-6.2893268002451865	-28.084596415401222	-16.879670951867027
-3.9857249987096397	-4.244368406598587	3.6551955450864444	4.323051443945024	-3.601242776201782	-9.712965282990494	1547.646170394373	-0.6885248948734137
3.937830296855049	-2.5059886890196728	-0.4198872070021711	-4.594272861709542	-0.07034275121509648	-634.5066020326082	-588.6439104106294	-628.309593160361
-2.269413652171571	-0.9165721679408936	-0.2662968048073129	-2.62128340381531	2.556742913372263	-5.8638030418478495	847.8714916240655	2.161253475714271
-2.0385528454089172	0.7772433108090393	0.24954926345136386	-1.2355909330928014	-3.06642667419859	-5.702687746118226	772.3941892247176	21.321284941469372
2.2206557649775007	-3.062297768352952	-2.382200804681206	-1.4531140732651995	2.785528319783169	-8.208791035578278	2629.5142915929628	-25.27185772263602
-0.6908822264490357	-3.3025623005398375	-1.628703315735911	3.192438610600929	2.534283270680672	-3.747095163418457	-2098.2560865761907	23.3939580309219
-0.21091898593836333	-4.1444132936229305	-0.6242735822032541	-0.669265228851347	-4.974632274764459	-5.533046940725954	871.3706562309816	-45.37596893754401
-1.302829560041424	-0.21877809006164206	-4.71586596208335	-2.5647167175999486	4.041323030559971	-5.9418810876171575	870.3927972443954	-17.960496632860295
3.180341254966814	0.2872925338501098	-4.18370343541816	-0.39900577596445697	4.849974375856327	-6.595473246440343	337.39134815505633	-69.5613027069414
4.818147419126625	-4.58370901694197	-2.123773482524233	3.196109959688993	-1.2281595921629593	-8.216281299093072	-822.3838690684485	-19.253902728267732
-2.702825477708518	-2.9474166615572472	-4.059849555739769	4.868686998224611	2.449325295202936	-1.1633946121911372	906.1741356165287	-8.058974665640648
2.8708847399033424	4.840394555644309	-1.7210318577402273	3.7357873791044653	-3.2140602818302533	-5.0842015877449835	-25.068417913461012	43.79966167746295
0.5871745690557342	-0.9628858970035967	1.5674034722395138	-2.930148379728733	4.988650973490422	-6.624801185705342	510.4410394586307	30.817189148954938
4.061992387282219	-0.15516638192983123	1.1658684244457245	-4.144712405060921	1.1566510843438484	-17.188312975840446	-596.1345375507435	-54.121614027050846
-2.849325491871623	-0.4383640344680826	1.0945407212847194	-1.7699879049644487	4.43466050231123	-5.048875658705608	-300.41149794574756	-95.83694551605772
3.7261043371259834	2.4433142557199803	-2.8353555737415324	4.507194007835469	3.242230817051679	-4.636876685673771	-982.3892113811295	1.944268318980881
-4.0057528143042385	3.248894725687924	0.5412164034521609	0.1680085363487871	-3.7870831564019447	-6.840104803311354	-2711.979107443374	-7.111744817915354
-2.101711361217349	0.4796981384932124	1.8712446888474776	2.496556487149972	4.510255645125266	-3.7062781916287753	-2408.7523487460044	-22.123156873090977
1.7557894832153114	-2.8910993936800877	2.4908973008461093	4.727877436899316	-3.945055825300786	-6.943916002977824	-1606.2441668389229	-61.49266001157617
