302.92784553356756	5.700806317977992
37.899366217475134	-9.418378762692935
68.7319310172729	0.9883078141569844
-61.30984705367295	-24.969437528348724
-7.2494934986156325	9.123355967814833
75.62489504713491	12.222729679408472
59.85228855481197	4.279959269218237
-144.27765098224458	31.621397591550352
103.84632985476644	3.616972342595685
86.13159568278145	1.504849754792864
-83.2887194721196	237.39074118497697
-22.56034471651876	-6.001578929552084
-52.78910898949735	8.719384612764303
-113.11549182801816	10.250220923211057
240.0557497645293	8.616862753970562
251.65992501949196	5.684712633756087
60.36218945865391	-4.899815010353654
-9.88614407110427	-20.243047365176892
342.625849326008	0.5524081912752721
-48.66805131241227	-1.117585294435919
150.06492128378727	-13.107584775438683
-374.18111535101457	-4.194125886115889
294.42481358841445	2.0783066239369097
21.92993592997108	0.35488040276592075
180.79498407281127	-20.788156243395516
-96.74278575320893	-12.286405440492414
192.51149104203765	12.528548705860368
456.22192996147254	7.408835020030834
-126.21412596365715	0.8447260552492059
-119.90323208993152	6.1746237515223505
-268.28052732520405	-159.63436333221568
169.04376734017916	6.860004720987172
57.70819315661558	4.22838420033077
-6.901398623311647	-16.922468394242255
195.2494214813959	17.775815635320058
0.33047998206334656	-6.244341878440575
-55.023032387225925	17.062900950524515
-101.81447087430968	-3.0223668059448925
-38.406136273584465	-10.276294684941405
-74.30962634687813	-0.4374182013422385
34.04047526920805	10.75338430844735
92.82581392016105	-2.593121793771117
-40.59186808186771	-15.008588060298878
148.15662404329052	-12.61950463151972
105.12711901233438	-3.3836199416873947
105.52537384651318	-7.0569958891407225
-330.0688642127333	-2.323799280341528
-142.76900179522062	-1.3509178005484337
62.00064262101028	-4.648637902226693
272.5573369269798	-9.916604597763477
-156.9993077922542	-4.380968963357895
378.6360482962277	1.5847025263661705
-24.54042522481528	19.578058987915668
-149.59603036118014	16.14847994968081
250.91345926158658	-12.755923043250997
-151.25248160302945	-0.7379808112750557
-168.72830171674354	-7.79895046431344
281.45791675593244	47.454475775509025
344.82706524715206	-27.340936434321723
75.05763642028869	6.594788925504143
-90.60719429148898	-5.699656569508275
35.113368972781885	1.9540002464025863
182.68427150332747	-8.39069427843153
87.35976466174819	0.04521222404295478
70.61722792837082	1.6621772829463664
-320.83723133593173	2.745507605369073
133.96826443552052	6.923355436475989
-3.428154788416851	0.9256908619963214
48.756881579551425	60.01212471061282
-156.00592046867234	-43.73579575629768
187.05058384257367	-1.8861087528555147
165.95196064258462	-10.645285027326167
-21.95881970923339	-1.1661671078603906
-40.461566322726625	-26.551533189651785
108.2066607076214	-4.602476605307144
7.840328076130925	4.235607678059871
-67.51824543465071	45.26039357251591
7.066346312203753	13.339002606502715
-102.40187798814178	8.956001324114474
-44.54035068452187	-2.126136658066693
167.40017852856167	16.629909823890866
156.60058108933262	8.060323476943587
-182.45314346061147	5.072514200017892
119.9719092073704	-16.40467111997844
-73.90608265554482	2.422706359056638
-35.346030817096775	-107.95063656526662
61.832522144159206	-1.3796781441019261
14.06988006670783	12.706160711638574
170.33915263367427	-192.9405288136105
45.84746447182439	10.66512390930982
-74.93459271696342	-4.182933919772648
-128.5077119994981	-6.793427060308805
142.18362392991912	1.461651851034229
-224.70527576018924	2.321982106935782
231.1932772003468	2.179780944602396
42.240505940409754	-0.3036328147717016
-223.05037409612368	-1.918491128479962
228.26020727402465	-50.2886341871812
32.187765214048824	8.594081078840171
42.507909952096256	-18.5846992737005
52.55654590972577	-3.4285971385559155
42.52634488931201	0.2924817915445018
47.60324054365449	3.2634706271181275
-166.7970168499234	-1.4398154413636526
-132.8067524698919	18.13429536836463
52.950499169374844	-5.03974840631892
107.77350080823791	-14.657676905140159
-115.84717832141911	1.1085898213934648
-209.8283999999092	0.9153931110949112
96.83925682266809	4.66896840386274
237.79542182621103	-4.124050603515277
24.41314697907306	1.393637222031845
-19.319584320855686	0.2630725607948879
-66.91086605019703	-4.758393865327121
172.98490390811517	-12.076970779475468
142.06997683543403	-4.998897654404927
293.25868379807866	-0.19744858163255477
144.53075152975575	3.0065508603986237
81.7358020712196	-1.0565851904407708
-170.75382473387378	-3.899752673847205
-119.69633012237043	21.03078962249434
157.7344170152757	-0.6594853948306901
110.36163889322779	-2.6808117305712673
207.01768860116442	-13.793838136200247
129.77221663902307	3.601711340806534
-78.1765335239216	7.803668852162379
3.591356334200335	-34.45015702576894
-7.864656321005901	-34.480459118905415
-79.79589660560136	-7.107840444530599
-188.4849418077597	-3.0628492787181325
69.41424856973414	-0.9599798180190895
-325.1400606460542	26.168351784648387
81.6248577212611	-12.276965230586336
130.21446603487917	-37.29539549456291
173.48904467245285	-0.5795446406895116
-420.779138190074	-5.041729117135289
174.97572124704973	1.515148533730172
118.31417204347242	14.472476286761111
-81.78404690262539	4.2792380509854935
185.09534461962582	20.902721428215514
226.99878454310334	12.935881000842093
-25.096626957480435	0.6383917501310367
254.77438032770567	6.260048653304469
-93.85152639204807	13.733123341048746
-122.66063686867209	11.710010006461264
82.93630445684346	14.97013051585682
-259.5887203394278	-3.1283057887808163
229.8397245849782	-3.2203879155376005
-192.87456732059178	-1.2007648759719247
-22.097356678888122	1.3685577840336423
-64.64636243486609	7.580861137131289
150.18143249529817	2.4015609501107567
-22.815041421022027	-10.71419477608691
297.40152448926926	0.024678880988832794
54.81798771674344	6.561389581229726
92.44894414414225	4.817123155164428
116.69563767463029	6.388757583348167
-129.3756639587206	16.397922256444033
-177.0558739955927	-3.1510153904996008
110.66898860218383	2.2562405041592286
-69.75194470552344	1.7296572639131003
-103.03229391225811	-11.804116251463078
12.982669171715333	-0.22028299329211248
-212.9741220292654	-55.90645812089485
131.28960677417317	-2.1485097612645907
30.471388344436477	30.219602536214854
-62.50378709307613	3.2632052044206112
-44.56806641110593	-3.417331413264103
-23.12587653175193	-0.4537869258218385
3.023991730166884	1.7002837509450792
120.3020411645849	-9.954718259206286
-11.145110940270639	-7.616900324090999
-306.11061209781593	23.585183266274385
-3.441455973655249	-15.419366517505026
112.59054027300408	-4.136987068115887
-15.528724007845149	-26.56603886210687
-47.771897109826256	-10.532562542522363
285.84360958138575	-3.0687263851774076
83.12639134607471	-3.2475721927667394
285.14201341571294	-13.370367329308205
-15.367644633335235	1.6173999692085268
-77.86150386074459	5.8993856605678
-28.438555686142838	-7.554431590883221
-134.09841696899414	2.7016863490514305
23.174132236374206	-160.2930269064036
-298.43548752138565	16.072812099309353
9.01488723875164	-7.737928273188909
-92.42452270977466	3.1506319555051974
18.336339364606893	12.446778463923428
14.461335413703834	-0.8117055952596897
-131.6467073481044	12.57236369743368
195.77980764667942	8.403644859041
131.12591141189534	-10.44578197643959
372.76667457663535	2.601170638524972
96.1713082315414	-19.529721149486804
295.6632530654765	-15.584748804504379
-195.63908336987436	3.5766650356689818
200.58002251952198	-36.04929387959385
-295.6640497323888	2.1605192475444457
-31.03719105008515	5.892449619669281
-337.3132146356962	3.978289037160427
-8.910244689746149	6.524928840145673
-10.31856829546754	4.175233580184371
8.842823053104752	2.9720051370363265
-177.5051604920307	38.21081660783097
-361.8502514614282	-134.333764935181
-103.16213894291548	15.949781443898855
-163.40155134176834	-10.634812942419055
-22.780569745298155	0.9462060695528298
-17.22168080878452	2.780603900871672
-85.24807968589535	50.28787099715935
-114.27368249278926	4.327548576233968
-178.6157917268048	-3.603638287378917
-2.9292235368280095	-6.925910348273778
-215.020706363772	6.978074073698859
74.8667809924926	21.241986295347054
275.1617405549213	-6.395863472083101
164.34329494402434	-263.8010181801983
147.13091293478328	2.0064581338584375
-17.228884692675123	5.631077523359502
194.71868803898354	8.675826591060325
291.3282074376809	-2.5112126197719453
275.53325020187435	-0.32836199432553925
31.717826689090487	-30.217400359561587
-10.73198842814264	-3.856081665016581
66.79100367955421	10.653664799796353
-34.507417990389804	9.124293441063983
20.577461411939346	-11.308146337362118
78.94778306123004	-3.735728240936433
98.01329583843113	-4.133246767391991
177.62852576814063	-0.286413362188496
-50.553971420258186	7.410492587822063
-106.49849855561932	94.44422136495925
16.185601333226344	-3.8870542024795545
14.547740740067214	-8.150129180397759
129.0962582934601	-21.36543782358559
-36.425014835354204	-3.944423952253834
63.71408427959287	-8.915116080200344
-10.776999950336279	-7.204465992584169
34.94999939987497	-12.63401234256204
68.74323302073701	-1.2596688760004853
32.957410802196854	-25.093276258517523
253.3723865881599	14.257065358697762
-52.01148970875798	1.6578993402830593
-213.35558810268046	-10.111692405545393
-7.477313135195785	-14.890033163525947
-29.841946199105383	-27.25471771060965
-107.46421780369488	9.340732844643313
47.185841865317435	-10.516344196862855
-329.08946200924646	30.22116881631397
258.5099169395616	31.069236502944158
172.88995146663436	-2.2537626539521054
162.51877921802617	-10.629530970440028
-267.36287682627693	-1.9290683538968196
158.45300924900295	-9.937580909939712
182.6351087383311	8.949144124284876
-28.93611748256791	-2.6060988073958455
-60.63579778075641	28.134243675301192
-64.36211391611901	-0.24936618630534424
-96.29066487523083	-3.2163468910858506
85.14880168449227	-0.6084625244654992
-47.466836480737065	16.425567081055387
-127.3427241823348	-5.594048934873317
52.043885790420596	1.4273208386255472
3.6047631165981144	0.3091554926647172
243.93560987209042	51.06494847599301
209.1908546754801	18.231172869441526
-103.69924014408866	-8.525092509959014
-126.16344786205573	19.466995745344686
-234.6914100437646	3.720733021716666
83.4324027258509	7.4188487194511605
27.10616795534857	12.563336444719917
-46.988905863973244	-8.023062758574019
-230.70189133282227	-3.835249862599857
-295.64481327317804	7.790103237869182
250.68843968974718	-2.0184242749988766
168.2755572036009	18.155351772414555
60.92282025081927	-2.364901580472147
54.96353572304723	-16.3262722102056
34.79160579206982	2.311350676118586
83.23493371485137	2.5204000959697828
45.91687544650097	-16.39758556945093
301.17579627599605	3.2285420207116617
-109.79439936063487	-6.480650383356485
-56.13652176818298	-25.49689239071727
52.393572316507225	-2.162145545175915
-182.68479975727374	7.1216062826385595
-153.97989029178865	-3.748536676319443
60.8806942715299	-0.7291372248809094
-30.369604570488605	1.9968569484760845
-99.49796684420141	-12.369408684999192
22.227050591759063	0.14211182545134213
-426.3712396663055	-8.800136967374664
102.0029441677214	-9.318037741740703
64.06574571421271	-0.2856935128910912
133.65096601391758	-8.379192218915215
-29.418914883067693	-1.0031527261510382
-289.5650335753427	-0.56168484750364
150.9096738505649	6.305737073382949
242.0437143450091	-13.216743588570909
259.3098282279647	2.2676140046376805
-8.401110468375393	7.704216107249538
44.59155519835867	-0.37695627671706033
-71.1955977892444	1.2586075348360022
182.8574912669944	25.693507179633933
-65.3415815310772	2.5677304075933094
231.06167643584968	5.746896755125113
-117.7206630074337	22.91175156252139
102.42369042420486	8.160666348465016
-95.93345186321734	1.7079347387938149
10.516308762697047	0.2422702925409466
-101.75449893925318	-5.194324496298879
341.42644201549064	-2.6015270674177224
143.96566299841547	-3.735804592566978
-307.2736722854083	-9.142051175743983
214.408254159899	-4.537968032785548
10.930987314317411	9.272532961290604
-331.8641333283919	16.952132106736567
68.258518776567	-17.809446461201404
-53.483872625764675	1.856623569007435
-69.48817813186716	-3.3556019366394985
-84.8162116509141	15.195868092702813
-84.14123385947609	3.0624098568497384
150.12790789636477	-31.807361871367263
-115.83765299119041	9.486240434568487
45.731035424678176	8.576849733899058
40.44435524676854	-3.30637184784269
-110.43256647889605	72.23023259518867
98.0101824571911	5.055606865478535
-77.15878185245302	-1.7451331139297386
-491.76829418688874	8.449633792234838
144.5117919694614	1.5250974072939192
154.57165077251332	-14.050709254908815
-223.40988454477488	-67.99717749276545
31.06313856491804	7.586211362293288
189.79323097715334	-0.8554137400530536
-84.36380021667118	-5.498912646475361
-47.509006890147106	-44.412506266974994
-31.35676191731211	0.9752497663208527
-171.37977882370194	-2.344620593620483
-205.5527322093646	-32.47339656588727
300.39216590683037	-1.6154279742221131
17.25398183924795	-2.877614022232182
-62.28065790136004	5.85558450222216
18.457369175031335	-2.5554841982916323
-47.85515282160602	-0.06969030866008095
-65.00184934934548	-11.206137946453904
53.37806066485467	6.390795796812583
-112.27175797763746	12.119670122867753
124.63766793867927	0.43416765641805355
-67.52901312327386	-5.8693888421754465
92.66092593692304	-6.463494652708608
182.89276277977643	1.5510808604284905
-258.0520398623961	-8.815241358624807
-156.36866194657185	6.565145737963031
123.23298929981023	-4.962817757587225
-10.010293391831912	-6.37383243995099
253.63502673302506	7.33420867007682
-31.54527525548625	-122.89097385568982
-126.86508546169426	4.2535346733507176
219.25520176009596	-4.734491977129119
-47.24853214203816	-2.7369983933948725
4.457024722107691	7.167507887149862
-41.423816735402816	24.8059951940491
-85.5166063562495	-3.159347109515263
0.5296218535999885	5.445367552491714
-202.5227289689759	1.2248189086703676
-99.69782927592007	-9.190526964942725
149.2341007215782	2.8125419388304627
108.48010490730537	1.3006846088832977
73.79824112440764	9.654456968209798
-103.85448219679458	6.692006225461935
82.04470281646064	3.373242183375905
7.599197348461647	-8.105061724377025
273.22661249725155	4.117418905383304
-79.75897536147292	-31.26583337006942
-207.589372234073	-0.22670426888323314
12.418607933487666	7.176152977224424
110.54232598165741	7.592884668430208
326.16014809658043	16.77187635385529
252.53343598620702	-7.642766513191754
-240.691730274556	-0.5809089885219866
43.45988005110836	4.400369636276179
112.10641074053879	-9.320355063319422
-180.0601691576363	-41.62567533111122
-170.91721815729542	-20.123592519619947
-138.72224319159767	-45.663828753270494
-198.34653798097227	-1.7855369804569494
-44.80938141982465	22.88218254730518
-10.647837212511797	10.435665279818577
85.09509914673826	-5.964660495675957
-223.87359577901287	-12.662794363601126
-280.11487105166236	-7.0872079726714095
-46.295501537587896	-1.3957724898696022
-44.720301296218565	3.5611563088728193
-170.89211986955428	-0.5993853703365498
26.632496643149793	1.9414031640445275
103.6299624177578	-0.3185717964468412
-149.16530974500034	26.16648781799009
292.5381726994169	-3.0026674973029137
-126.56443138375498	9.588099337672032
156.85780447339718	-1.506018159514175
-283.91479202263554	-21.732356499425745
-142.52175801573657	-10.283433546559046
269.3566594341422	1.1354263730028311
224.7375952305817	-3.8911098966806783
94.06110404021334	-5.180204961172411
208.80419338272478	0.9972678351963419
124.75697617815452	-20.23682555925567
131.84730679889554	11.063862359167793
-49.81500566154264	0.38996389265639164
148.31988059333972	4.7772191332044045
-3.1899848023414537	0.3320719761841102
-41.38240517943879	4.8849095187921385
16.470123627091695	-22.597424535355383
-131.45458760768193	2.195704510536463
252.89053892783534	1.8509374130437872
32.737673397750896	0.46060236688813294
342.0373911240388	-2.0622380067828363
293.2413860465239	-106.88474390629055
223.47899576327845	-10.43233112163399
-125.72593407121367	0.8014219070751154
179.31792704202698	-12.255153797095279
180.41141024301294	-3.843986515068647
-17.988703214095988	-18.643161676416298
112.0778106998347	4.792645674181759
185.11352020551837	-10.731826937963243
82.84341284649838	23.275557171298573
244.81592107805983	0.9390448484284142
41.018904507690394	-46.9223209838947
-62.225597281481186	24.2563398310333
-343.51168313677135	2.1572416746158525
1.6156898346896225	-1.9045043955865244
340.7785066826109	14.775000474681478
285.93091905480725	9.82679633338358
-28.686145789915557	0.22317384152653388
-281.6692279965274	3.0558116674753295
83.20904928872294	-14.601034026452128
91.60053367043602	-5.052684824266121
-142.79585362639742	82.70931669751015
14.236194467853702	-5.5025331631581444
299.2619252810273	2.5081985731710112
-104.44779639570397	-4.424820604528689
-229.87428325413381	-11.85783184071087
-17.099275279368392	-2.5880300005430685
-207.99759902041131	21.180291200138907
-24.160658590048353	3.649718352821005
-137.71375066295752	-4.5995693820767904
74.65521807825297	4.493447724182988
-251.93904364379725	0.8164452503683436
-105.95493728467561	10.597495258297476
-212.73993310835053	-4.940235883301907
171.14996487053256	-3.7905649705944002
-352.3269173118003	-3.6684554086112056
-79.4986965008971	-2.9143948112863227
100.00061276874968	9.94551064632648
-257.7929027685762	-9.773005805532064
144.94042652494457	0.6588133213663419
-6.5589135306450395	6.430109130251906
61.786877078018904	-4.608688663158436
-42.21884489961483	4.104893134509169
-150.3307209189793	26.4805486968229
227.14956247074804	2.028328519953688
-232.34260662134446	-1.8284741666713464
44.325530393072654	3.238614211039529
82.08628013143309	-61.442076842414714
24.883440098785556	9.360227054137402
-202.1616850146165	-8.220129911959551
-27.683674521140656	-2.219405868756066
-173.40549847762972	-8.787629339030488
96.90769317980131	8.925235867261398
78.48828378296356	-4.140265371810371
-74.85562399354428	-34.243356870398266
-123.76147012809999	-6.848100440278972
-13.257607984978042	0.15334434438073583
-38.592899844237586	51.848860204551755
114.14219298513443	-3.0957741198395934
-155.81845763109277	18.18255036728229
155.89429964037586	-7.286560150939677
-102.85075336317541	-5.846572239053032
82.0757706125983	-11.790565164306946
-306.3483814327809	3.268497449659561
-127.05108724621105	0.7334287487677771
-166.48857617097258	-509.88606076261544
69.91196472189733	1.5452490532502894
-28.81692309770019	43.05706644626023
-24.34922387485037	-34.88789707647929
-7.267167736923171	-183.08647436608356
24.426592424025944	10.268131250351646
-99.76827516771009	-2.8368004020895805
431.06516548273646	-174.27494711424526
31.704133296646198	-7.661987393533936
-188.8945880337674	2.11116746826656
-259.35307629636446	-3.3329635028114772
307.2156707039365	-0.4705414106225685
-228.17242094816544	-13.887784422907798
19.440951906580896	1.2747622348487073
57.9330735217977	8.548745269037438
-60.093513034643095	8.327812121579848
109.5979859427557	10.09557195711683
-2.4609321807342233	3.332465899416272
84.77181696701969	-1.923597842896865
364.77590522852256	5.682280385964586
389.3223087419489	33.43792041144633
-45.94716415953567	6.448752768264322
157.12551068362532	-15.752879602550204
-158.48977359192432	10.235583846009296
141.68447164577955	10.805945358030717
-36.38151164528598	21.63982733015473
-138.1127058816733	8.045325153774693
-335.62384582508497	1.2910673943662945
85.08635771165548	6.026337256081009
295.6562146580862	-3.384184963294775
-53.6666979403521	2.0823919190267723
-213.7998177738875	2.754523949417541
81.16716615562214	1.112176196051124
-114.97154972908616	-6.075529781687946
15.610533303344692	-5.937438740132333
49.760769355917674	7.3926137521243875
70.20619869264296	-11.880649500135362
163.2558272945125	-3.30934518517263
51.92967965649724	-1.250253162504585
-280.9705009439712	9.96406616541638
-55.04530939116925	-315.0969247277142
41.117107813223065	177.67523992449173
-7.130344313617255	2.92796092933681
55.636018215259604	-5.858678712095723
146.3168770098972	-2.7162572296463847
45.315268454402684	7.596387113484104
13.652084654931194	71.37604499366661
177.3519334946821	65.81801443236589
317.8794238989104	-9.472754105861885
-84.11781678863596	9.400319452267276
-177.18614152115157	27.899885396058846
128.84593801199475	5.077821872630935
-48.26225453627348	17.079472544838346
90.91698093471523	0.22744024098566257
222.02640962225883	0.16537420573549447
13.51418658077723	-8.669341119194224
-153.877534059822	4.474632642972107
127.19537517317424	-102.5241007264262
-320.1900691615129	10.040399005149478
118.44175079061215	17.486538373238535
141.45843146499573	-3.70654739820673
151.44222759462608	2.3396057385318088
-342.19620285927766	-0.9610580502492835
-269.9419116174786	3.9884450483450666
-222.38826866705048	2.02537732614656
139.98322091406803	-0.8723241113891694
-79.72893629067912	-0.65391110170237
86.7236226857909	-69.7826880454892
172.98112994823705	1.620228992699767
287.36246117812453	1.6829665891100287
-133.80198535176342	3.6149808644472285
-156.32927382860603	-2.3048914953225452
-127.19058117798664	7.217538253571215
-79.79221601608803	25.30193622346646
34.03989334193873	0.6996025261209285
79.31368875177606	1.4187356938273887
174.72935968039238	8.438571712628187
148.67457206258055	-17.483686554058096
-319.0240298725575	-95.53746661840489
143.6017162412062	-1.2633663077263426
151.85123024831006	771.4830654079256
-51.8688205248338	-6.392889357094917
-108.82473378568339	132.15011240692445
145.71185945198326	7.07150392952152
-202.20663358782278	10.926083165703337
-48.77079039352816	14.241642738315171
350.4980585696424	2.0088816010105632
-38.25050358863527	-6.119252839291821
309.4142573319348	7.647982817294845
12.246121921108289	8.153258598135622
-255.55916200258682	0.035694673323734945
190.88746273039243	-5.238268974361497
53.75601097623457	-749.4824999774796
-205.29217277476295	3.130859586129867
-70.81603847379915	-11.2479406958562
-116.15074699902344	2.2962316508920884
10.921668944779745	8.103531742836577
38.851905287035834	-5.340651903213398
197.01075928927273	-9.422478087060465
282.3938986305253	6.47448662759039
143.70811232956888	-23.226345715841177
122.63853772253853	-4.927820529400152
-52.69061405877985	-1.3567747343095578
-18.448987456703076	1.4787030746588616
-121.11901508137005	-4.5529184173700346
-52.23251785938201	-1.7111452040412334
-63.38716783486338	2.6744973618861185
177.70164568685672	1.7075292850262371
79.11930937494938	-35.84025603050514
211.97693989677614	-4.080262176983982
-305.10037338375525	3.5965753660287554
59.007705763933906	6.290741916651344
94.08030938591344	2.1951025736445695
38.839388315233855	3.0788586188066676
-98.73195148990001	4.70890154295204
-311.68897278098	-4.221203080955666
332.31851491163985	37.549729428299166
95.52367618872807	1.015742488815393
-137.53936599165655	-47.38343230960369
320.8915236937871	0.33386683766397096
167.22089836230722	-0.8452591192817689
-139.5639994442189	6.105602843006874
-47.597446370761055	-1.4528191489026863
205.18172328036016	21.734999264123164
184.3097543552422	-11.166843347958274
271.2746457905098	-122.89821756941616
-40.573031371111504	-2.7127345295480354
-63.44820487603956	-1.2873884137946818
-97.10566862852231	10.743315774774569
-21.410777866420165	68.85252407625089
-171.033205052689	-6.258153412248322
222.26985505264076	-0.23945797576592748
-6.099060314651377	0.6259192722914363
-80.47263115495193	0.4180152820199328
161.49789331588644	-23.71047129251992
340.348438783751	-7.320079158859739
82.71979532204304	1.1348290291425605
-137.66390818083605	-10.030563302621648
-6.563884009145972	16.012516161139658
-26.80399726806708	-1.223187430219188
8.678592404005007	4.062689760173454
31.488283806639732	4.004170036008314
-233.78030762607952	0.40536260666220053
134.11907456053754	-11.270419791218101
-178.59408575300077	29.88965616650284
198.20483360764797	5.425529826067645
-334.7622519294223	3.905557080425795
50.56858344286734	1.8365523997001223
-141.31115659680904	-0.4851897398137715
178.20721396138669	-1.2397047580782348
119.08547014684746	5.296751483208028
128.31756661721738	-9.422803471233541
-2.1889554265678726	0.20022165655815996
-158.57978355167492	21.101549011180154
-286.4836555535379	-4.230423819804536
-178.2565042737809	-13.02453138449376
200.85094103846953	-3.2366198821144625
-159.3911655374521	-93.86385245837326
-234.84160188243098	9.99744389323623
-159.49766251360174	-18.645545200943527
97.6058943629393	5.217505453419085
70.63344527725069	0.2170712438306623
-13.294297276638172	-30.33012996740325
21.118685244552687	-7.633545476359851
230.4557026768313	3.8672617057910355
-29.25985936685999	1.9280374793850599
33.257400663201224	-16.763744229921212
112.31224044582177	26.00701597940835
203.45113051132287	1.7027099865059336
163.09603742902635	-1.8775612786553022
-195.65527996864833	-4.427454426936331
-223.80616984642924	4.4573148714679345
35.598597514693786	-3.9222524897909548
-36.34121197034118	-1.305168996787886
264.32343306351515	-0.648437842462796
220.9508778149534	5.449785040516319
-35.92609588304104	-3.195519745130386
-170.67299320996298	-3.647805834458985
57.91586182380927	2.902726519681741
-269.2573291751746	-5.541331891096845
-248.50577831150787	2.8202222757290456
-206.4936808502183	-10.972983856246122
-180.65775496564837	95.04548372010346
-13.537199725684445	-25.877104716688475
-85.55112611173597	-1.3470703202799483
-331.3781772880213	7.243532330176652
-35.88292933909067	-7.7850934065746555
-45.19467139319572	23.359268697391254
47.36372549943639	15.633610361936459
23.28325201928007	1.3956913486301725
171.09478622433406	-28.473815976587566
-102.55765057713587	28.906996173545352
75.54486603049466	-0.701918366470803
45.87862349523441	3.7175786001924807
-119.78725868688446	-10.028304837909502
198.13941061762748	-2.2989099681308636
76.569530445843	-8.572648510055371
80.12210438543109	19.036210218500088
110.31665004136929	4.530342947024171
206.4002021257122	-5.720504782095557
188.1353073163129	-7.798547380085608
-213.26784850712042	-13.337246986947926
98.55191843288948	8.643662174845558
-135.4691209230997	19.740011685542726
-17.671240964895173	11.64618709646382
-238.322906797701	8.75678779873726
183.30422842283423	0.6378943585316768
-266.5142112514323	0.08966378336100383
220.8758339097521	10.032956080097424
57.62159923676854	12.928205623986488
115.14857229393033	-1.293325363450319
97.92404595862948	5.020525464166113
155.21930988750862	1.1913973341118478
-237.48112703185853	3.8742012626075244
114.28694734585255	-23.320128883669742
-44.676819911620704	-6.092117134942415
31.74097125932768	2.343538148165028
-20.980580943162433	-11.303154418393827
92.93794454903183	-93.64360162376767
-225.68028605527923	-2.606013416615659
-31.653298199217875	-4.907002383380593
-99.97152103582015	2.5748727262776265
-247.57164741539867	-0.1111329321188975
-218.71647982696024	-26.373182186770173
-35.24791782900238	-6.465173029442006
-362.2223300138867	1.1209233203844593
-91.94072546480407	0.5186780014442116
-18.67420763390811	12.054579929420562
-119.61985954132265	-5.547104904900935
220.60789968663383	4.375676919856155
227.9920252973943	-60.123252249160934
102.39776050717522	1.5727082328691668
-16.70445983762504	61.45192695409565
-226.82873444373425	-13.84826843262775
84.98231647531033	-6.550234841660492
197.47724853565984	-3.048580127004859
37.82585109360258	4.087924377550277
-20.715751132468448	3.951670088624323
-25.12580060875882	3.3807764036615544
-13.924866726062923	11.854241979303593
-252.81519290684017	-2.9193281215225384
39.17948862128548	-14.827065324041435
-231.1892108888383	-312.18641204511107
8.124202779915867	2.11015519894885
56.10458450348551	-2.0614856414715854
79.1038163678154	-17.541019304740207
-26.653851134053387	-2.163483005673314
65.52248533108353	-7.738436806903937
134.75943798738203	15.20592669882313
-136.54389561858176	-4.077543688388923
91.46895477306617	-2.6232559763909884
-113.12161335962229	1.1608019883229954
160.1486811136384	0.3557078228872552
8.429587093462352	-100.89078512890129
-240.3147235511369	8.714929827873526
-87.55203581783238	-5.759712708165875
-31.12702197592749	-1.650894169886929
113.56771391543518	-3.577593449407802
-242.10612454519566	1.1157387168835222
140.27245798357734	3.1975787485964093
122.23745765948082	-10.05149842190961
-381.611635063929	16.207768506544397
-164.65878600347995	-7.37899429996319
164.37900636441785	-2.296482260961175
135.43092288970055	-12.029090629809819
-208.86994563149133	-14.832985621981466
-9.423768626898775	3.8052762034238805
-147.82041677757596	-6.095701269868998
-28.403331341413413	5.822581512054088
160.49959163734275	10.374192997252358
335.71588053942986	2.6887570206869214
14.544118989073613	0.897844178121402
266.46639235938983	-1.6190804538958752
-35.44073104565438	6.632720499738125
207.1465455248429	10.512585922713841
34.99805882260311	106.74011095531948
-201.5047296310519	26.64099833989446
-53.3194665958295	0.43720591839343764
-113.00191678659418	12.375994993041331
128.94394434546268	-0.7982138730008711
-0.10321350235287169	3.8759511111639253
-243.9412049466007	1.932521697467767
-71.92988019182557	1.6783934951743065
-62.50974461272187	2.0731279865761505
-79.54467579866514	1.6157473391981674
-25.069477882628274	-9.902010736644934
183.7857186699571	4.448025661855943
-3.0722729211534743	-0.19774541478236227
115.96557204181363	0.856866177010874
-56.488144265317345	-9.484125720708183E-4
-171.7199330902909	0.5850358634549554
-201.68839510602677	-9.486001435340215
-30.748476788969448	-15.22712826945191
263.67316674696593	6.242986031349449
-53.43704084658873	7.603137698301966
-252.47910761962456	1094.6284505935646
-372.5700048330046	3.4117513656826692
-58.3920355408232	7.907812129208082
185.01824885887507	-2.3300033367049013
-144.231960107954	5.830069777434578
-311.8421059456774	-0.04719428185465959
108.37947102695976	-1.5100854366495515
244.24430585538727	5.32323185966278
74.20141761218905	-0.5304885644773923
89.298264844585	8.032357620994002
-269.30426890408717	-29.966957427195233
-26.136648546418986	4.111850893170319
54.03936943569164	-0.851264612496239
110.0403336277882	-4.492259242372566
-92.96788406437109	6.970187046179208
52.494028570255466	-12.018365808595512
58.61198809994634	1.618194015378957
6.319742712809709	2.266005288242497
170.14918548503263	1.0441581792714238
70.40481599424906	-4.269035524330271
188.66453119309583	-0.34101267818040504
-62.3053500607323	-2.4263540279153717
140.55831861875967	-3.442257197172265
370.4768891462285	-17.822960453898546
234.0957712723917	14.934660120378918
9.512989857440163	1.3525795753135694
-41.55422947813312	1.2382188069447886
-210.50266017963185	-9.469799857416652
25.356098322552374	-0.38507129815359853
-237.5099269218897	3.8459450724978548
-74.37122923934342	-31.92265722949877
53.93943739999951	2.035110819784887
29.19634192550264	-2.8788035629087534
-90.09840313824866	3.7131979993514235
148.45661879897895	4.866348987226855
-8.826358003816056	-1.7469648878821582
172.45615037106447	5.548044797070252
-89.86221670771609	6.793170825353912
-157.46192035440677	-3.8208807706241634
84.83558758712533	775.3670018355023
-56.3410984848997	0.12471622935803195
-71.46899629537505	5.982771423274849
148.2710222622832	-7.224348652479745
-27.430281435087373	6.837184866873362
-261.1641834335461	3.038419307233341
36.31802687270266	-57.55237153949098
-193.17835493106728	9.60635513431371
-218.2579774633557	1.2118334429160769
-19.30153909301218	-12.188567516037969
-162.67077971415398	-2.291827670541942
-156.54834940631494	7.677150321438979
-280.3465276655993	2.7327922057386296
89.43295730950808	1.9662239333002065
-3.123657213597727	3.8949408157757275
219.57454812535795	3.58411588482515
83.31036515748862	-0.7846829322113081
-434.603032694676	1.484459293756527
-83.20290370436713	13.899605117061931
-22.491322354016386	11.858035933569976
-96.9208063970601	10.668093598142903
150.33620952593031	-13.152402576938522
-199.55126536975527	0.9298790041174652
-363.8003386087632	96.37611670874107
349.21753766084396	-0.2848297167964809
39.49255105750307	-0.259320538322381
-94.21756638736075	23.42098243291829
-135.82613227407475	-3.6393798809873963
-73.59220797600261	-0.2745970251427563
200.721515567026	-1.2229904169112662
-149.35908046487043	23.808177925984594
182.6905353915888	-0.1704338871452589
153.75011600353844	17.093255658453145
167.42847045213134	-12.644557864468924
293.8177837874053	16.697367868204825
-63.32186266799117	-3.4181164963622326
-63.067809343799716	-6.8025506875088375
-131.93150902233057	8.03359874326798
-154.91787218458933	-1.9481012815013368
151.83519163315853	-7.875234720589918
47.316625301506086	4.1533267187373495
301.070208220359	-5.772500152418451
4.308426677216148	192.4513081364102
-134.03837523673894	0.24119340362053052
196.84959717190347	4.506183061288507
5.79329787898357	-4.407204449812342
193.26284240366422	-6.31570907565435
47.37774729899259	2.2731230906613384
-383.5086538267736	-4.5898018759371
171.28874817313095	21.503439346753662
59.965386255685345	7.596715048005911
232.28284834379951	5.651875050322832
-278.6518424776655	-11.962563090611663
-213.00270560293922	6.384144754338093
177.79813571421144	3.736986358042259
-92.9120678123067	93.63858025738939
-110.71302467058007	39.613419323070566
16.806711677844095	13.186888950104096
-134.10021599058226	-2.0262189383332947
-137.44674096896924	0.191293949961704
11.078786637920667	-11.75962177570298
150.9246985485946	2.733274541174603
-103.28509380711692	6.77681666806568
60.70902500470728	8.278862930983056
145.55912042743756	-10.843516300036402
215.99774505061578	-31.541058627749173
-46.66565611097227	-2.6849786199090886
150.13976219922148	-5.034251354389285
-173.88579213811965	-0.16164811468608992
194.43965450370456	-3.4671007679543164
-217.45822470623207	-11.120194118527328
292.59499395986825	1.9715031922967101
83.66488832525789	-13.223340748785542
84.10234394950936	-13.36405050306843
215.56785261506573	1.6297482369343377
31.826041699680676	63.33909729822722
-6.823986088797697	24.708985965916945
93.95616483564064	-4.735967747454522
-73.97535534674587	36.20309983955627
-295.3294231898112	-7.235138403797742
-170.75121934114006	5.866271582518384
-149.31511405637045	-7.402497605168264
66.40598838094002	-17.46718802182068
95.67025888520708	-4.053245826746635
8.150801837082147	34.311639293587
-148.02178731588967	2.3239323548042328
263.4970227843641	1.3745900464552745
-19.503877986687286	-8.620691938331449
-91.0036956708216	9.48075013905404
229.28128365266343	5.490326174257893
16.90297109372495	-3.97620444112623
23.990823619024937	6.425690757656233
-80.67782709127296	18.03506839836382
-1.9088256518142606	4.712741924549948
5.575517496468611	-30.41050962248416
-206.20426144894373	-1.5125136477519916
-272.69816253606194	-0.47841391559272445
34.45439141297797	22.380152627468956
-157.0707001839473	-56.76515347683439
151.9166465359855	0.43217202714809666
242.5521322200158	2.9988499242447126
31.70296825858887	-0.2367394055332939
-32.804484553830534	11.279673076241478
11.58830957182785	-2.6618912285190617
215.4039058618057	5.592262610743846
-151.7282877996964	12.637285596389857
-211.32389177742854	2.394047782425871
-48.012623552253665	-28.906477801568446
6.010616159721309	-2.8794048019967997
-310.2927298682427	4.888371956282999
90.9976554318751	8.840223053113773
204.07234241839038	14.194618246138033
12.30903089764398	3.742843687597434
-164.10983992596329	-8.453356688556058
-100.96109835187998	0.3390125882181532
-133.14377184293087	2.0532824974607893
-296.5831569948091	774.47208387933
-320.94536000458504	-4.888685306507682
15.35340730343491	83.09920299903436
205.04271113265892	4.034696027742232
-30.466140166096334	-3.7634430392612437
-135.9999372000232	3.6337112504755673
143.61419568632672	-4.3441402887274405
199.1325984170426	-7.6012050599303995
167.19570922020526	1.0714420885104836
-360.5403278687126	18.31679712069854
254.36947434467825	0.6789797059630794
136.49685774382075	-3.072088008211516
1.0656836785659645	5.802011045924208
-139.7676966137828	0.04289797233516325
115.77657627660291	-3.022957132603785
-190.77048033699774	-110.75766316966792
109.65171996517202	-10.819083205929655
146.18822334879357	2.9198973471143495
85.8069400641244	-11.83143090887298
-87.05650166268286	1.8380857912085649
-37.570206534259995	5.756812080405377
-137.22227360967398	3.4585761952096976
152.87189705859237	8.936808937982871
-75.26927657168385	-43.15143519281023
-6.465274083200933	-6.542417076212813
-286.7002296786258	24.226680240487333
-47.498797153662785	-0.2867014765267776
-129.08337976450704	41.952819303513834
-86.26471945483775	28.11871801354086
-196.8767889305048	-3.152939057381412
-42.12353114160414	-0.3645300362148793
180.26413358628886	-0.7092512557663718
177.68028913741807	-4.817700120725387
-179.6588987743892	-2.8374508030750043
-76.17363597660595	-1.1058644080688917
-3.8466622557998678	14.804963496392414
24.74790588794159	8.880941751928573
-167.5583143223944	0.8318321640297087
-86.69790074295794	-20.35347841404394
-89.31096300719949	10.697660242788677
-164.21552389746927	4.726573317874158
36.778072991950125	0.8645185417907645
6.9956512375461335	-320.47640350334706
-366.3777692209336	-12.004026548132979
329.79375889700935	3.2840878428952727
-167.42551488762052	169.6665239740241
106.21885528243405	-11.209299801824718
92.71021450932754	-24.695365580126754
-106.55399146418789	9.767482186020882
208.52856626732753	49.08319686508663
121.31553923400831	12.509767910136816
328.9802379687451	7.529297735219412
313.77436065214005	-6.009003109103488
68.53796725782526	0.34931820222070104
-199.46690494832924	-1.2550003272943029
-190.2706006623811	-7.888431482841153
-57.161209890847935	27.872722189616354
-101.5999830162922	13.66831093041738
144.34016115309424	-35.89804224267846
-126.46221423201989	-0.6900514655478576
-210.9177315861177	-14.831625738901357
107.66219208986982	-19.976483075704802
-65.50745471534343	-1.3806494600220027
-21.9099424741644	-5.831468098296913
170.48137975625744	15.711503012456363
-331.6617427228223	-8.291389119366357
-72.21557897545117	5.52869355703092
-45.666987482924235	3.1038670374719968
29.435786126355968	2.6205212943724856
-227.6926130503634	-3.2958737602326336
268.49859448157963	-211.61104668430144
29.2687224095743	2.615089716079171
-256.8961549176056	-0.7013355161820481
84.4720205185833	-12.60563927595936
-62.35785716830509	36.59606375928797
94.32753857724651	-4.879268378568522
169.63439268973252	4.081425669731536
-168.89663741907071	1.8559147055550806
-42.099963929372755	-2.263720416907495
-137.73036898258718	-8.561103955745224
230.68569043026406	2.320787471233799
-186.1242806627372	2.44669030655348
43.93355980114266	7.775456410996956
-25.257248223670572	12.293437293980025
-211.28473753125908	-1332.5006122134312
449.6319132519373	5.987193377763175
227.37407084317556	-19.878282607413162
-200.75745590282074	-41.967181606529884
-132.0623011568668	13.482166863437259
-75.31489363795802	-0.8595063216931259
-144.09681293253615	-5.000149774191379
-50.238027123306445	-1213.2878977723974
13.66989625895079	23.015519887990006
277.3697240791926	-3.2943038706849035
126.58148999970649	3.1385659171111464
-201.16061420633307	1.44499364051701
-106.65209895500458	-5.612825823017269
14.5491798664712	-7.4373714258450665
18.11249450903913	-0.48487842271354614
37.93530074197929	-14.378155632394202
-154.178448633346	8.132375119054949
-7.833146126740291	-62.28652792766769
-262.41293990625206	5.268591683510058
-119.14120880063535	54.22161960803048
145.53139319436855	107.10685655736509
-28.032338475530995	0.1637252899150178
248.3696892318895	-21.506727645710015
125.74273436876562	-17.220147960230435
-259.52800342169394	-20.78944763161339
127.81534463966848	6.4140258887670765
-70.98441939143551	42.070286812918546
-235.78005585602315	14.035284617987026
-51.79186645896602	10.418520506108676
-146.6236853843	4.493918387968656
127.69687771443195	7.209330063055621
-202.5548020056619	-18.571755407068135
172.18028508368954	20.485323851385626
-437.3689210757082	11.186426938701672
-210.57938740086087	-1.9777624363973825
-36.88819315842335	-5.160329138901698
37.89082328650924	-16.658954852641543
75.79213795443002	1.518956335937462
-148.96281414738985	2.666298792751807
207.5884306326646	56.09575719209213
-30.08759369672115	0.1799576010152283
83.45842017041264	3.798028233171693
100.0582250823328	-5.930021179902807
6.050958851094245	-8.142812938667799
136.68386522259235	-6.489277352327031
27.411776326764063	-28.855777978709007
136.85561694677807	6.159728451166308
12.650972145506135	-6.574770860718772
-1.7878954881888998	-3.8240282873334666
28.186665184946424	7.054132166357354
-29.714994385190725	-5.3285304232762005
-380.38416284836086	-1.721036722684735
117.13331205794283	8.263396692145628
254.9060898906747	-1.3818854900659412
-57.53197309513084	-77.89895606972365
45.121737271699075	-3.3502157888562105
162.97180530904595	-10.388961361049763
49.85584556918525	-6.699310464371776
0.4605988839656887	-1.9444002801497018
144.23472184912262	3.492935662789217
-35.84212470381011	-4.895066690286687
114.4604481222673	5.642413563828341
86.19632672759654	29.38787477882718
40.51239738299807	8.72486624230112
-21.201245048621555	11.074402124617082
-194.51952136499503	4.102754955586976
29.16560962604364	10.283257543081884
114.41491475472404	-1.5633038726847377
74.13515326595801	-4.215055340325887
47.83130245915405	3.4916024275881186
117.8118103493057	0.21934899906413036
-37.73002277711471	5.179568394605337
-242.29280059621144	-120.97425472038192
-187.05150435745958	14.107362219582793
11.92913103228601	-0.3568581236630542
-140.2408925185296	87.30329866825672
87.30964737086302	-11.931613679774522
5.091706600713064	-34.30427353704574
-45.60196847939508	14.941662575347502
74.32549883476266	13.483307377429567
-21.076400670955937	12.965245724047774
15.479993872026089	2.194681187335516
-56.939965743916375	28.28985048928487
123.68432732633387	7.710511505948067
30.625095850326478	-0.6547595481310651
94.98572397366185	-6.678399450718513
-46.9955903199623	11.52959627882627
59.968962621771084	-23.158622625980005
28.162467292004486	-2.9115145043482293
130.03048211497818	-4.671845514804134
216.5650512827587	-1.795114988097271
230.8622079335913	2.672269173363004
-84.01698750338278	69.81112185838714
-82.05218545482852	6.030134957704432
0.43276530267204516	2.4582675529615337
13.583472312102634	-17.402285647006597
186.80786501659585	-13.741764169221637
-43.88536300044868	-11.957172374728511
176.58124081717455	3.262357271360552
267.4815902727113	25.115387205790988
181.47185502546884	4.714636642012924
89.95539090374865	-7.0976659582898405
27.431860830615676	-8.895295794773983
97.94762600090925	10.722822226207427
169.4488636920892	-19.349653948254844
26.3295375811924	6.934036057704691
-322.96033610649204	-2.3233404936040323
-101.24464702840547	-0.26937016655056817
254.28164468068618	-2.2461164292837332
109.10136068575113	5.5360574452423075
106.13127101685691	-3.241600565046943
-163.56424090112054	22.240381377366987
-254.81388166838292	7.803103645170754
126.24071428223094	2.656750407120494
136.0495849003571	-3.274163518496602
-90.6058362714919	15.51264903650058
-186.1179572880985	7.758130168445599
309.343447619684	-22.711712986290358
-32.78517898968999	3.7435107146712294
127.64858446234389	6.673431342194683
-60.59640297736591	-1.752060672214166
-99.86411355327597	3.8606358933603735
105.5364150287134	45.08974593633929
-25.728762322363735	-3.078909580156172
-123.09914703789102	-28.868463455622692
-86.6130810266706	-1.8053649032313885
41.32775200944965	3.734505566461281
-51.21544250172726	27.426263998462982
53.93753191826835	-0.24582255303551676
-200.8312303022301	-0.29356257369698324
229.32993166721806	28.948493878645404
-179.30484119846744	1.7099998316070073
-67.76042468951903	-9.669389755468616
-51.46641873298375	-4.248055233482242
-7.384158718732145	-2.306476312858005
193.77232734796814	3.4434651034641885
-41.04299554539266	7.300779355961875
-86.85093376264759	13.57831533975739
-105.80913859257629	7.072823796292127
119.29921285343927	4.501907708552401
-292.80018662056347	-18.598690656723093
182.51590280463694	-13.899496205231825
-225.86004706641407	-4.017255691103477
-49.364859949504364	-1.3062850576856357
216.62360159977237	-44.724901375755174
-397.61386936132476	66.12055231534171
-100.91109521078629	-116.16719811397662
-76.61119488739418	8.606939575335831
98.39268484579276	5.499921968454987
126.11633925570393	-1.8304200871452245
-147.53944885384303	15.069670446373266
126.05944771433317	0.5001397680185917
7.327880268782858	-3.413748238502157
8.090392066209061	27.620775907390694
-1.2111111655364937	11.86089208081282
63.769774638530315	4.162300494710256
-9.913150375858965	35.41618028661124
50.95265204168762	-3.6170153636567823
233.89757170111912	-77.49461649791832
381.4112027278102	6.666764914948306
-305.5980656579954	7.705526247172825
-26.203085444005794	3.38810087355377
90.70622875621592	3.7078617824794717
60.64671494920423	-12.128755845001788
230.3344519593129	0.5825958174703997
194.24800853668987	19.572119063667536
182.28682563932995	-8.864475427929975
370.4459907693034	-36.318965129309255
98.07961884456863	-2.271746505210093
52.06923981906963	4.092600556245759
-45.336367541410446	9.198048776550847
-74.15923213393978	5.271182965111622
-123.18844625035055	7.628740861714338
84.71747018238729	22.055615747216375
255.49199217718277	49.64057481918219
-172.8811125917119	6.850046389382004
-345.90400785193754	-131.90049296630212
-22.51837661822901	-7.937524889967579
47.54818447643989	-0.25219315152798655
-119.9674060277053	-784.1288100588316
-261.274857171483	5.608298913488429
106.27137887296298	70.43139657868674
-161.2334762460302	-3.3940351911604414
107.38867256583072	-4.8202112041159335
123.97314884120344	4.464122765223158
-101.41006438086903	0.09273385957543298
180.10340603695104	-13.522097988149266
65.09823208029485	3.0920391471918456
-113.036796388357	-43.68036114479565
122.47211246391262	97.16840997378016
-204.6522681981612	13.550913877188195
-187.1809667198048	-5.333964372198984
-345.947597504838	-20.772770390766755
-73.52129715047523	21.91166883439848
110.3055350371087	19.198319877552496
114.94089014707721	-1.6332529203124853
-94.24999300262881	-7.741858927140722
155.0391834993946	0.5424821459497888
49.67337914572345	22.31124031564906
-261.90652823969685	3.0521978406560404
52.325840655918554	1.491066398216078
-84.09320326752133	-26.084031483660215
43.389512949761574	2.498971211317469
136.40446335506937	11.25885567791195
38.77351212265813	1.9415043955773352
-69.17079347233516	-38.38576624453946
-44.63444368916877	3.080072994833108
-84.43381827196187	-0.46617081713913383
-5.569796772879227	2.6322906239492565
135.55775017254268	6.822954882039372
-121.13200721614504	5.5469155848501
77.44929404776313	-1909.7719272468178
-131.84325881986507	-0.6399810185710499
-111.87734013376034	-4.286057109155914
43.91416822846263	-5.416037660600857
-48.1321104521761	6.717829098501796
-268.4409340812335	-8.63682122911046
122.28309226323428	5.101000272048775
-109.0230126401128	-73.51090365434365
-202.97987043101574	17.901345439805137
22.734551680885236	-4.276963749939892
-59.75706926330797	2.0838148227092828
113.52957466319275	5.257055594339345
-7.673290999475238	-44.529021904105534
237.19129314637885	-13.784684238778054
71.97836940842504	3.563644924023525
-2.450917524829124	157.42524666055712
7.1415010253194655	1.873363036838077
23.30431842456658	4.745681802001933
250.81467507875826	5537.237353900947
-63.08224279049046	-0.005074379804035685
51.66520599368777	-1225.335465560659
272.3032013481395	-0.24039967859168607
-65.67798320795615	6.65728608656514
-1.29836500535086	-10.545050671692287
154.1315528763947	-7.232075146609846
-26.467181921008404	-88.94809475136381
-117.32165590737088	6.111394653849681
152.8431418378223	-1.5649862819816893
-11.64910399403289	19.135391923049283
-111.59788081976383	1.9638940862019092
-233.45642729893785	-1.660364756208961
110.18176961938822	38.64680820664734
85.91923554694606	-5.626440718656865
-168.32817460416857	-0.31687617624992404
2.075500500126862	-10.554891940032704
144.2835113171458	5.88619855913933
231.22781707766913	-7.4888520608262565
-126.52257430114648	-9.511416972970878
-53.60019137982288	4.938575787670115
25.162395154314883	10.24658986267059
-129.7035261381293	-1.6626896612782671
-59.59938303376257	3.8630999066976432
26.534388357866813	-1.8023810656104113
57.095741914405046	10.436208919100846
124.94115687475707	-3.2157424267312282
-9.758817075816895	24.21313037595328
382.6382347925958	-5.166743157958753
92.65212615485531	42.62940874690686
146.83022754525427	-2.6274821722940227
192.55584628807176	-4.866385427080236
84.29839223718989	-13.178792494777106
95.09334425526258	-11.646521107174818
201.25162867575355	16.829833095188242
-38.404513898019424	34.66601087646283
256.77625032946963	-26.491777849854795
-209.06220592430128	-4.243485477344791
-30.064822781899643	-7.625793777224199
15.09294567809604	12.12023753780602
28.354968295398418	-5.2736322432931475
-135.0170951636254	-2.8633465961906706
12.083222924130657	-38.4062365868095
86.47000901584488	7.441505891889244
-269.3340217655257	-11.517481386321794
-14.022640695892605	-22.366029518424934
4.3863943512509325	8.56145841531446
-14.129858174532645	1.6837394811130904
-7.992931608647506	-3.0337232873274247
-195.14818034030668	5.516159887260218
121.2709643023431	-3.521254830248908
124.44201417534845	-4.256162445819782
89.93678186969376	-14.492525842186335
60.61045207594129	-3.8528070904514946
-332.9542647058982	7.527495450679442
220.85792767086872	-17.638714267278544
288.1995896686797	21.387349860878135
384.12063663136064	-1.3893603019362304
134.908329207921	26.906393477027375
149.46493281970263	1.1356855098425203
135.07581365316904	-1.318200779307751
143.36893487967828	-15.703998256747543
158.80657471078584	-1.4073987471827039
233.5631328249045	-1.8944794718634608
114.37590355027828	3.0589048114076367
-318.3199708007379	5.262003836581121
155.4948614338047	-6.425105777272005
-149.2754843876047	10.103703655893499
65.06053657246184	-22.971258742781206
29.41722580508598	-2.465353997402309
17.344365187885163	-2.09213080495713
13.14438992446122	-613.7446514416031
148.10809098726548	7.282624170017568
-68.24785242162375	6.355594301465025
-225.3381847676212	-15.999642942918012
-214.49351075224658	0.22644779792610356
-111.0426226657276	8.086101683082246
212.95679939767572	17.505280512970657
70.57899908121962	6.188137067817484
140.97268908761308	2.451124227824029
-19.594577235534953	-58.83746214647004
-20.59145400302796	-142.84551878320548
83.99229833985183	-18.691988044649616
-170.93647128123922	-3.2438397009999917
-62.03117210781369	3.5635389960710415
79.59704201938943	-8.371330634819262
-249.30392624769317	3.3308203156090106
167.9580630535369	-3.5144756925428493
83.76063425839965	-3.284680767315965
317.1195589508379	-17.916824250441056
-33.75105791275573	11.794583457247624
-120.57562390765298	-7.423379767463822
-173.79941826293452	4.322183864136594
48.72770154714351	-3.1675488470220428
209.18572871121918	48.84379757751517
162.40329888644945	-2.66600710528341
-63.15958199608601	0.6984332592154542
20.638404656815222	6.527303319508187
-46.96704022320311	0.9189355830069889
-64.2702433495764	2.4553927953124512
17.09195853948136	4.524227283684901
-63.340478748893815	0.9096031415755652
-79.26767010576762	-2.0857193326467782
-43.558137467689264	-19.911777843984616
-79.42776736384637	-164.2664461200255
-237.0892761851046	-1.3069841844018697
-164.5787793172666	39.74847229721606
-23.64125227591454	13.456229286737612
312.583249109604	-6.287580088383654
73.97011068123223	-0.6566406959582008
-206.25857495609077	-5.6354661220446385
-136.22316862231557	2.637566061479641
-150.45156451280113	13.968341434177846
-304.9147188494709	-4.486285163226348
268.24027550119064	-4.937218267786816
159.89256105162187	-1.239493008644992
-29.81155940077648	-12.256866416325705
-189.21731675045385	-3.583123621646476
153.74325998213268	-2.032382638610694
-256.7295923873718	-4.723473961562369
-13.811813157159634	0.120878563464774
-84.54243587412574	-0.07008322643844225
222.87457335745611	-6.494638528155371
-110.48871077203026	1.053805222463723
21.227270573956012	3.1713242964521937
63.204263078759524	7.285166948328836
-80.23870573779921	4.248137138735211
-209.31612396853944	2.769438877790739
-113.60943034856633	-1.1039449979511922
-104.81349082923866	2.0677081061132228
133.992980536236	5.104547837502602
1.4580641759136543	-2.282289004299659
109.29889533672092	-21.85501505381235
-7.1612237591163215	-1.0414194533027283
245.52568648513332	-0.3426498305905992
27.39221918665085	-10.892889418999697
-29.039208375513297	-14.884528096387214
-157.0888449463315	237.2478732349722
-250.00740597289902	4.950380688492189
37.31860251255068	131.87393057075968
18.089942533785536	3.7352787081523933
66.52686742640506	-36.48376713963059
61.83890152764568	15.895670115100902
-15.707103884495272	1.5761914716377006
-46.31845469649225	1.2874882910777385
-192.08684878684343	-5.84928850392296
326.6687629882909	6.3527684464340375
144.9051952314608	-6.059547782639826
-328.9058566974097	2.8402609832187475
91.46650650369736	2.7717667764517793
22.689746383877882	93.4954108443148
105.44725607526642	43.277260560988175
133.9256910160582	-5.719992311867494
-35.603046358550586	-6.405652714611369
110.32693412917013	0.2514933638868228
-57.16692967411934	-4.1936099791874115
-191.94630025772176	-13.171718344119213
8.349189127830249	-1.181643030246195
-27.788309365062474	-21.691057594543846
497.7308650778634	-5.672268578101963
-83.67561247348955	-2.494723831468318
-17.739155925519196	-0.1326922552950298
195.3483961266616	-4.872476688120612
150.499655485731	4.341775704917878
42.91213233816223	8.873139943349143
-105.64275971686205	-15.203716867284593
30.883950416322662	5.7392522988477666
144.89373087488457	-4.997048340411657
-295.32325801138154	-2.481162662280387
35.32053907179624	23.975728075732295
-193.19645986564072	-9.543791101961359
-103.39552047687107	-4.512202715523756
28.73131683039682	8.987829355513083
88.68152730507008	163.65312442352993
104.7355335161274	-16.762687332677583
38.586667588121216	-3.0604881898903322
188.30904426441165	10.68155643257938
22.63967567939846	-7.4426357474208995
119.52814702779136	-18.618259506534965
-308.6217649324938	-1.41584043989938
-106.91229282849825	10.931241297089036
252.1458481375934	-15.69917974842116
-268.3784692277268	23.804424723431612
327.96975706621174	-1.9231601153790692
-36.878120512954176	-0.2230333050974091
291.54062655352135	-7.812698287692468
-113.95047900609686	12.360515343510027
-145.6546956338102	-13.147281636037015
-13.733646753673419	-4.291767854957374
-53.32188278218455	1.1063315282819948
142.0265199925878	12.760751518890638
229.94073256988386	-0.6070549747392989
305.2484666200771	-6.468301422933015
-140.32171621301666	-17.874302637753395
44.49695703157345	-16.114299561355722
-74.5306016709925	-4.093238348997503
228.90060987124141	0.40428040287904365
-139.58227897395938	-0.6255198213296599
-151.27867642620888	35.525237514892645
133.18875455717566	8.346128454880523
-89.98980934071339	-3.5252441693760064
-89.25198863765642	-4.34203997696375
-88.84781572107106	-14.960302606769742
146.32077344921328	2.2471892285492183
-252.99107909604305	-0.9782952396936737
-227.6421337713014	-85.0233085569289
19.16067776607178	-3.554325536389546
144.28685845759057	-44.5969576923884
88.09429270141558	31.094637341370046
112.59678162284668	2.8721308038003803
-150.94041590189025	-7.118060590716052
-2.5832425717918177	6.6088104406408785
-221.61994393774626	-2.192524601718017
-23.61236669189371	-4.725646732692281
107.36209352110714	-5.055612116100098
-237.45592831567484	-3.6448288555818995
-171.43670791879404	-6.31385547459136
-156.1045967674906	6.883001216332107
244.64642339659565	-5.676797953856481
66.78179261087256	2.9622829456823814
-38.70479622269125	-1.8606875773743585
6.8858793312898205	-20.173196669756283
-107.71504602215555	-3.3091414309643765
-66.47922856480902	12.177320180724193
24.791132974908777	-0.12347142182374471
8.366060459646278	-1.9434667991331402
-193.9313276401502	21.521081560106616
-172.01902869942657	-1.18900520893032
-268.08332592261263	-37.75739351919292
-264.65528436965207	1.6606819075487944
-96.90960739417086	-1.4880318239187214
77.91938597821829	13.902778308624288
-23.525783242870826	-36.34493915649013
7.953749421727435	-87.32510336422355
9.162168953267635	6.011518394451716
86.38722522415993	-8.927142354016768
333.86434352168806	4.813578642252202
-158.97950448799824	-19.07042578528809
247.99562495565976	-3.2998959257954805
-201.74598491356667	-5.626041871310465
-39.49716714507895	2.1903137209792796
78.6068696527241	3.2920353887018345
270.7394762814119	2.737519154432842
-197.02072299830422	-4.82257371219558
286.05893586646306	2.430591506207509
-63.013746473591596	-2.1297532244818767
-67.17625487715814	2.4263961738079574
-109.82927610085333	-2.3401597094128426
239.6533303246919	-0.005887792182062229
-67.35539311663035	76.79154867875613
-348.2353413892554	14.592029098147162
77.39400400856563	-0.4768267328665641
-69.12868879115825	5.139669142285838
-112.29816721230418	9.370597908127593
348.5593236687203	-9.374682975725895
217.35857618121037	-7.725858242844828
-47.27996655331203	1.6477157525591892
-108.35449434064991	0.7412274198081525
-30.35176346061445	2.7458230382872877
104.52958979582198	-8.28396170026752
-118.6699555322286	1.7865761415730004
-11.789270375659985	3.851353391569112
-105.58467605662	-4.615354400144178
97.08414401668485	4.937814118833398
-116.02005926237496	-14.784553106181061
-44.55105217885234	-3.311891601266465
71.8669338004695	1.03965992392376
-120.95338134833678	-13.780414694694255
241.48942642484232	-18.591967917389944
-396.7202001945391	6.749714474137193
33.63720855768893	7.587611648220639
79.98143886423125	-9.339483559433303
-313.0042441395404	0.27916245095684133
61.52685243045406	-11.94163425097349
-119.07153654024768	-8.754329522002513
37.9847452127371	-2.608434653544289
7.290823264502347	-20.14997490531873
308.97607053169185	4.182572940605453
-13.0878022697534	-0.07987884650127788
-55.20099572290799	-2.004593335195212
-42.37354333419844	-0.22308820788791206
78.40928917146324	-11.22646135290254
133.14693242189455	2.2455475281604405
-229.50613791727125	1.9907007770958773
257.6960915995329	-2.419413521966085
-160.03034513743705	-15.694552110228338
-181.25590784197252	-9.049755383284042
119.99714439541145	-12.717739631081384
0.1831126664424251	-11.309201892688963
-88.32575310658366	7.0705502790594075
-35.77636432361196	-1.4943622140616752
-113.99725923977572	-23.049315643420176
96.81853188287889	10.129851270126926
78.69676739006384	0.7489357412666533
76.2071107449843	-8.235216596214617
-67.10292088410974	-7.418278636068976
144.50978071985108	158.43944979120207
48.37774868478829	-0.11907379498767787
-47.6631424116077	4.3713630389231355
-95.76732688143862	12.668394051573161
179.29261276226356	8.232584398760856
-12.330531276865019	4.461004340412492
-431.9309025482097	-11.768812540029675
-172.1342745423572	-32.05585177468405
59.344028750087645	-6.458711815928824
193.17380786006075	9.536485295649893
37.48221242066372	1.1310919668573225
334.5061906761849	-9.016550946799406
-16.453692758392535	-2.9208957734435694
153.49723667546178	-11.698564896097057
-287.8561324124095	4.572802070482684
-29.196588582868092	-10.447782066592232
-146.170953783615	-11.658896773283727
228.29897510076574	1.6711634471594534
-11.865014336419089	-1.8544849873881684
242.77311541950263	7.758089871750026
299.797598930856	20.107531314942925
148.01678033440808	-28.637400748724758
6.839703439935088	7.728654944646464
160.8235071676869	0.12306124602963932
203.21131611174144	24.042433724772124
183.0944750901783	0.9950433022262455
117.79294274510842	-7.658735641081373
-40.912163376646305	1.9839323812176428
-77.9401868817812	2.3380871045833636
190.57225580734138	1.4713259640781182
-177.58847713619767	12.695075166277654
-156.0246833922133	33.81918107051944
243.2508678975889	-13.96344712571946
-200.504168237212	-6.025648573235783
-70.00485121326837	0.987209302502001
16.629106957861854	17.34334161392386
29.678386827385065	-3.9864600790680056
200.57413264577744	-20.088515491914297
116.77017096075615	37.68360085356639
-311.12538305621746	4.331849080595842
64.35834855953863	28.340023792076465
74.06291489867513	-17.48693814060387
37.27754662319378	50.227648230538165
152.1240528832761	1.8990711108653648
143.84823374687167	-3.474878552119925
200.2363795919615	5.3207881788833715
306.5418479058668	-3.1152558546010343
20.629095690458307	35.33074398583338
200.32033424613402	-2.592893510429355
-13.674714152350258	-2.9828510372819377
-326.4577341844854	0.7198917070750176
-24.335072163233228	12.418231980138012
-131.14391838343343	-22.756081652108833
46.05592781202141	772.3827312283828
-71.02467997611915	15.372816590505193
-39.16269258754576	-8.256680454121852
7.838763965402559	-2.689688301181863
21.629054709815186	15.634335445609926
118.71558652470587	10.634586160998877
43.82902445084898	4.967651029276709
281.1158852710377	3.7189069421018908
272.11267712317306	5.846487017018831
237.3881329678099	81.09865136383432
-176.64674250195696	2.049441234561357
-61.95457209326767	-10.264490570318017
102.10717568542118	-5.379583658112352
-144.2558502780799	5.237263687583521
17.22416427629832	0.16674461150419523
158.22989957817305	7.584930850331211
43.22132033359997	-7.973902339919037
-76.67287544330662	1.2640586793726352
-106.88345073290591	1.7188597437603474
119.8299399630312	-1.1817655192738676
-6.042055453977518	-9.273176821932346
139.1948661481048	29.85958582812628
-95.79482868211493	1.7685199125227509
21.7732329297464	-7.329163076495645
34.23083471531146	-352.6309435189463
-22.171025597007095	-1.4855013292548045
-118.78644755785501	0.8710003931517073
-101.82668955927535	-20.967628687641717
-101.72665365929308	784.1466942168001
47.70166096313758	8.860450850774708
66.04389516073478	13.30586781944846
-270.93037607945286	-11.919140058571626
220.66914765994116	354.3844661647978
30.476878417914023	-4.360207157501423
36.932799881788895	-1.845513663576372
-225.7917894157282	-0.8981688037481556
-161.8386340308212	3.129440155169084
-36.056790701734386	5.750880111401832
300.5335130075088	12.907379729318077
62.553583841042176	-1.1566879597564592
-135.97576149700822	3.2186080381679467
-67.21909304893965	7.994692555851905
-328.6665798380819	-4.726576953707755
41.04700400321217	-8.713985073740645
151.83648902942176	10.939785604292544
-67.87359475821442	-0.07926225111712326
20.0648572658231	0.6124403221557034
-265.7777828096114	0.7243221473095133
128.9167752062593	-6.922999046360178
180.5479696738687	-0.3512651482935804
-189.0663739501686	-30.09511280723331
29.077451735858048	-8.451385052150183
-36.268337263623884	9.776824726032904
32.41345029762744	-4.711296129239569
-68.31158465738406	-5.239371164700234
28.47966518596967	-2.768809240400621
-12.920630408622308	-4.348751057624372
-70.02099881403143	783.8186355396874
-174.3846296281161	-4.17659545717733
281.1825946017339	5.666603195616894
231.44351203851087	-4.364067548881432
-211.78985997029847	25.432733316269108
216.83377952101773	-1.7685316454072082
171.5205290094845	10.177409966168304
-100.45066752748649	-5.913963170468384
295.9543242939489	4.144957035707683
-217.44653864942694	-10.141344757456563
116.26795790908491	-61.497741353851005
-59.52796589612975	-16.73834059002887
74.69303890569917	0.8438065605987313
-76.29582612015975	-7.81085758567597
291.11569925659205	-13.487279304729967
52.879655216580076	1.5918615553574205
91.45946168472807	-2.808464473863002
-62.1672940995233	2.9985654901584677
-154.48413482268057	-4.6135712843580805
-20.42972491235492	-2.902647172252689
-33.988367860847085	-2.87709192713349
-121.38263797361398	18.492023312992043
-39.82455720100755	2.687174485148801
6.925011387315811	-1.1508726927807214
263.3842188453177	5.27782140150643
-2.271449287115007	4.309543792031591
30.049886440255833	5.861080611304786
192.52508740143745	2.454762049653089
74.97343512076274	-0.6539565716453815
81.9930034766782	34.8881672761886
69.75274973209545	-34.95786930554234
-229.8219628577584	18.305462818536633
43.30786873992171	1.435244186951427
3.970259383224486	1.2273472090924529
-260.0120296252429	-4.158223574204528
-176.539528056898	2.8325808424631744
118.34515087183834	0.9803669024977528
91.09102461829755	-108.09262255651575
135.30714695490724	16.914998410816146
295.7571875953643	-1.765728677323019
-122.24680692965114	3.666338671565473
-35.892516951770425	5.610369903250168
-234.68206403475492	26.309206987800852
24.506591832810972	3.3111289648923816
99.75561433147381	1.097766656015224
-23.271238202235228	1.8238130345672354
26.551994313699364	-16.09012627755057
77.1718467251136	1.363037442700183
138.81596594077473	3.224758542011907
-25.337943489487593	-4.0415852444763045
81.82138654636557	-3.223459389463793
-107.30386175765013	57.78123140432496
137.8444611987789	3.395203728224202
18.002180414932933	-4.445644898257508
201.39239355035542	12.548743039068563
-31.23498741688159	1.1734610034747728
359.8274744924654	1.6601701804810591
-110.05316064901777	-7.353784612204618
45.061609633389814	4.986636563659874
136.38948729112846	2.0462068355744685
-55.99537419956056	-7.996840311106641
-81.70926643807897	-1.9107694827447959
-212.02773189515807	0.5369350655241613
29.984286854857586	20.953200348724444
-68.9558918092382	-2.3656558221706057
130.5729615956304	-3.0049129730241257
-259.93817293081895	-0.7896464546953215
-169.05102812391738	86.94000940517132
175.49265856596682	-1.2836995759145742
-234.66412603399579	-6.937321644827876
-43.93366799065564	184.64672617101564
-238.36524718504143	-5.034003261329951
-150.82809626692946	-14.443797334038358
293.9165275751294	-5.837112976755038
-85.26839442611316	0.723622303665624
-81.24009390096718	-3.865531956269277
137.11141446463944	7.847590513873173
-128.53923237382588	-44.206757443522534
-325.1832279773979	-0.2696861062815621
-69.62133241396374	-19.591858337881984
329.25662201608424	11.356771851503753
-194.89609248079293	10.064092498804513
-26.74021061199747	-2.357725264228304
-158.15123745173395	-9.94383759826185
237.44156337615303	-7.948705648079169
-176.75138579253056	3.9085750738492404
-94.7702952648846	26.545310246014456
28.14176389276515	-4.794522851566367
-149.51168908891572	23.20587731624663
-155.25389882778134	3.7678595943448316
-90.35685611297534	-0.5061438131670124
-63.84397166647417	-14.590228042059048
30.485742476798272	0.30101195969756483
-106.95827695636746	0.7607266825474785
88.9338603073656	-3.4265026608289193
-53.78298592374669	-4.662449626801598
277.79480218858737	29.131030643814352
-179.27110838903982	1.3001519637606607
-370.5146001104547	-4.164683311840273
-179.28200451403973	-15.602637177324585
-108.79392969790712	-1.3444946081499842
59.981463475999554	1.9123066533113164
-81.75470354122696	28.66323399370649
-181.01266433256478	38.70334109475108
203.96523525274733	23.19943965662304
-75.94128234015723	-1.2975161000446913
-71.52591608771485	-1.5353413601270471
-90.52315993508094	1.2987927804987784
257.72164909988265	5.983551060579004
-200.86541459676417	-4.754026441107324
88.86392286430599	-947.5683581076589
194.85621155769823	-12.20739910889938
-266.91002610374574	0.06406464751691016
-449.8778285159757	10.804417138593417
-28.59879657428215	-5.182721896964761
-12.808915246323094	-55.266696215365535
110.74055932131701	-9.369338657075149
82.68611835456863	-4.70874780523067
-108.88512513274917	2.085150554769321
-7.28741519074107	1.7513343413058382
151.29272787138825	2.14849925055444
276.1625702459666	-24.707626479045576
80.90708515610518	5.567553263039546
203.0003748547788	-9.246773872529836
191.9952050307291	7.942008356404219
-283.72802904687495	-5.121089356656266
-187.16206693562796	-0.6679420141516734
-9.819614789753816	-0.8803414009008176
25.644175734629183	1.538986269881901
87.46197322707529	-2.083751964169831
100.44492900921878	-52.345155647597174
-31.466737700646092	1.8834405139924595
-68.89473147927285	0.1494822456083935
-33.63121607639961	-303.8551611841458
232.31481876241645	-2.4539244504111393
8.59874405956117	3.2217210087234194
-29.306205046056004	9.052020942604823
-128.85386718467336	28.715937897691244
41.213983958100975	10.46361637191631
-194.50375244561428	-14.778598083157258
-182.40611301012723	-21.675777286829412
77.86591177835608	-0.48234485195256405
-128.18191283707563	12.578588879529164
-162.38286858604556	19.48507218393633
4.516122617721058	-5.148095426924494
-170.17314421612403	3.6413712161967715
-112.22677540034053	7.049042863836812
83.21770394736214	-3.203066960957934
325.53698487761295	-5.201666821157096
161.07393427341984	46.794097052943975
99.16478191044733	3.9015862672916324
-422.58381526383414	25.70672072417827
-59.84546165333584	-6.184332214553693
44.1988073819854	-4.436587139001163
-123.91435480381266	5.081517675181919
3.915412421947737	1.2611854799032876
-77.9799170123034	-12.394099573434845
-250.35148166958757	0.6801071989868226
-67.13473962425898	-4.584422236909983
232.47228324185858	-4.100183707890905
-294.93642544252583	-5.330779590984366
-76.00988348321863	-6.993979165259922
-10.060428976511213	8.517699775186554
22.63198332434561	4.669078896407972
-62.92544010514592	-1.8872550531272854
-69.72322170867001	347.0120294114223
-167.01560318115168	5.823314333980075
309.7456087068946	-3.847395848087755
93.60978461799083	27.310002178732113
179.39665172386577	-100.16457901143146
-74.42124200947394	-7.160808906527583E-4
-83.91373994083327	-5.887608671452747
-128.62678737567904	-1.7365924254357346
100.0985542552936	0.471298597821807
83.94782351300044	-3.0493256382545226
-128.72596652869092	-224.8561509545131
-68.68433896512701	0.8695838686913944
56.085045468256936	-1.8729878071099837
-172.53243389508572	-6.1008344298530375
-210.6417135122535	-7.672511159290652
25.606743190046902	-19.17605618775335
98.05203463866775	0.21218797565090528
-116.05247419463547	-18.706582277757033
142.05269718686097	-11.14593046945457
-432.4668679468546	2.4389006817324512
325.9003799882106	17.144235440050913
-28.7356539380535	18.285109240500134
27.366266596729606	-2.7083720299659317
249.6263858177436	20.954287013312626
-242.60259863136346	2.1406027485480945
-2.1625316227427107	103.16507533914834
71.54809046156264	-9.763360380950715
-161.95842548398727	-8.26432480477398
-102.14165310756127	13.47256092535854
31.0263005202047	-31.507169837874176
-64.73943789135095	4.4106021498498444
71.5790988332542	-4.951068609764446
-87.01011530348828	-4.31116255634065
3.410448556441325	0.4276593174659168
-73.54334814577021	29.75701938019125
-99.6140182194758	-2.3125486984893615
27.39209558827007	-6.052887899482066
156.2893022497827	-8.590101056528251
133.17084031488452	-0.8220386499375295
-40.965410725780295	1.322038126873041
66.3785590869294	-7.171578535425284
-7.509802500364558	-5.4132020072831395
96.15162974898263	-10.997056258099489
167.29013002868402	-4.2459448160204145
111.35184907531023	-5.777880898476314
-218.99401086752104	3.436500152313175
-14.708885940451463	6.209139235815601
-72.94470382961424	4.548567293994955
162.0885946982887	-2.2130945312742836
-115.06786801190442	-22.963710400135746
36.44812264866657	-4.9320384293596975
-71.8877446689861	4.033719053917027
72.78087209702625	-10.543506011235625
-148.13251890440765	-1.9804429715332934
175.02529385874826	-1.5282022133025617
-12.252849934664923	-1.7580472411386678
82.5356935798464	10.528924679092817
-1.1085180303506696	5.943895249872378
-160.50180804184373	-7.496321253096801
399.4287718152956	-17.89722161939583
182.29438549811502	2.247646901353549
-103.68167863776144	-5.720685349627036
112.29779109480634	-9.777522058196768
-22.499278595554824	-22.837681176302357
-93.91056532358827	3.938990770491511
-79.33937356173688	-2.31188951983986
-224.12849086301284	104.95955399886839
-125.03849739371705	-0.12747520209174218
42.71556471176174	15.156617596188683
-2.7411547352394368	-2.740994428420832
-152.5214592267137	649.4835944004814
83.98047837570314	11.872730080172163
12.00245188948493	3.289895300288129
-140.45345762042803	-51.09851816983026
-336.87116005679337	-3.818750616730703
-183.3988122304516	-0.9667213454944935
-66.05105924369366	-1.4990602542238691
-72.73991839840247	9.266140412024315
160.86110507196474	-9.81122019664221
117.63516469740203	15.707821449672764
-12.447024370713502	-1.423469848373924
-97.98111733553749	14.298716413155221
-146.86063859506908	-1.7071331219799153
165.16795549209098	7.807523034867613
-174.84184796846776	-55.76841688202437
143.40051596299602	0.7821426681998433
136.87661881359676	-8.822357396042847
-166.71668936345375	1.5493283230805925
171.79468749359052	12.391463121000282
-138.21873130680547	14.123793545292095
194.80368419143284	-14.951656430293495
-80.76581837871807	1.5788849909798164
151.75403793112534	-5.8282248473437575
-10.978037861190636	4.574485499792129
-55.846455041501045	0.09051142626550839
17.496538070608104	4.444333037537947
103.31635714501019	14.485089899680352
-86.27425124718816	-4.557078865646094
-170.49033852039457	3.3266707637023902
10.906698809247962	-16.437945381101137
31.604796235181027	33.7948104798867
95.03775447440881	-30.38169359958428
-155.11807108877775	-8.450097749525675
65.80825081381708	-0.6090730248796505
-49.583387790421725	-0.026173050755382933
111.50075456570102	0.05818172170861189
260.71781555415856	4.926770153569476
29.308184901696762	-4.978655120631168
-313.4172406441968	7.100576110436353
-61.59205840608129	0.5053241605879559
147.87717854899887	12.82794331107922
10.311145954063132	-3.3808435499572607
83.27705959804106	16.907446469010054
126.52251186427338	-3.6820262893330837
50.836993780350674	-4.211412023076068
46.29233223149626	-1.147778967084732
222.4986441956638	1.2860544897792046
-75.53160996566666	-8.550698020536183
-247.6221974193997	70.76583346081118
-130.61091541443488	8.029488687563822
-293.1249441707739	-7.779367203012777
191.9760630702642	-8.587590848094303
-94.7700123385114	2.4826363520830115
-74.589180501639	-7.482707038714221
91.98305957960982	-9.403897026100074
-141.79124842645655	37.09131234715412
94.83902449228786	7.431004624812153
65.39301730497807	-14.187041009600318
-424.34070743798867	-11.817819313659886
-236.8545474324692	-2.3717831468736024
30.21116025430983	7.804116906297619
-47.15565240082923	2.818573848488979
174.3085662227449	-4.27083141518913
27.367981764341142	5.67475724999402
-405.09534991940694	10.432993724151478
-27.79986622120763	-32.38731815912467
-5.457874835094599	-38.88451559299162
-228.7244572963182	-4.649814620565936
-158.67923317286636	-1.5945957918455271
39.2560808298734	3.2343878114728883
-229.4899780711471	-0.012840378440151347
-142.3432350944059	-30.113278650114967
-94.40509416460304	-96.05532711083951
182.17866847273694	-0.5046423598343748
-96.28839569765314	-41.78830729153348
22.69619421039083	24.205174504491573
10.146577805918797	-4.5572843399250464
22.39457881704442	-10.540929084554916
135.053984200827	0.027664971508392668
-27.28312687058312	0.8192320786839526
-282.68732023999166	-29.85062458178881
-59.28843536314508	-1.1672835399653323
-216.07778291820995	-4.268722244607908
95.00735180363752	-9.512429035639368
-218.2333034147854	-1.647449394899896
-12.410015671971632	-5.793122397558288
318.7725985997332	-2.9856987176812027
60.94550126392359	54.25662481139035
102.23398324034339	-3.832950604094093
-66.82749529307262	-7.878388715029156
-199.39381199200835	2.1359689646099556
-209.4050075004443	-0.12876025969929947
102.31867970840054	1.6466426772228628
84.00779528975173	1.4688144487653336
46.5705386409029	1.4660313887188097
-68.18542080206112	-7.297033829912512
59.23624062049214	4.082791289384162
30.34822615679518	-4.732475983230193
60.26703138476772	16.253186506317963
-20.765293190818817	-17.041757099928926
-35.7231813426892	6.8942068825999
142.7352735224359	5.254406483606172
10.700940970994353	1.6767752451738163
35.99230724647723	-5.2074223800538295
-16.49783618831589	-5.178792899059759
21.225957157183995	4.261659537580687
40.63586973029801	0.4290963313972271
-132.1644331315028	-14.647356958840234
129.01650375290797	-96.89916452171632
98.60665103821557	-2.0819873841523155
15.548398476614937	16.625098856953834
-71.3091127130331	117.67920853865601
71.54821845889145	-6.544879482427153
