x1	x2	x3	x4	x5	x6	response	response+gaussian	response+slash
1.7655080662418712	-3.519661806016808	-2.234057770341995	-4.103352775002157	-3.7168112246237293	-4.006361288261788	-54.52507865053766	248.4027668830299	-48.824272332559666
4.950374659100483	-4.658570112347341	-1.6012425864525937	-3.262998949400555	-0.460930766601642	2.120604661977482	1.8744323835426309	39.773798601017766	-7.543946379150304
-3.851831611799069	3.3277560039761536	3.968077905295818	0.5383528518394591	2.337605884670234	-2.7561140610418446	0.7551608891891995	69.4870919064621	1.743468703346184
-4.770954590928741	1.9400085228344146	-4.950357221169812	-4.886266555528315	1.3165540256005928	-3.7376742156643648	1.975054574992611	-59.334792478680335	-22.994382953356112
3.483081192980526	1.2658589730090677	0.972560063550576	0.33001140599740175	2.585031329541131	1.593794261116095	0.5080802508375176	-6.741413247778115	9.63143621865235
-2.367233600053006	4.313619965704445	-2.2830116076544593	-1.973226874137457	-1.7057694433276884	3.2814899267968016	8.81578666353368	84.4406817106686	21.038516342942152
4.942371702766856	4.196337685538337	-0.5995373706093741	0.3584810302054162	3.431192855392686	3.2500589091429806	-5.661366968954848	54.190921585857126	-1.3814076997366111
4.77971522645182	1.646840366676531	3.948219892401683	-1.8125700856958238	-4.825871316929052	0.7696162516424687	0.5874797811440188	-143.69017120110055	32.20887737269437
1.4242145241589501	3.57931945247679	4.961838494121034	2.6646083238324003	0.20551420287864186	-4.918792628689826	-1.3643197337853947	102.48201012098104	2.25265260881029
-0.6988860799954892	2.086919824800516	-2.2645583410618464	-0.23825748370668176	4.115042642598073	2.1707645352393756	-2.8063993356619106	83.32519634711954	-1.3015495808690465
-3.8582802548926165	-4.0579987531013035	2.0872356864969586	2.3562499701872675	1.4872820341451467	-4.022856501513926	-7.103884347763704	-90.3926038198833	230.28685683721326
0.1534748387900473	3.0044380342019448	-2.7124376729901933	-0.7889991798651792	-2.1488201731951326	-3.8959281239384813	47.67095562112795	25.110610904609192	41.66937669157587
2.3055586894213427	-4.804549745520878	1.3280273951143196	-2.384081261115636	2.6066649749802826	-0.8097365778157837	-7.896224857417057	-60.6853338469144	0.8231597553472465
4.813005435304397	-2.7942245374127452	4.388466769190403	2.9454423756357064	-0.08236217101771182	-4.615255117214112	-0.14811742894280847	-113.26360925696098	10.102103494268247
-2.8035966599174467	3.8168863865645086	3.26207100736168	-3.5945167513064327	-3.2055983863735227	4.377558651280346	-21.05144369800623	219.00430606652307	-12.43458094403567
4.610165896067084	-2.344314927062243	3.1802851041773437	2.86015249499369	0.9496896466096283	2.7451600631945237	-1.1922625666807045	250.46766245281125	4.492450067075382
2.0189723245638627	2.003583645637982	-3.231841895093063	-3.999572071904515	-2.887825666341465	0.17446195492811256	-0.6187457651475129	59.74344369350639	-5.518560775501167
-2.8481697376912782	0.660837273045777	-2.5684885091488843	3.996027934525257	-1.7251884012465757	1.7127937765689705	-1.0666480827426308	-10.952792153846902	-21.309695447919523
4.712665970497747	-3.8591376569921874	-0.652826616928083	-2.9962379963066397	-3.3586052248621776	-4.569988929547638	-57.686763439423395	284.9390858865846	-57.134355248148125
1.1554514139891996	-2.954723029878583	-3.742072093497708	-1.070010374992496	-1.0441622989326458	4.7442891652920665	3.6222638951066553	-45.04578741730561	2.5046786006707364
0.3644826112190156	-2.64953586934947	1.6698335225650656	1.1947363483176598	-1.558678432566587	-4.280766450843856	-34.70323421491301	115.36168706887426	-47.81081899035169
-4.915913356468726	2.6163207247785714	-1.1400029566268302	1.0474609911893804	4.0705837189732925	-3.454958856845838	-6.8773038628577545	-381.0584192138723	-11.071429748973642
1.0281116728614261	-2.503061041198509	-2.2796709259519377	2.4601133903379537	0.5081443921968436	-2.5775081710620307	-3.4411317680125744	290.9836818204019	-1.3628251440756647
1.7230882609799085	3.1744896348338525	-0.8764192077295494	3.5864550546838423	4.327728263307225	-1.4787395851524918	48.2471404028151	70.17707633278619	48.60202080558102
3.598798790028656	3.8284925393878932	-4.217852706791673	2.1358095621516284	4.374859288783544	4.522846760498588	-10.659021029583254	170.13596304322803	-31.44717727297877
-3.721273399222551	-4.536336903098977	0.9015565999134338	3.266440219331022	4.12070256695452	0.5165543946040199	9.401188677413165	-87.34159707579578	-2.8852167630792493
0.9267836633177131	4.415078657389838	4.0768039868037	4.354305658118671	-0.9125237603414549	3.321329967032158	-15.42110029432642	177.09039074771124	-2.892551588466052
-4.294047204993926	3.7877067793688326	4.452095008126717	-3.57351353938136	2.8107808783403705	-1.6223583007290987	-3.2286005075361217	452.99332945393644	4.180234512494712
-2.427184861433199	4.720342180313695	-1.8818295354747105	3.4483042388437504	-4.923707703825339	-2.493654613539058	43.75467745885853	-82.45944850479862	44.599403514107735
1.786974614600676	2.5374098627291755	3.8550757406947618	1.896017169814531	-1.5924700550041582	0.473897016279369	-0.5270318240684426	-120.43026391399997	5.647591927453908
-2.4825503924049084	1.005351500165892	4.784528265979791	4.1036874253126	4.911673548819479	0.4372447032183393	-0.7459488649162991	-269.0264761901203	-160.38031219713199
-0.01573816811979256	-2.423349909542354	4.261313584300515	-1.6921751285109776	-0.12078182615968469	3.062995947270416	22.620998626362542	191.6647659665417	29.481003347349713
-3.2684594614271267	-1.1891147767923238	0.7374434374931846	-4.21509470807851	0.09198999047963241	3.11345025610186	-0.5955823244888706	57.112610832126705	3.632801875841899
0.28105711483759155	4.329270756207414	-3.4500261178112934	4.236832515607421	0.07774267941871749	3.3500129340032565	-4.926574629996187	-11.827973253307835	-21.84904302423844
-1.201465000505022	4.501366141049267	0.13100395123921516	-4.026491086767086	4.857047260129054	-4.900668335252464	-2740.9631953882326	-2545.7137739068366	-2723.1873797529124
-4.9005800119368885	-2.5117534185220745	-4.622239542552762	-2.590585778228424	1.7020899208879339	0.22990334232104814	0.11240945214718119	0.44288943421052773	-6.131932426293393
-3.2501089507492154	4.777364531200293	-1.4430898224623623	1.9656132758151266	-0.4464292444242526	1.6613633526124651	-1.4849520722308522	-56.50798445945678	15.577948878293663
2.950280251371912	-3.463717684982899	4.699159187319559	4.276913981218719	3.851288230911342	-3.966628426742902	16.32364403238716	-85.49082684192251	13.301277226442268
-1.066863536057907	3.174918771730944	-3.139624484895527	-1.6333397421558296	-2.7000085387765416	3.5479221577694524	14.830704756290018	-23.575431517294447	4.554410071348613
4.7219378892890305	2.722070385249003	2.6202240721998393	3.483331163879047	-3.4677273235239925	-1.8862833841467208	5.012879822418953	-69.29674652445918	4.575461621076714
1.0777874540718404	3.868752606876477	-0.1612687574138194	-2.998078650022281	-1.394008763271711	-3.7965844576002827	353.17437601335547	387.21485128256353	363.9277603218028
2.452893898564663	-3.2209856723933705	4.919100824025723	-3.8190297174298293	4.9900347096828686	-3.182684883157698	-16.19103276273602	76.63478115742504	-18.78415455650714
0.7575587588003998	1.5827944394006845	0.8990964295517623	-2.2712307938866596	-0.8020315635882582	2.7572502127336582	11.671611569304387	-28.92025651256332	-3.3369764909944912
-1.9381482335031675	2.5032974763619107	3.7246753240795236	2.7591775461272015	4.916876628217558	-3.7270163563475367	17.533447094229377	165.6900711375199	4.913942462709658
4.167987566820173	2.0852305627744485	4.503416543059055	2.591814748768919	-3.4152159325532807	-0.1355103152137822	0.13325393059683588	105.26037294293121	-3.250366011090559
1.822180629099428	-0.6742420533405991	4.690451449908103	-0.6498806852086405	3.4745493186842697	-3.4844572008289463	-0.6206932332515427	104.90468061326163	-7.677689122392265
-1.4531932300641213	0.6066587323042167	3.6686346321822825	1.9045901109073196	0.8688572111721102	-2.601131861503587	0.4898114460105271	-329.5790527667227	-1.8339878343310008
-2.6299112931280155	-2.782888895812925	2.5339537832029313	-1.5381203758977522	-0.37249514098828485	-0.27352302936936823	-0.06544265549076964	-142.83444445071137	-1.4163604560392034
-3.3399006378620113	-4.431273230619014	-0.08329000559146671	-0.8284645816240417	4.9658769039166994	2.1101619605510304	138.28904494934267	200.28968757035295	133.64040704711599
1.7252033638493325	-0.34136822134689915	1.0326590964357365	-3.7370103922592435	0.5374442027883166	-0.1703297581533345	-0.06555020226183479	272.491786724718	-9.982154800025311
2.56047515614282	2.2469789088116094	-2.1163512268147278	2.281625116197338	-1.2578967622403656	1.6567467364616517	1.971678484560914	-155.02762930769327	-2.409290478796981
-4.820790502906885	4.990494860885903	-0.5243345858039552	4.403824103160561	-1.291202677336475	3.3227679892343644	-37.302784265039875	341.33326403118787	-35.7180817386737
0.29420628093127643	-4.584546172103846	-3.70133026603493	1.110044982554811	0.6114326669097716	-1.0895052419541429	-3.1131863142578893	-27.653611539073168	16.46487267365778
-3.0273460647126917	3.2175457236835605	3.16600632232732	-3.190870662063933	-2.7982724730187494	0.05480142541199129	-0.16426382683316032	-149.7602941880133	15.984216122847648
-0.6075298578354449	1.6319098576407898	1.2340783374310753	-3.443084518648669	-1.144892349662415	-2.8950034876508637	24.839751018333345	275.7532102799199	12.083827975082349
-1.568030175184921	4.307350495017033	0.8517229750373501	1.6122770912878845	-2.456302478851674	-4.321718701168891	-55.19954005822562	-206.45202166125506	-55.93752086950068
2.8275439958649153	0.621379274037893	-3.596624607850715	3.132126686808082	3.335147948093253	4.259420900373081	-2.7186748047858336	-171.44697652152936	-10.517625269099273
-4.321763654447839	-4.8420419443573195	-3.0654872451591575	-4.674334730542845	-3.027402058105275	2.7090512274205114	-14.01119409766607	267.44672265826637	33.443281677842954
4.648001869594374	1.202083741400184	-1.1504195085158244	-3.5370622477072233	-3.631705742725745	0.35914909165630426	-1.037147009444766	343.7899182377073	-28.37808344376649
-0.8538639776867418	-4.2571216363610525	0.9629694045140837	0.45301509147424035	-1.666117704350083	4.519768982994332	-17.662389788809435	57.39524663147925	-11.067600863305291
-4.272331593536105	0.3715681386188683	-3.382295921848698	-1.4439382075373688	-0.6895540211306859	3.010656650179362	0.07707970522286477	-90.53011458626611	-5.622576864285411
-3.0339750549647815	0.4583639523018066	1.2631404532118848	-0.9518569932215382	-2.6688838380887416	-3.8270443998320625	1.162817832298107	36.276186805079995	3.1168180787006934
-3.0287151413743976	4.5322407227512365	-2.055246453875119	-2.7114551110245633	-1.1277111007786358	-3.2880646000757476	-7.3203399254043315	175.36393157792313	-15.711034203835862
3.7639936596293992	-1.5968413979248242	3.5923242472050063	3.211111058093705	-2.106211822791032	-2.2328585503829923	-1.7834295342275859	85.57633512752061	-1.738217310184631
-0.08445188592068043	-0.6156646211308026	-0.8723881399513269	2.4318186115718685	4.345003428345738	-2.50891933215194	221.53027773747337	292.14750566584416	223.19245502041974
-4.375767867836045	-3.786546873941611	-0.5772624575794403	-0.8135075032838559	-2.8218025978927264	-0.07529409737136206	0.25909848392739004	-320.57813285200433	3.004606089296463
4.947383723837859	-0.24936253531362773	0.5435847270469623	-1.4691119744720096	3.760652246342337	-1.535500558654622	-0.7866044801892124	133.1816599553313	6.136750956286776
-4.165014456327234	-0.8441300643316749	1.8698847084942107	4.589811277462026	-2.8433249183600315	-2.807408930999081	3.971046952651322	0.5428921642344711	4.8967378146476435
-2.6679777361770087	2.5211462317316027	-2.6996436355058453	-4.834307291156214	3.545047652084776	2.8525153910687253	-17.111722253737483	31.645159325813943	42.900402456875334
4.603825129695114	0.4488736473102328	0.37615962603344677	-1.6629497630473455	-0.12264435744792213	3.4571479617076104	0.18275858177279014	-155.82316188689956	-43.55303717452489
0.9016426655639718	-4.982827780166521	2.6815584935354337	-2.485741698034263	2.4416011848471886	-0.8360168807640065	-10.456826913239537	176.59375692933415	-12.342935666095052
-0.8200824948772993	-4.761916755886313	-1.9565748116744541	0.088439913079287	-1.7088357036739943	3.9919486076125406	1.7904465358465371	167.74240717843116	-8.85483849147963
-1.398939196474661	-2.6268011476818334	-1.068900414375482	4.717333257770006	-3.607137906389327	-1.3771508708459868	-41.16536200282055	-63.12418171205394	-42.33152911068094
-1.2395687189288838	4.293540430779043	-2.020996095240154	0.4415811597484929	4.044642497651429	1.4624796206374775	4.476720431826871	-35.984845890899756	-22.074812757824915
-1.8798658336089757	1.021161933683798	0.9838628742743865	0.311783624259494	-3.3378433375473215	-2.541580036664034	-1.4603475628731752	106.74631314474821	-6.062824168180319
1.1851684550805865	3.3270679202857387	-2.822271847199167	4.720269881457089	-2.1733149384554307	-1.8957925739456796	-19.344746933935543	-11.504418857804618	-15.109139255875672
-0.4367375411149519	-3.964368166390625	4.502328688990037	-2.044903762174738	-1.2390636141835554	-3.5825620522145583	-18.301068961303905	-85.81931439595462	26.959324611212004
-4.26203714601543	-3.1545759388627506	-1.6916030749209554	2.0042323188561184	-3.2657854352195415	3.370586232044147	9.653091911580207	16.71943822378396	22.992094518082922
0.5145669789619269	-2.0402881097121783	0.018133561861902514	-3.1940787927308136	4.718156495685708	-3.2201216516406683	-10611.009748190938	-10713.41162617908	-10602.053746866823
-1.6246569811885294	0.6600486556889331	1.306186094512137	-2.9687034734916073	-3.3137266750495895	-4.384844784575344	13.416738121813005	-31.123612562708864	11.290601463746311
1.9530305296032129	-0.21971059403731097	0.10453114344104453	4.255659236395209	-4.113800177174012	-3.72827711915643	-70.24484985335555	97.15532867520612	-53.61494002946468
2.39240593560531	4.566759545846896	-2.10672948795113	-4.2226381302136	-3.832031471878289	-2.1730476016352274	31.860066062868707	188.46064715220132	39.92038953981229
-3.744910941851576	-3.042387494247799	-3.679829968567654	-0.7763200622316235	-2.1764305559733064	-0.4332138172007589	0.16159696695505918	-182.29154649365643	5.234111166972951
-1.087194759819873	-3.7111496780829336	3.058110495449334	-4.119146720059863	0.5251528740492972	1.0810489111676684	-2.610275208677507	117.3616339986929	-19.014946328655945
-4.007137225754175	2.837984155796544	-2.8334375116881896	-3.066163767378023	2.82777631407403	-3.444001807757272	7.463901209337966	-66.44218144620686	9.886607568394604
-2.3457922406239664	-0.4553894029411998	-1.880435648039378	0.6271745028671027	3.6576822877956374	-4.803914829689266	1.1376916528178447	-34.20833916427893	-106.81294491244877
-0.6055764878948446	-1.6102979155512411	-2.5089363515195497	-4.017487556508241	-0.5874514677297267	-2.7636194418623807	6.912773935595421	68.74529607975462	5.533095791493495
-0.8274725827091274	3.055367164642309	0.28518851194867967	-0.05499593800675484	-3.7264566061358018	4.108271291987377	-10.90093032630294	3.1689497404048907	1.8052303853356353
-4.821807119075773	4.001194159836325	3.6441435903787838	0.588531373656286	1.431695542352247	4.933274494570336	-0.9465419890781218	169.39261064459615	-193.88707080268864
-4.772301967371554	3.4527294030097746	3.583793131711948	3.7901058506683167	-3.13190389971294	3.676387676611494	8.809936192042144	54.65740066386653	19.475060101351964
-3.993225359114011	2.0666327509718023	-2.7358253610092973	-4.817186337853312	2.6476610436871546	-0.38178499198482374	0.9211403350891496	-74.01345238187427	-3.261793584683498
4.040696064708774	3.3737943520472147	-4.2894800572376095	2.403652578545607	3.282127815296107	2.02490631853765	-3.109495193207294	-131.6172071927054	-9.902922253516099
-3.973778792852362	-2.741866743298891	3.81492577243926	4.950767065767527	-4.673998358666239	0.3211661144574336	-1.3441487431532004	140.83947518676592	0.11750310788102847
2.0259870240820437	-3.449354371879031	4.668415880998875	4.230891276065265	-0.9306241999489355	-2.8875781024950475	-4.146403510920631	-228.85167927110987	-1.8244214039848492
3.8649431057077415	-3.255021850762594	-0.05960650887607333	4.582962592571111	3.9077339849283312	0.059664812774066434	15.097557885170529	246.29083508551733	17.277338829772926
3.0855086902425697	4.405562043028496	-1.8763226396167134	-4.227695315467031	-0.03138223556604025	2.980171942980002	-0.3008817937353734	41.93962414667438	-0.604514608507075
-1.9378280865916206	-4.8308709574622295	-3.6714391084950506	-1.6802760248097002	-3.0303070032627777	-1.6812520729092095	5.812647060954305	-217.23772703516937	3.8941559324743427
0.7397721806813546	3.5559263158686782	-2.8875564384465946	-1.6867443234452728	1.5273923118192547	-4.9095064797601236	-21.05532606021612	207.20488121380853	-71.34396024739732
-2.82091456510265	-1.0773812938494318	0.0901289514767516	-2.607152774271364	2.5287490924941896	4.914365904655302	-137.29505291598858	-105.10728770193975	-128.70097183714842
-2.7513987790014696	0.7129042801388579	4.145221296152247	4.3394215110117145	-0.6361421025280514	-3.6923550145710173	-0.6371172881900684	41.87079266390619	-19.22181656189057
1.816415887487417	1.196249622161222	2.6602130348229283	-3.8272665979405995	3.278933816090449	-4.940687832619714	15.349664420491905	67.90621033021768	11.92106728193599
-2.561505233764918	0.7255415512177361	3.8507239651382186	1.4941642559496895	-1.3197432332250125	-1.5964969720201525	-0.23156906370981598	42.294775825602194	0.06091272783468585
0.4205569841133965	3.3803420826584105	-4.079545316607	-4.278193866026579	-0.4287710615754179	-1.3754721164309878	4.971205983950384	52.57444652760488	8.234676611068512
3.2055425234004336	4.977004884252391	2.08411447686966	4.170300643405561	-0.5440995935977142	-0.5117810309543991	0.865117118259916	-165.9318997316635	-0.5746983231037366
-4.894106619708792	-0.3028854780287755	0.615950625352025	3.0351547794344054	-1.1460267680767977	-3.050030826406763	1.0659552135702681	-131.74079725632163	19.2002505819349
-2.3977180579025847	0.9822728628231028	-3.1046581728299727	2.2525696324697195	-1.7504533012827448	-4.529004710177933	2.356414940342345	55.30691410971719	-2.6833334659765753
-2.245723686407107	0.4305985584230534	-2.7941455593372897	-3.98307186811404	0.8875493226194688	-1.8919468030532514	0.4589726275500159	108.23247343578792	-14.198704277590142
-4.956165861748683	-0.1333445873653183	1.9114658858514897	3.1384234207891897	-3.2695067631434704	3.5487304783740363	-0.512542403315779	-116.35972072473488	0.5960474180776858
0.37327701680617587	4.793826251250405	0.038456424470990846	-1.803919376589037	-1.6697898753425457	-3.740976758478384	-3763.102890226614	-3972.9312902265233	-3762.187497115519
-3.516887272383048	-3.577893849170324	-0.4674319232174753	-3.0364072243398708	0.9346634529456734	-2.1996545296730705	-13.586900315818998	83.2523565068491	-8.917931911956257
-2.8969547428631657	-2.6656539327941022	1.1810062432438775	3.3276459458040577	2.2626151136036308	2.6614072404249187	15.612375658500728	253.40779748471175	11.48832505498545
-4.593148547985216	-3.356636591404607	-2.1259533655056098	-4.054793536685311	3.806415612943514	1.232192473990458	6.537378089753334	30.950525068826394	7.931015311785179
-1.6426885873382546	1.8279641020957902	0.36149101979680687	-1.6441973451045944	1.8768402495886303	-4.987932380500349	-47.38236329416966	-66.70194761502535	-47.11929073337477
2.193645868296688	0.0385394894592439	1.608801569124294	-3.070921866953605	-3.161243343484732	-4.9249765644560775	-0.5221169838528531	-67.43298303404988	-5.280510849179974
0.3672671904395841	3.8469235116098695	2.2940363931401286	3.732559419391343	-3.098660879012358	-1.9108295357069705	100.9099149299282	273.89481883804336	88.83294415045273
0.7521667350715076	-1.411151536903926	2.771014601272385	1.5890916978377332	4.564100163626058	4.775569606518554	-23.450387383581248	118.61958945185279	-28.449285037986176
-4.132232696826498	-2.387427870265646	2.16155078766241	2.7909791093598653	0.36652526983645384	2.157730343878362	0.5899805880768715	293.8486643861555	0.39253200644431674
2.4221446966292435	0.9997510919874699	3.1789352090458642	1.2754558941027287	-1.7253470231328794	2.955867544889803	-0.8445726233138842	143.68617890644185	2.16197823708474
3.823496506876907	4.353890278020993	4.218687616865511	-3.235569623650446	-1.9636405521949585	-3.7287867063518854	-6.394692975198565	75.34110909602103	-7.451278165639335
-2.1273127866093597	-0.15913680109609807	-4.582716806787184	3.244916937657095	2.665978747257377	2.6310380608999484	-0.3715383523771378	-171.12536308625093	-4.271291026224342
-2.0615532121136027	-1.8079162769612744	-2.6448471366058945	-0.8765616292352485	-0.76048143397463	1.4640117415249154	-0.32359277836597494	-120.0199229007364	20.707196844128365
-1.8280609747924315	0.3145590538985097	4.29058720426808	1.929853019040002	1.0992280722215675	-0.818688727536701	0.06965072388324618	157.80406773915897	-0.5898346709474439
-4.77474094835711	1.5577699098436053	-4.976165815713638	2.16928161287891	1.9294340864140374	3.878430386112873	1.0642913579257784	111.42593025115357	-1.6165203726454889
1.329049274924074	2.723277219204685	-4.683026056511096	3.01450091389537	1.8669894061742092	-3.033338825822003	7.469686818508682	214.4873754196731	-6.324151317691564
-2.868321880969792	-4.67888164222194	-4.809809432370427	0.278560063552896	2.5856864559976787	0.10615058886553985	-0.0259300542195089	129.74628658480356	3.575781286587025
0.42386191379008054	-3.7768871280920155	1.1776342000633546	-0.6146115613165284	-0.775342156847044	-3.9475047392141693	14.233640261344037	-63.94289326257757	22.037309113506417
-3.37041878378367	-0.8233676419022871	-1.101216552605937	-2.1644583805478854	-0.9600518683621235	-3.552027572644315	1.6374100926109334	5.228766426811268	-32.812746933158
3.9417051809128765	-0.8436386452166902	1.0703889707288639	-3.4906167501874075	-0.9863189735730371	-3.717576120776248	2.559234771749685	-5.3054215492562165	-31.92122434715573
-4.732262245505724	-4.626914582666171	3.6797915982993032	-4.280833868800968	1.467863942150304	0.40695535819733486	-0.6794545357027996	-80.47535114130416	-7.787294980233399
-1.8799051320846139	1.148254240600516	1.636483382757465	0.46658921006815657	-0.5450132288544571	-0.11079346308103233	-0.01051589878545068	-188.49545770654515	-3.0733651775035833
4.472663495239145	3.6154568652921064	0.3328016406876486	-1.770830483836907	3.6339755785818664	-3.471087341177732	54.25453387087123	123.66878244060537	53.294554052852135
4.991139136582905	4.233208538051398	1.5379426411498915	4.726652605028395	3.130356040270316	-0.022440025622559645	-0.18310517427015235	-325.3231658203244	25.985246610378233
-4.6473642059462605	-3.1104616524864745	-1.372880469214076	2.540864748852406	3.009979223855778	-0.3094602985438861	1.1538129317116537	82.77867065297275	-11.123152298874682
-1.632135995388687	4.543484516669375	4.858521421670572	1.8058683239345186	-3.7035467466543515	0.542579058570035	2.079196456232203	132.29366249111138	-35.21619903833071
0.9181376233976657	-2.9287906198988956	-0.8526992209831477	-4.8293009554987965	4.607328769121203	-2.890715524727989	240.61544657386577	414.1044912463186	240.03590193317626
3.2746512520873416	2.5482319907916278	1.2844874905415073	3.1788057906243257	-3.509315010220261	4.205111173614915	-28.41893909320648	-449.19807728328044	-33.460668210341765
3.9777039350646	-4.518788726522766	4.889554437657171	4.5147792260271995	-0.7266133859009996	-4.289602217398292	-3.2694690418126955	171.70625220523704	-1.7543205080825235
2.2614205192759664	-1.5265241690361844	3.492177709334138	-4.758002105985739	-1.1099964646722271	-3.449504989543395	3.5215107893798097	121.83568283285223	17.99398707614092
3.0013443609880746	-2.9674263469678963	-2.720877815115422	-4.709859951380286	2.7960332076666496	4.035429000162276	-19.31057077504936	-101.09461767767475	-15.031332724063866
4.668145726632456	0.3636742971836622	4.327473374677508	0.738571305619411	-3.9267673813348547	0.8496549919504464	-0.04436127476587932	185.05098334485993	20.858360153449635
-3.035577710122749	-2.7083215603163824	-2.9693076490769266	-0.3363948805924295	-2.5551533573554677	-2.3872414656978846	0.6165472617078767	227.6153318048112	13.55242826254997
2.2207476167465305	-4.736937283209025	-1.7919606029265966	3.8515173067018047	4.714439291990365	4.021623924267706	86.92272441575147	61.826097458271036	87.56111616588251
-1.4069309658998863	-0.3647270346501328	0.7133598140528967	0.9956723401415761	2.547670272439561	3.6345906901072382	3.350438872646826	258.1248192003525	9.610487525951294
-3.6586382878614367	-0.7999333666291655	2.712378406953926	3.1596364450061323	-3.700666144498711	3.9641387070517915	-3.736370399760935	-97.587896791809	9.996752941287811
3.527922487552292	4.734572698689618	-0.9914024844320579	-0.5430729588302743	-4.64041379516239	4.896155716676571	-16.702514648222383	-139.36315151689448	-4.992504641761119
-0.7545755160813066	-0.9493448165143583	-2.459544686736935	-0.1759859901910339	-2.7913697651184446	-0.16596326718748333	0.04170364341687781	82.97800810026034	15.011834159273697
0.7061724196409269	-3.166079327130765	2.46415362153932	4.292072391228048	-2.1729827272811333	4.251696523693303	72.14875337066837	-187.43996696875945	69.02044758188755
2.274984903006022	-1.063422835943645	-1.0611544890683744	-1.2657847703640601	-3.5482463815009426	0.5017578673892311	0.9926969165022398	230.83242150148044	-2.2276909990353606
-3.267393245110517	0.7153019941000842	-4.951250682023862	-4.788261989641155	-1.1171182148153869	-0.6718491578777952	-0.15889927976789153	-193.03346660035967	-1.3596641557398161
0.9820928196936931	-4.417995037205831	-1.7209321740322725	-2.107786684751246	-3.038767152737152	2.2343322042234126	37.40940139662294	15.312044717734818	38.77795918065658
4.168554602673844	-0.14866400465845686	-4.998103341611894	-4.715191281471302	-4.370568970924009	2.9112567513718357	0.42808785192784266	-64.21827458293825	8.008948989059132
-2.7719251934346656	1.0071836305572592	3.760966797365402	-3.951604958457209	-1.327427246155004	4.67881636437707	-2.3710892583010614	147.8103432369971	0.030471691809695223
0.5133164505459913	0.04819969097260923	-3.6498828325500488	-0.21590500660840561	0.17359958339164727	-2.7198519953472875	-0.0026226287150317457	-22.817664049737058	-10.716817404801942
4.003956723133268	-2.9197312371877393	4.183706533525143	0.5278151178632209	-1.3836495749928677	4.4232147294492545	0.563038705051697	297.964563194321	0.5877175860405297
1.1858905138810236	3.8662634565638765	3.0252884509833127	-0.2942579931042584	1.9754049486009322	0.8153270085422211	-0.510735793326794	54.30725192341664	6.050653787902932
-1.195751651515554	4.778607874206164	3.3851495188924527	-3.7038019025932076	4.938733218169345	-2.1954953238158357	-47.41092002503508	45.03802411910716	-42.59379686987066
-3.964508539111693	-0.7199532696016808	0.7728036498166126	-4.8621489774695235	-1.6468686748240047	2.441235070070496	4.593488326221949	121.28912600085224	10.982245909570116
-3.79924219518497	1.5283007785635405	3.2960870916147176	3.614015916898037	-1.8564260399828791	-0.786541847809012	-0.6440249946215506	-130.01968895334215	15.753897261822482
4.817571868898355	1.400432778465433	-0.02332231726387768	2.2963724664980205	-1.7402580276605804	3.888465372703406	193.68526351661356	16.62938952102087	190.53424812611397
-0.23494456173549239	2.695952907464493	2.589003800305292	-4.8867024936084835	3.9136829545247753	-2.086464985694516	-176.85887506430203	-66.1898864621182	-174.6026345601428
2.6677556449874897	-1.3690956327096915	-4.844307117892717	-1.123602089070208	-3.3968376577560333	1.3719930221155385	0.5547474326438935	-69.19719727287955	2.2844046965569937
-2.3223386858424453	-1.8008850588026193	-3.37825369634549	3.8056524777168086	-2.379159689140703	-4.6538036718510245	-9.672282118698185	-112.7045760309563	-21.476398370161263
1.8892950368953985	4.36589785781759	4.199124569244773	-4.615434966706276	-1.7712205980853657	-2.9193738215563005	-13.133788800240401	-0.151119628525068	-13.354071793532514
-4.761016203664035	2.2819748377133884	2.7846864191226226	1.3913232254932462	1.0735560311277084	-3.9624293488764395	1.0187067357107065	-211.9554152935547	-54.88775138518414
1.340367427722187	2.263192860397276	2.4125405875089534	-4.676638333267022	2.2157121193601927	-3.140792898651412	22.777680092450183	154.06728686662336	20.62917033118559
1.0614889637257683	3.770453997770275	3.455655218447248	1.287904402670721	-2.8214557084270133	-1.4485243757252309	5.41041316286037	35.88180150729685	35.63001569907522
-0.6342672361016097	-2.7664094887651713	3.133627809404757	4.4906967691422945	-1.6408984994517137	3.6389236496063777	-37.322022205554106	-99.82580929863023	-34.05881700113349
1.9745321696591223	-4.4240680302804645	-3.4498577500064265	3.0336969880834577	-1.9936723273194734	-1.548613852104955	6.083107841841752	-38.48495856926418	2.665776428577649
0.5629706538932391	-4.410044455873705	-1.945056211852462	-0.7618163437543677	-1.3811196088709963	-3.4675816718377406	-14.693773107363748	-37.81964963911568	-15.147560033185586
4.612741321337538	-4.140597449172034	1.1249466518308342	4.1444953014777965	-3.746655672900663	2.939007139170318	36.41564923647098	39.43964096663787	38.11593298741606
0.7067256274446603	-3.7159709672765806	-3.545051335763978	-4.700842406944712	-3.0888192816680613	3.0592072369066425	65.8834045111225	186.1854456757074	55.92868625191622
-0.714212029257693	-0.9020535535198482	2.65167727511976	2.1139317423001973	-0.7176209170256751	-3.270303121021698	2.3629718731289198	-8.782139067141719	-5.2539284509620785
-2.1249137820753514	0.8332449177909762	3.2906290935947204	2.752528054042055	0.9017408490581138	-3.296744024282412	0.9751044815013213	-305.1355076163146	24.560287747775707
4.041840906127863	3.3129798831539166	-0.5778052215654768	3.046327371335737	-1.1999026622856626	0.8050579531466315	4.174532591009165	0.7330766173539165	-11.244833926495861
1.2304313715838475	2.4011149397650566	1.5444707129112931	-1.1688522687088678	-0.5686182766701826	3.92838209286651	3.2989067428522265	115.8894470158563	-0.8380803252636602
3.8389470513715125	-0.07518513151432593	-1.9186976844610184	4.3973366866264545	-2.205088534926923	-0.049404906722053	0.0048898903884637464	-15.523834117456685	-26.561148971718406
2.0027789115024603	4.543567276142536	4.345495620011693	-1.3865483152323188	-1.1381834898993013	3.888482357136473	3.2037016030883128	-44.56819550673794	-7.328860939434051
1.428037443781256	-4.90934605626773	2.5026817946859348	-2.5285120404644514	-0.3896387656880531	1.4414164323701018	-1.950720601564779	283.89288897982095	-5.019446986742187
4.006870606517497	-2.630038248011565	-2.8014659782658224	4.154705178461935	0.9757687158349784	0.3684154547561169	0.34994221409971854	83.47633356017442	-2.897629978667021
2.9282132105865433	-4.036792502064628	-3.867714069690802	0.6870609806195578	1.9686468944936832	-4.1184702088648635	-1.9855389475166327	283.1564744681963	-15.355906276824838
3.494940525266985	3.2913258695612786	0.15784786703780895	-4.680726707277671	4.098575603496453	-1.022306601526041	117.00913711256204	101.64149247922681	118.62653708177056
2.139412005024167	2.0747110536921864	3.5190950361171502	-2.8324337284387613	1.3859021025317837	2.0323705230794467	-2.198504683709255	-80.06000854445385	3.7008809768585453
0.3053042651776039	-3.8603137273104524	3.9706808599408365	0.4679018634915071	-2.1708501651689636	3.2929654221460307	10.651150993493651	-17.787404692649186	3.0967194026104305
3.389516712819466	1.0061930094850329	2.0363512425940318	-0.04458300538770743	0.735251204851858	0.4837672851104733	-0.0023117049775676175	-134.1007286739717	2.699374644073863
4.112622529322813	-3.7588018508094576	3.0932628574818217	2.2340822927943638	0.17638716800831755	1.5066094165388568	-0.1754205976464811	22.998711638727723	-160.4684475040501
3.152416788722258	-1.3555813895376199	-0.2329149947391258	-4.932782469155988	4.715644234060033	-3.774363182983701	162.091858371411	-136.34362914997465	178.16467047072035
1.118883163680823	0.012104950654951097	2.046248345312634	2.8911471025049815	3.992800549591646	0.1875670138004013	0.011447857463210368	9.02633509621485	-7.726480415725699
-4.199515129123749	-2.3409752567225306	0.18595581024068508	-3.2785816629818587	4.673919745137956	-2.4287272223735767	111.56652797881378	19.142005269039117	114.71715993431897
-2.255139811754079	-4.1796159693474335	-0.171479466069834	-4.733179015907326	-2.619630222548366	3.996893538116348	-535.6317206089823	-517.2953812443753	-523.1849421450588
-1.3306108636804637	3.34992048980334	-1.3848738714369944	0.3679102944646804	-4.395501183500693	-1.5368241777204439	4.518015728287848	18.979351141991682	3.7063101330281585
-1.2099963576513817	-1.7827299606202365	0.04774925129285901	-1.195465426202408	0.2142993239292874	-0.3756821235257801	2.9697048316849344	-128.67700251641946	15.542068529118614
-3.8848919325033004	3.720128625584648	-0.5349055592478553	-2.3645274455141263	4.2155604975404515	2.959945428073527	-52.81840616725645	142.96140147942296	-44.414761308215446
-1.8755793842115476	0.19166542549410437	2.0530411957893158	-3.79911994367089	-3.9114254017308325	-1.176562977461515	0.8702497328210926	131.99616114471644	-9.575532243618499
1.4324760174235083	0.5218002632777061	-3.0078816272993967	2.986797136699191	-2.2974878031490475	4.657834871530973	3.8707865381544555	376.6374611147898	6.471957176679428
0.25981030478230505	-2.1632141785453562	0.6694749429846247	4.066171024433952	-4.167082479468642	-0.7780024382309936	-163.94852634925635	-67.77721811771495	-183.47824749874314
-0.6184672944483509	0.10322789324832371	-4.287943754865067	4.73216381804167	-1.690986596675593	-0.056849553903054684	0.017707540451987913	295.6809606059285	-15.56704126405239
1.1169186366172354	3.7422112172864246	-0.863734249094934	1.2601445740479704	-4.716060897224807	2.5700469124994596	59.247147666390795	-136.39193570348357	62.823812702059776
0.6324077967907744	-2.847747547633086	-0.29383673141287403	3.101644479206719	-1.117233077697671	2.3017508980124592	-122.2340802972699	78.34594222225208	-158.28337417686373
-4.034718007648362	4.535838646638009	1.5397605561359606	0.9474228691196114	-3.786004731726794	-1.7374413542090918	-4.550157089766288	-300.21420682215506	-2.3896378422218425
2.691424386106725	0.8865424775679926	2.8375806734016615	-4.687936074157891	-0.5522546224283538	-4.570519390838141	-1.3735856494133072	-32.410776699498456	4.518863970255974
1.8567315446763075	4.299068751091381	-2.5905863009151853	-3.0025724879596605	-4.770551903032073	-4.665524799444261	59.729631914289676	-277.5835827214066	63.707920951450106
-0.1894428500117895	1.8837959682190943	4.367955975226813	1.9887588740288589	4.316475653798676	-4.407544669133556	86.13616670902705	77.2259220192809	92.66109554917273
0.9073355295807852	-0.935119470152852	2.209347653087881	2.121021349587828	1.0457474206144717	-1.3250727414500019	1.3710291367188727	-8.947539158748667	5.546262716903244
-2.9906663760245022	-1.4249977183576181	-3.378156099284546	0.9135093943677752	3.4554518881687297	-1.421313505716725	0.6328113186116633	9.475634371716415	3.60481645564799
-0.49684613120532006	-1.7177248063456552	3.210060209601151	4.091228101545685	-4.170059154774903	4.94372635181826	-90.83826478571191	-268.34342527774265	-52.62744817788094
0.6527229065596245	-4.558530265281054	3.1922276022523572	2.8688493179954344	0.6937059989694871	3.662616692981045	-15.946919385983353	-377.7971708474115	-150.28068432116436
-3.086608501076827	-3.00809420546849	0.6642837992392163	-2.462040788606359	1.2719314024741681	0.5970515213621805	-2.7430073216617936	-105.90514626457727	13.20677412223706
0.030505388334574945	0.16141049317973888	-2.2862823007477173	0.3352812550473008	4.929013595051972	-3.728284801906411	14.259481112381518	-149.14207022938683	3.6246681699624634
4.890230015157973	-2.493470241470148	-0.6620318214216825	2.136753774212049	4.704000429241267	-1.4594208334728664	-11.29791782755822	-34.078487572856375	-10.35171175800539
1.073074166432388	4.344448145637427	4.450678007697386	2.9717599989790253	-1.261828035953545	2.4993569688694777	-8.5255203673307	-25.74720117611522	-5.744916466459028
-2.3821682624683183	1.626252833563818	-4.738203843350879	3.529120236910485	4.93381786994123	1.2271337455589482	3.078529780402013	-82.16954990549334	53.36640077756137
4.71556798177312	2.0724934100683328	2.8557353685179603	4.171127041775124	1.7372324430904733	2.2507912471979816	2.5100811030324115	-111.76360138975686	6.83762967926638
-1.156300584739982	3.8423630592272033	-2.9293885125607755	1.0171405047256457	1.4893650920972235	-3.497734887071733	-6.010625748070896	-184.6264174748757	-9.614264035449812
-1.5133069472163587	2.233010765616548	-1.1501648475169155	0.531014170180848	3.6645294007906646	3.6390818706596235	9.08489365735105	6.155670120523039	2.1589833090772714
0.18379303803308655	2.5948745709316325	0.4875747385349536	-4.032421608782494	4.694900227046901	-1.8250141406581113	1000.4713386397905	785.4506322760185	1007.4494127134893
0.650539192588047	4.585776720518528	-4.141797536646759	0.817059276632782	4.473796375168654	-0.7345208995380261	4.569666537200594	79.43644752969318	25.811652832547647
1.438495103691107	0.4477404867625552	-1.6131707028776896	-3.059186308157532	-2.5947046048599676	-3.847766622804716	5.8930513509431535	281.0547919058645	-0.5028121211399474
1.6691539057921245	-4.353191231375517	-1.3927222736024083	2.919103478384244	-4.273383860044925	-4.77623855776776	111.57175064373546	275.9150455877598	-152.22926753646283
0.2897290555931722	-4.9679905271524305	-2.5670943749639097	1.8275005435980347	2.321781763287288	1.0244420534420264	29.034421791661128	176.1653347264444	31.040879925519565
-2.119412456622578	-1.1967758064728007	2.3458927783224883	-3.587628496101025	-0.7370970551920397	-3.939334658976208	-2.507518687724616	-19.73640338039974	3.123558835634886
4.970230279873187	0.7810380353730846	-4.452953369329553	3.7309211749830453	1.5953393972556684	-4.774051737410943	1.0027757221845366	195.72146376116808	9.67860231324486
-2.8984236880801992	3.590360660991161	-0.5003383280983522	4.634462771806193	-4.49493050656579	3.5045967337411525	-180.74773545229192	110.58047198538895	-183.25894807206387
-0.595819492561076	-3.1568039789914293	2.3900904545536186	-4.024402953576223	-2.1053248104762092	-2.6822285348178387	-50.377303371012886	225.15594683086147	-50.705665365338426
-4.63401395079738	1.7675761137726456	4.800762037807111	3.6753064031756075	4.815981681663461	3.5423967559261804	-4.981798833687997	26.73602785540249	-35.199199193249584
-4.085888233558083	-0.8936723037027985	-2.3214989956046272	2.452781345686862	-1.7260714333742433	-2.4483508899076	-0.97659517693425	-11.70858360507689	-4.832676841950831
-1.800411642461004	2.721717323967937	-1.3440175223382478	-3.648932231778863	1.0827624871793384	-4.620985723533862	20.53524552084033	87.32624920039454	31.188910320636683
-4.127806807789415	4.0045642102559516	-0.535412202829284	2.531050483360687	4.020956390687756	1.6730233269803847	30.85174977853718	-3.6556682118526247	39.976043219601166
-1.291304213168849	-2.192674124617644	-3.075878237844015	-2.9056848309300776	-2.862046985678596	-3.0424872263106364	13.967877356237482	34.545338768176826	2.6597310188753642
3.6447191652168147	-1.2980910192687656	-3.486089416262723	4.9652793666978425	1.200245367951597	-4.092984085979346	-2.492047613905848	76.45573544732419	-6.227775854842281
-1.6753604867940353	2.5002343618453358	3.369518562010086	-1.2584096809247027	-3.243504246137976	-4.953079411541024	8.953985988112407	106.96728182654354	4.820739220720417
3.8368151981306937	-3.641657710499154	-4.397682134635753	2.6298656020723987	-2.174794689728089	-0.7547553578219057	0.9316706816298691	178.5601964497705	0.6452573194413731
4.298016613824906	-3.303728601870456	-1.1582923781407573	4.435845742997948	-2.218539451004572	3.423008532225589	-22.35474125265327	-72.90871267291146	-14.944248664831207
-3.8099163684295934	-3.5169729553721507	-4.067977791587303	-0.517846510598039	4.502799631079588	-0.48732599140462707	-0.25785660708036773	-106.75635516269969	94.18636475787888
0.9760996119024359	-2.8706120092236165	-1.2981149894707578	-2.714947698949721	-4.566620779698876	0.37215911148562597	10.453272332012835	26.63887366523918	6.566218129533281
-3.4808821807481003	-1.1344818058745343	-1.0694353961095282	2.929573649083581	-4.010825183540535	-2.7574917468454796	-9.874293510630562	4.673447229436652	-18.02442269102832
-0.4762574374968578	1.713579705995004	-2.8249184536520575	-2.970404864258324	4.047515179099733	-3.358931685984329	51.435377116802684	180.53163541026277	30.069939293217093
-4.206492324159142	-4.750289078291443	2.4484782647432475	-1.2708955921174292	1.3781480129944859	-3.8765214597097755	3.131494221680232	-33.29352061367397	-0.8129297305736021
3.062579974784768	3.6305717837872447	4.15264127432749	-3.230086011618767	-0.6396537444168136	-2.9648972216995384	-1.748766599861565	61.9653176797313	-10.663882680061908
2.8801735604274112	-4.223409464036497	3.8109137083289646	1.6902324083455769	0.6151229235650231	0.7076869687685559	-0.2831163493770406	-11.06011629971332	-7.48758234196121
1.2052605141436619	3.190300959121151	-3.497197430061705	3.7921678221677553	2.0309865576982142	3.1357039073144026	-18.27932775742307	16.6706716424519	-30.913340099985106
-0.443439863883639	-2.7293280351734452	-3.694564242130679	3.7826686717390405	4.687198949026822	1.1785139645814926	-34.81001453003512	33.93321849070189	-36.0696834060356
-0.34908200936034817	-2.1161867361624753	2.1678882771845007	-3.2964667564774186	-3.6647652125796473	1.0623234931684609	35.88733977779411	68.84475057999097	10.794063519276587
-0.8115717748204876	-2.3186508793892644	-1.497334840978195	1.7676573218350633	-3.8140514519140547	1.2769125846653706	16.426131224472694	269.7985178126326	30.683196583170457
-3.114971886170421	-4.371728156283263	1.2348084382377724	-3.5499277570095766	-4.090618325593438	-3.1530625932121383	-52.040384375790985	-104.05187408454896	-50.382485035507926
2.936687209495144	-4.585800049140026	-4.6916197874742105	-0.8232090414205668	-4.027463116299708	-1.0292533257909389	-1.1357914527408919	-214.49137955542136	-11.247483858286284
1.0912585948827989	2.971346542824838	3.7612901189771915	1.3389362223439791	1.0478706766009385	2.819274034351265	2.8634767744061658	-4.61383636078962	-12.026556389119781
-0.4840911137339754	3.898620379709831	3.8351563612005286	2.354820746897147	0.39556326731186164	0.1256571771221191	-0.2457886765548624	-30.087734875660246	-27.500506387164513
-3.865131288258735	-1.0226590398453683	-0.576559799183074	-4.077002530507694	-0.6266531116898069	1.4184663651107456	-1.663065971011164	-109.12728377470604	7.677666873632148
-3.6271259413215864	0.5369927024408252	-3.9414317233755156	-2.636963995184604	1.9202043772693331	3.297268605283488	-0.627130212114714	46.55871165320272	-11.14347440897757
-4.083327908345612	-3.3400217152375133	-0.9790366513479789	0.5298328767114651	3.6995982133838083	-1.9480819264624705	3.190338497049177	-325.89912351219726	33.411507313363145
1.686698549138283	-4.8330838766615445	3.787434105508879	3.807357932413293	4.122944251679975	-1.1866257626284504	14.092456984011534	272.60237392357317	45.16169348695569
1.5235224950505257	-2.843138745278262	2.5345511429120204	2.328304375765774	-2.40266915120496	2.0147465620958016	8.298551124521367	181.18850259115572	6.044788470569262
-2.1872048757147446	-3.65814071059705	-0.2704621434756307	3.1103737290713003	-0.21061927874992836	-2.4489295501143094	-9.92090848894898	152.5978707290772	-20.550439459389008
-4.584253392274912	-2.641813754237111	2.7756644492992315	0.12481921723516898	0.5496856496169213	4.063251942066362	0.05788102647949957	-267.30499579979744	-1.87118732741732
-2.2988767431017587	4.096923905871124	1.3737122592777373	2.3891178860925812	-1.6767032589954542	4.237635462455884	22.022358054087384	180.47536730309034	12.084777144147672
1.3938882434553257	-0.5926216645326559	-2.2978640672532014	3.5676713627317262	0.6488462204759768	1.003432165528654	0.4297737392301323	183.06488247756124	9.378917863515008
-3.5851067523177305	-4.584769497414135	2.0361239050651436	0.9304785703532108	-4.1666078427779905	-3.2847222233593145	7.9983216015600025	-20.937795881007908	5.392222794164157
-1.7234090290180282	0.38388625344528116	-1.806280671840781	3.1117004386024245	3.537051300983464	1.6106472079075216	2.1860924586778716	-58.44970532207854	30.320336133979065
0.15908043529145655	3.34677450471748	-4.266946522733993	4.27369436220544	-1.8902276466447243	-3.591295579665724	-143.0412191940719	-207.40333311019094	-143.29058538037725
-0.9016037118775717	2.5584599411264017	1.4899179844771906	-0.043169903914421326	1.7347675696141174	4.339109220832338	0.6189043378989403	-95.67176053733189	-2.5974425531869105
-4.801179257172059	2.6554188235461984	-0.45558525756254475	1.1144772458419983	3.235494343860358	-3.7792060221758805	-16.543517879576875	68.60528380491539	-17.151980404042373
-3.799314815378988	-1.1211943881983597	3.588128061819763	-4.777126333472043	-1.374256874955111	-4.390041040154119	-2.370341523298525	-49.83717800403559	14.055225557756863
-1.2940465932202483	3.981026965975788	-1.1782876362354422	0.63787715371509	-3.200826242618664	0.2554795525349318	-1.3619124138311336	-128.70463659616593	-6.9559613487044505
-4.159051775336642	4.798597862255624	-3.3166682670888328	4.859329439782178	-3.81689704432128	-2.0157391718754516	13.005861296540177	65.04974708696078	14.433182135165724
2.9176840865464895	4.802561508307797	-3.0289096162732676	2.467087068043236	-1.4171396961687366	-4.871718965196942	-9.256093276565123	-5.651330159967008	-8.946937783900406
3.8850194307161026	-3.794600237285184	0.2012847406265541	1.2127074834780611	-4.9773881294395395	0.23233296065316722	6.805035168462211	250.74064504055264	57.869983644455225
3.024544821038015	-1.0256951462407993	2.606576214108591	-1.8170419014380048	-4.804912100963544	-4.8262502562680165	5.48211416020591	214.672968835686	23.713287029647436
-3.2261373066876398	4.033124826844082	-3.8646613604285784	3.785266101947478	-0.4413237870840838	-3.7965983425745833	2.051614581615803	-101.64762556247285	-6.473477928343211
-2.0744735166817554	-2.7188138970242246	2.6205770826515815	2.3240765674666086	-1.5977828967869625	3.59542075377108	-6.677172074944646	-132.84061993700038	12.78982367040004
-0.7290448764931847	-0.837748096203617	1.242748419280586	0.5178578117643156	-0.08438802964865033	-3.5203487242177767	0.14225024832897717	-234.54915979543563	3.862983270045643
1.3964683429834546	-0.6794750232025573	0.15814292816388154	1.9198329526320315	3.881882262309528	-1.4723061960488981	33.75954361434021	117.19194634019112	41.17839233379137
2.4982609142865995	-3.583920189795461	0.1895129557008115	-3.084082134851307	-4.188841714856142	-3.93368200008952	384.68102565058706	411.7871936059356	397.244362095307
-0.6865121866670627	2.066335660130064	1.6084568086189046	-3.061010408007998	-0.2194369205346911	-2.9096094816828377	3.6572312813609074	-43.33167458261234	-4.365831477213112
2.4582464873832057	3.85389038208141	4.953503602034546	3.511453064332777	-4.118828013177601	2.824551700035217	-12.929195467171022	-243.63108679999328	-16.76444532977088
-3.6435635134175715	2.708653942705003	-3.4585277016618887	-0.44616742941181897	-1.1969961037754584	1.8155676143245696	0.20841978689469584	-295.43639348628335	7.9985230247638786
0.6163352403049895	3.1419627167853132	-3.2961638637159463	2.515217545381738	-1.146114730811255	4.99635257058857	22.275730688490597	272.9641703782378	20.25730641349172
3.088078976607779	2.7841905151321376	-0.9804307806220312	-2.174929037911496	1.5944058158711751	2.3124925600039195	7.374251056638065	175.64980826023896	25.52960282905262
4.1826625129034145	-1.449036809281358	-3.0298527619627835	2.0620916436171175	0.6090697509850589	2.00096200435134	0.2873550971526022	61.21017534797187	-2.0775464833195447
1.4628804337702483	-2.7740705823240717	-2.096451895985656	-0.6947740372932056	2.8970172523362283	0.7105111016636876	-1.2935681225112063	53.669967600536026	-17.61984033271681
4.4839327006123835	-3.9166877337620845	-4.801363398762131	1.189005861387673	3.4718980284084697	0.6996707818399228	0.5254603850563726	35.317066177126186	2.8368110611749584
3.665007981248337	-4.241873799059524	-2.3507558241566517	2.138328818073207	-4.629040243474148	2.280874891314025	-11.115837973585377	72.119095741266	-8.595437877615595
-2.7443560339737227	0.37670535676876593	-0.23755882322130084	0.6085837302061448	1.0932475220895288	-0.46891783550296395	-0.1802709588354083	45.73660448766556	-16.577856528286336
-4.291659006672215	-4.950512523033392	-0.3445113694318147	-4.498673491770156	-0.9351817446947557	2.687414992973113	-37.85616594926113	263.3196303267349	-34.62762392854947
-1.1881055111945038	-4.639951596090714	-0.8478878267788641	3.452999347000185	3.957645576572485	-4.688554755497341	295.1157764009812	185.3213770403463	288.6351260176247
3.451994863159884	-1.7888595882392933	-2.5238996502878286	-2.3123292299994436	-2.6952625241850248	0.5522796983907128	0.7067142522066975	-55.429807515976286	-24.790178138510573
-3.135565962704041	-4.844360782198479	-0.5823356975293663	-3.538619036765188	-3.0629900171923907	2.0747561153449663	-59.661417697432434	-7.267845380925209	-61.82356324260835
4.593067358614167	3.5873271869795627	-2.851955241500791	-1.2238557340967713	2.241463407494109	-1.5532137047966508	-1.1668594912129227	-183.85165924848667	5.954746791425637
4.264588062673093	4.426513887657741	2.966873899873999	-4.429587096253858	1.3727853799111074	-1.9051029214119417	4.0529382772057225	-149.92695201458292	0.3044016008862793
-4.205986842183725	-2.6644070100314545	-3.485150315920844	-4.341943637556076	-4.547025087933616	-2.9712425875630197	10.662542790227567	71.54323706175747	9.933405565346657
-1.8688793410778928	2.260442853863667	2.545205606994214	0.5416245386388585	-0.0789614655708668	-3.8128326898881735	-0.0774908953110999	-30.447095465799705	1.9193660531649845
-0.6147377025412748	4.029557008059289	4.7388195900537	0.21351961102030081	0.8460511266502779	-4.153453136569448	1.0378652520076008	-98.46010159219381	-11.331543432991591
-4.295931140460914	0.7621539124698486	2.630946280257529	1.120171412767709	2.8345200208880197	3.5291316098766536	-0.7556231586815694	21.471427433077494	-0.6135113332302272
-0.9456025299144022	-3.558809121944009	-4.802455922761274	-3.3674045603262384	-1.3666729619898579	0.3162850139142339	-1.1406993526576892	-427.5119390189632	-9.940836320032354
1.829026617800963	-1.207075637171414	-1.4251664621627502	2.268755997734435	-0.5173407319103349	0.5707979146076791	-0.31023851032232697	101.69270565739907	-9.62827625206303
-1.4085914295336552	-0.22914621371584332	1.6496506215144366	1.2696742106007006	0.38308987078666235	-2.4472965187807896	-0.11738570937698276	63.94836000483573	-0.4030792222680739
1.228308667850091	2.7517710324805975	1.5966646149596384	-1.7433491771480591	-1.2750916366017861	4.121704724795606	12.855640873828273	146.50660688774585	4.476448654913058
2.105249423795832	-3.107841938768805	-1.0682985578255186	-2.000462617814388	-3.9527289260190557	4.095224478724994	44.74741052733452	15.32849564426683	43.74425780118349
1.6548864609963747	-0.0649582094462815	-4.777921068154614	4.807623243919611	-3.7451941003980362	-2.592412519511136	0.3834738364448081	-289.1815597388979	-0.17821101105883191
-1.839883075327097	-0.33492249224491744	-4.487409410797029	3.811120899017162	4.468796731331068	-3.8801695526263877	2.680725993995836	153.59039984456075	8.986463067378786
1.6519295211412723	-4.158708216817587	-4.0990952768437525	-4.878114854706906	-3.7784135838858077	-0.21814082653711608	-2.4693201080864386	239.57439423692267	-15.686063696657348
4.000586826952006	-2.955473012723383	-4.016250029383094	3.3300845998784094	-0.8473436757990953	-2.536440452008615	1.3165037052830064	260.62633193324774	3.5841177099206867
-1.044752411675136	4.805902604060471	-2.6058287329487384	-0.6139784848950516	-1.6868909910613974	0.8572305550381101	1.5673050345136144	-6.833805433861778	9.271521141763152
-0.5570675295382719	3.57297653247268	-2.997076249460858	-2.8961348870608603	1.0557572488587619	2.71229482268918	-17.747789899454393	26.843765298904277	-18.124746176171453
2.5778803786394118	3.5549856161866984	-4.949917010621407	-1.6288237293993157	0.048338194351006614	-1.9096343223115797	-0.041888218687429535	-71.23748600793184	1.2167193161485725
3.105666322631283	1.894492159848129	0.3362270836173522	-3.187032123238417	-0.19116531266118653	1.713848593259173	1.894407091507233	184.75189835850165	27.587914271141166
3.305530579755981	-0.33931621423847513	2.309962339657062	-0.10639300942932284	-2.7204428812308223	3.3075473578303534	-0.04254194196233748	-65.38412347303954	2.525188465630972
-3.5644640111183588	0.16391910522886555	1.4576558888716695	1.0898390753768723	4.129387524776462	-1.822829677201403	0.25880605706006327	231.32048249290975	6.005702812185176
3.7084935959918823	1.4600691965621762	-2.306635409021096	2.2730441553656364	3.843952149702032	2.3019101454745403	-3.4329791267416714	-121.15364213417537	19.478772435779717
3.455922200799126	-0.35124349413897615	1.667169289815953	-1.6682768635267076	1.2178151685147895	-1.4951690608248045	-0.18518441655551465	102.23850600764935	7.975481931909501
-0.15980974990858066	2.7674068094791977	-3.892722231013488	1.4731192580847408	3.931157749349868	2.462869291487902	63.44772585614875	-32.48572600706859	65.15566059494256
-3.677222352170223	-0.5674064652974051	-4.12208422799993	-2.213494663497555	3.649637504404769	-2.320228722677494	-0.7016435479307154	9.814665214766332	-0.4593732553897688
2.544357183781786	4.664637345665962	3.607517347504672	-1.6555430979992436	-1.9521989908755666	-3.584039417792911	-5.886656988839971	-107.64115592809316	-11.08098148513885
-1.3810436650612634	3.9278163540462003	-2.8998654257478806	-2.729395235203312	0.6848732401967847	-3.111377000142342	5.704205768870195	347.1306477843608	3.1026787014524726
-3.267588787964588	-2.202492243284068	-0.2888666567918161	-0.6851487114452448	-4.537954153186096	4.856373938424078	-35.232758279008664	108.7329047194068	-38.96856287157564
-0.1490171220105907	4.89160948542443	2.213705831561067	-4.8544345778923645	-0.9886314672938976	2.6127458613913497	-185.93705517399027	-493.2107274593985	-195.07910634973425
2.119444700195297	1.9348561381832514	-3.9831513295553034	-2.0177247750701834	2.700582902406195	-0.8479461175074867	-1.0589793214249341	213.34927483847406	-5.5969473542104815
-4.16698307315209	2.813116444886342	1.8732901861340245	-4.364924569014431	-4.277943036452471	-0.8455555032664384	5.690032881970889	16.6210201962883	14.962565843261494
-1.2782213794439556	-4.93386175046913	4.236250871699124	-3.6346964834228324	-0.9525323523450959	3.8723063188899793	12.215656684780344	-319.64847664361156	29.167788791516912
0.5509648322479057	2.9009418052241944	0.3294370364849186	0.20671325211315672	3.79684696383163	-4.010332306153828	-50.30538629971925	17.95313247684775	-68.11483276092065
4.9209348266937685	2.017356381553464	0.7716620859817089	3.0518506024240892	-3.9413386038237186	1.1654381044890645	-7.447389718271515	-60.93126234403619	-5.5907661492640806
-4.304594878685149	-1.5509858220013815	-1.423994265217834	3.5728077676037646	-2.4819732473613354	-2.050191493640481	-4.600112745879663	-74.08829087774683	-7.955714682519162
-4.9116417478209815	2.4581358938616553	-1.3026840042255072	1.1609611956972845	-1.1419153802631685	2.864028140275056	-1.4587102448371714	-86.27492189575128	13.737157847865642
4.335182657944429	-0.9048494005749594	-3.451310472509046	0.8823700485645523	2.0937878943096937	0.03406135740042515	0.0038056624641877664	-84.1374281970119	3.066215519313926
-2.3578374524375425	0.25276484914393915	1.4086734169179058	1.8937142153638051	2.4204414938259156	2.3390104851931737	-0.8158939163815607	149.31201397998322	-32.623255787748825
-4.825754986641301	3.410493085341445	-2.898610992982414	2.8811359880444334	-1.702336086937677	-0.3598835744358926	0.43036114912991225	-115.4072918420605	9.916601583698398
2.9716275606889697	0.3756002821744717	-4.699588940969703	-0.5018708319481107	-3.826967975372375	-3.54617288088963	0.1831801233618808	45.914215548040055	8.760029857260939
3.492483209422147	4.369319942973727	-3.8233666847245127	-1.790662361185463	-0.8476098695030396	-2.825200778562907	1.4031128302328646	41.8474680770014	-1.9032590176098252
3.9171373349496648	-3.933689622238088	1.6168212337630772	0.7092947055246803	-4.936781153026488	-1.512515511150807	-3.289574438628083	-113.72214091752413	68.94065815656059
4.217055588205678	2.547557360237011	-0.03679863952819851	-3.4131041438283303	1.5948895312226563	1.3675930180383133	122.21370352842722	220.22388598561832	127.26931039390576
-0.5673107448233141	-2.4569860801663013	0.0890628813217127	-3.8502340260770787	4.740168322434203	-4.3995716707573385	3904.5971600983844	3827.4383782459313	3902.852026984455
1.6038629715429717	-4.615353069886355	0.8985477036349501	3.4033091830070212	1.6547962365974271	-1.8411904814342863	33.20788231586301	-458.56041187102574	41.65751610809785
4.685066162448843	4.421442871418082	-0.8680900524818771	2.786601780161191	2.6889411004864137	-0.6902716923880643	5.622892403373284	150.13468437283467	7.1479898106672035
-1.270438020668243	1.5172527204993438	0.1255910746644986	-4.815410626382931	-3.0378733148307804	1.770499872997405	-246.28873690224475	-91.71708612973143	-260.3394461571536
-1.8417865622501397	-2.994156248454838	-0.7816584076378819	-4.659748931655101	-3.968043107024153	4.520142116319661	-173.82376197080058	-397.23364651557546	-241.82093946356602
-1.5973118058313815	-2.945376770727044	4.452877092938699	-3.447827482070923	-4.6295821947050095	3.4920298518639576	23.082121434296045	54.14525999921409	30.668332796589333
-1.6666819845638372	-3.177597305538422	-2.416474406932534	0.5268115348183491	0.2773167540468062	1.9252074360779359	-0.2219079348663737	189.57132304228696	-1.0773216749194272
-4.801816383832726	-4.285757023031981	0.9940802477273216	2.6188129717026687	3.139847031714046	-2.176435399290837	-16.067906903700234	-100.43170712037141	-21.566819550175595
-0.7954641019619677	4.158562577758557	3.6304498474246767	1.1890249096262036	1.545412494677545	0.04758717929353207	-0.12591792237460978	-47.63492481252172	-44.538424189349605
-3.897190811297838	-3.027254165336588	2.47726011156079	-3.7159535870551985	0.470561659949869	-3.0804539905774595	1.688990288597652	-29.66777162871446	2.664240054918505
-4.732729671080685	-0.048322621587457704	-4.6823435082687315	-2.2673053810370014	-2.2552890161843955	-3.1695269317373844	0.03534127287130845	-171.34443755083063	-2.3092793207491744
4.729636423276979	-4.189113680861409	0.7162457812882197	-2.4031153950525495	-3.790363098637285	2.7605634249595354	-31.094636397046422	-236.64736860641102	-63.56803296293369
2.68035837829191	1.138025664854002	-2.5947619404090325	1.834038294630119	1.7945540095261139	-3.4780720960629696	1.8731182058573803	302.26528411268777	0.25769023163526716
1.2180110335247898	4.2426906140945135	4.925969954202605	2.245984259525046	-2.7242036891592614	2.155853913902611	-9.327472899759115	7.9265089394888335	-12.205086921991297
4.055470370325505	2.5282839451759687	2.718462045640613	2.1198222968025124	2.307264179710727	-4.388369049703953	-4.922222748166965	-67.202880649527	0.9333617540551948
-3.2189129848600118	-1.3822558090372628	-4.559470778169209	-1.6823904982957147	1.754222540190935	2.539994869779701	0.706007124550544	19.16337629958188	-1.8494770737410882
-0.233515707833587	4.418142211527314	-2.4409162955701946	3.445947650937665	4.143801036371308	1.7845595571902635	197.51920160084043	149.6640487792344	197.44951129218035
-1.6037696935715684	-2.3281077264614614	1.9572035452678591	4.729285564592798	-2.2905054020797335	-3.423821898280713	27.50825871152552	-37.493590637819956	16.302120765071617
-1.2014467354168454	3.4728132494224013	2.052623417108487	0.5114866850045345	2.946672865370955	2.2487293826764443	-4.772776305831796	48.605284359022875	1.618019490980787
-4.64570462220916	4.475464756852407	-1.3183863086368977	1.2021209374599824	2.547890002725948	0.8147816789649456	1.8235343762961962	-110.44822360134127	13.943204499163949
-3.0289734532265014	4.941778390809283	-4.434426762722843	2.8439979506503734	4.130746567688963	2.3741830350358617	10.261771487533961	134.89943942621323	10.695939143952014
-4.7080167053713575	0.7894635183872323	-3.311343115318751	-1.722649411237942	0.2309904269556018	-1.9202089584344106	0.03869271993501788	-67.49032040333884	-5.830696122240429
-0.12964771337152037	-3.034824388605397	-3.6402853482060515	1.6782768507023569	-2.122931616207241	2.3480040600921193	53.79373869483059	146.45466463175362	47.330244042121976
2.9271862911261337	4.888973011397129	-3.5591930774586134	-3.2872662253114173	-4.199261782622786	4.866937548122259	-31.526759212049125	151.36600356772732	-29.975678351620633
2.0185286251921024	2.6258288734187287	3.3714217732738803	-0.07547593000361275	-2.573249758871643	-1.4947959606808814	-0.11201875693713205	-258.1640586193332	-8.927260115561939
4.383551964295407E-4	3.64939308312797	0.7198236727716285	-1.3879836609783993	-1.478212456821728	3.8362637811640248	91032.82771639973	90876.45905445315	91039.39286213768
2.6796375307559774	2.4809828763270954	-3.5879676053251384	4.283243847749947	-1.588567952864166	-2.8620843140637833	-5.025279502589322	118.2077097972209	-9.988097260176549
-0.10371841270458759	-3.3850899456306105	0.22986542733340087	-2.154252939715274	-3.519796961844336	-2.5318608394616824	-2725.805305041981	-2735.8155984338127	-2732.179137481932
2.2714329713180703	-0.4246053305283173	-0.818928172952992	3.613013973131526	2.083786561629193	1.9153950234496726	3.2917051975871114	256.92673193061216	10.625913867663932
-4.923429052546535	3.87995920917629	0.8194549441399825	4.714312460691133	-3.3017422722256127	2.125591412396181	31.818207999399753	0.2729327439135041	-91.07276585629006
1.6009241698794767	0.39250654426671616	-2.7326801480998455	-0.10640563704557326	-4.8740167487282005	1.5649212532746262	-0.07281678181030543	-126.93790224350457	4.180717891540412
-0.19656195616511418	0.9132555961840181	2.64669918689592	-0.6158627757366517	-4.266711654465628	2.1271369028551	-9.812077817730092	209.44312394236587	-14.546569794859211
-0.9176644754385723	-1.1569951352012495	0.7834042505345522	-2.449330910847128	3.2159820801117593	2.1687570920812558	-27.49373139894413	-74.7422635409823	-30.230729792339005
4.662840343162896	1.9402966779706894	-2.323381330221749	0.39557233247480283	-3.6757347562474694	0.9831257063427499	0.2560213742892401	4.713046096396931	7.423529261439102
-1.2772164916036766	-3.779851924943448	-1.5621745427830183	3.5198510421390345	4.720979924124059	-1.6750890194163501	52.73209709506168	11.308280359658866	77.53809228911078
3.1203223364104478	-0.8259256472586776	2.6513940524194943	-1.5039278642177245	-4.067056574199752	1.6849457204202984	-1.028869632513919	-86.54547598876341	-4.188216742029182
3.975464842116395	-1.931178495496698	-3.3059990477940038	4.2263969905721055	4.764287174902371	-0.5004797307881148	-1.480766186882593	-0.9511443332826045	3.964601365609121
3.7488230342872786	-1.9549452013695658	0.11379295953995694	2.1948387290034423	2.9971560341073156	-0.13974375228401748	4.212778490343377	-198.30995047863254	5.437597399013744
-0.4379020327844305	-0.8796393602576105	4.199131672526292	-3.3565840359852874	-1.5236334582254232	2.16625529579073	5.299755849421983	-94.39807342649809	-3.8907711155207423
4.864061963869892	-1.3696804247439545	0.19098774284206943	-0.23480774596029974	-3.6279763396749107	2.718750456875223	-3.414765357633229	145.81933536394496	-0.6022234188027662
-4.94417869644976	-0.16224023891127892	-2.113601130828032	-1.234820434624282	-4.507288569991364	4.783218500237176	-0.41331462923829565	108.06679027806707	0.8873699796450021
1.0862425146981192	0.7180833396951956	0.6604359220479861	2.9385013663472526	2.780548424310176	3.0117757729782273	24.631812057580586	98.43005318198823	34.28626902579038
0.3926950672878684	2.6959562624956632	3.0621896873964527	0.19347302203336714	-4.299291440155074	1.3003934844057605	-2.4250315476061606	-106.27951374440075	4.2669746778557744
3.8175131817197574	4.367636087635452	2.3214399819458764	0.23858890658573184	-3.871729449644059	0.7154652752022326	-0.3257258675348668	81.71897694892577	3.047516315841038
4.5444155059886455	3.0894692708040754	-4.61423140854663	-3.916252604923222	-1.1354346493197753	-0.2792231661763589	0.18293245514296164	7.782129803604609	-7.9221292692340635
-0.21716812878111913	-0.5639152271772643	0.8854642495185701	2.798102640152269	1.2573633105047488	-4.179132162121082	-43.11786334162317	230.10874915562837	-39.00044443623987
4.336798644471536	-1.2852599169963774	-2.0679971768368177	-2.565828282828778	-1.928148451134588	-4.744096447601076	-3.363514691710347	-83.12249005318327	-34.629348061779766
3.627578076698345	-3.6579044445320665	-4.524769052894365	2.5784218347806593	3.1237507164562874	3.475883814474372	6.238996764394596	-201.35037546967843	6.012292495511363
0.8380429092655746	2.4171048267287283	1.4984586745253727	-2.3754968416436064	-1.052854468497455	2.821550799919197	13.582982321074878	26.001590254562544	20.759135298299302
2.098466699717524	-3.6768310016004024	-2.61291902311638	2.182249691446188	0.476530361920978	-2.227346810744076	-1.5532039924132162	108.9891219892442	6.039680676016991
-4.132262795050159	-3.1775934970154207	0.9763904576377538	-0.7769753799575767	3.2677390382622313	1.0119931897570158	-2.0235740082539455	324.1365740883265	14.748302345601346
-1.444987659899002	2.616805688633214	1.0230274546154128	-3.096888522137048	0.9021901217154671	2.7103570718260306	13.40510432583709	265.9385403120441	5.762337812645336
0.9920313806237324	4.590832088727854	4.950840007982032	-3.6213702354114954	-3.0067028487319147	-0.7287503071793715	-7.417017336068643	-248.10874761062465	-7.99792632459063
-2.532993951770819	4.3572500385281	1.8383912627187637	3.2985712704352608	1.566809783507228	-1.712765319532854	8.282861315949756	51.742741367058116	12.683230952225934
-4.127660169075623	-4.1643633629010255	-0.2717255435121526	-3.398541453400238	-1.2141680974693623	1.7473450523807035	-26.770980640950043	85.33543009958875	-36.09133570426947
-0.8508410727327478	2.528328113252307	3.777856045751161	4.404042696435813	-2.8523585557757123	-3.7130623244559304	-36.688289082321596	-216.7484582399579	-78.31396441343281
2.0244002629555418	4.142000000572219	2.71089164896598	1.4093192568178283	-4.151703651203354	-4.72930989139123	20.885027640996878	-150.03219051629856	0.7614351213769304
-4.732720575634344	2.04922049481557	0.98723837121483	-0.27834388227247864	3.2911649006958417	4.123174944629916	1.6566046844023568	-137.0656385071953	-44.00722406886814
1.9214676669324202	4.701330863338631	3.4449213429233136	-1.821542706241944	-0.6504388664442953	-4.9597432302046665	-4.173625341427304	-202.52016332239958	-5.9591623218842535
-4.378952701759261	-4.0061559927149295	-4.40978572263658	-1.6762779621479718	0.4679210714516415	-3.907072237684347	-0.6357848775852981	-45.445166297409955	22.246397669719883
1.9398694788158624	2.3439207314768495	3.7659615196334357	-4.41393786270771	1.8304861304318445	-0.0686926519481652	0.1780727529662336	-10.469764459545564	10.613738032784811
-3.6333441446411943	-2.9441590532508677	-4.991296007387685	-4.197092019457205	-0.6848764523204967	-0.43765236639045213	0.20423558466630098	85.29933473140457	-5.760424911009656
0.8971090868331464	3.70791999098428	1.2475821172454404	2.2682311363197103	3.8002567581428455	-0.1439877509010259	-4.111892514295019	-227.9854882933079	-16.774686877896144
-0.8117073925523695	-2.3299970939542023	-1.3174336898028005	0.3813190603240386	4.4662559517001	-1.029232887124536	3.819204292630032	-276.2956667590323	-3.2680036800413776
3.87215155724933	-3.5748066227939255	2.630142557735157	2.740933825672027	-3.7658952873994322	0.31337036373536264	1.1353914779831888	-45.160110059604705	-0.2603810118864134
-0.03936584441839841	3.6872847819477563	-4.891294248111179	0.258261061396297	-0.5374323810668313	3.0870978525449164	-8.205338018908268	-52.92563931512683	-4.644181710035449
3.624480387828715	-0.965314064512719	-3.935036669578995	-3.7571452686658793	-0.12701398868161373	4.157422670963575	0.13427891325598243	-170.7578409562983	-0.4651064570805674
4.165235505979991	-2.8256048124450137	-4.128346869841989	3.231534190768011	0.624574167572078	0.6891992806291869	0.22857738929042906	26.86107403244022	2.1699805533349568
-0.757029614424253	-1.6484914127849102	2.8547001782751726	2.9578151463014946	1.1027444950169745	-2.3071677416381875	-5.740350565530176	97.88961185222762	-6.058922361977017
4.73189120945778	1.7702713872439366	3.777130008148772	0.7696855778924627	2.7323861576557036	-3.239351052932075	-0.6747713061139213	-149.84008105111425	25.49171651187617
3.65756972281406	-3.774964954163406	0.9039706526874527	-1.9391947214908933	-2.2452593812640864	-2.525526922439348	12.554687917568055	305.092860616985	9.55202042026514
-3.928241362036676	-0.9194167285313126	-2.67294119814471	2.0427307112603934	4.0218790940954925	-4.589345173812466	3.301533317937178	-123.26289806581781	12.88963265560921
-1.6637599052829408	-4.98812703932126	3.31498858058983	-2.79451458268814	-3.578122486820349	-4.357241637806267	-39.40379433098251	117.45401014241467	-40.909812490496684
-4.147774736064486	-3.172270243491351	3.5889407666265747	-1.0635728433899896	2.3494297762440874	-2.9783050762107743	1.5859431481944064	-282.3288488744411	-20.146413351231338
4.866560082451107	0.6696578794933714	-3.5288415331553313	-2.5676561505952056	-4.176588560350691	-4.730987573313225	1.978377225262654	-140.54338079047392	-8.30505632129639
3.534216396775374	-1.1023704171879976	-3.985532067480394	0.7802646319364257	-1.588855640798207	-4.38421425839681	0.4253693922785778	269.7820288264208	1.5607957652814088
-0.8141587508073833	4.145189409302182	2.5472948135471096	-4.974474887553928	-1.6211136146926277	3.015263971089384	-48.60065336310794	176.13694186747375	-52.49176325978861
1.8508324540463228	4.0359261147242	2.951696472759048	-2.588085864442612	-4.376795162787646	-1.895886201438107	-15.865419974078874	78.19568406613446	-21.045624935251283
4.975570453871583	-4.314485974399962	1.6683256096526202	-3.4173259562918834	4.465984288817914	4.430426960767933	35.14427125072228	243.94846463344706	36.141539085918616
4.251917226345141	3.745060710100656	-3.5279452229506236	1.2809536959936185	-0.3218331384978921	-0.05390602295890545	-0.005548220479766256	124.75142795767475	-20.242373779735438
-1.8245644265241245	2.8431310631654263	-1.090953878448083	1.4859646567170142	0.8390372729143607	-2.5900955563430337	-4.612504548460845	127.2348022504347	6.451357810706948
-2.1276456247114837	0.9199967946547405	-0.30208083897719806	3.562271804313882	3.8877442210926514	1.7927422706825267	35.53910098134033	-14.27590468020231	35.92906487399672
4.699151339933179	1.2765806144236427	0.9856948888096264	3.073816042440928	-3.625600415352721	1.7382309652219856	-5.338897728111384	142.98098286522833	-0.5616785949069794
-2.197404147137002	-1.0657990338001588	4.068438491731252	-4.295378862725217	-0.7941853094747113	-1.0744153480984853	-0.43695142148806543	-3.626936223829519	-0.10487944530395521
-1.7512478609917013	-2.0347520277655304	-3.164180441436857	2.111619530540766	4.685832901594994	-2.7855473552972185	10.120818673528515	-31.261586505910277	15.005728192320653
4.3481323186531995	-3.751179959875116	-4.079254134652796	-3.517619884972886	0.29609273720156626	-0.2738552921385118	0.06032289638293876	16.530446523474634	-22.537101638972445
4.625972052299632	-0.8377000900093332	-4.683887598888764	-0.3538641956646158	4.217508524343852	-0.372486352728826	0.021492258229268184	-131.43309534945266	2.217196768765731
0.5603100382651292	4.166818134265535	4.39064325375635	-4.551348214690868	1.1671083219507326	1.022387533678585	-9.198452411121718	243.69208651671363	-7.34751499807793
3.1287860200462028	0.30224112505296397	1.9685908084185302	-2.9979545132594154	2.174183725840787	2.804001441610481	-0.8968540097059753	31.84081938804492	-0.43625164281784234
2.604109781828212	-4.90983225126123	-0.04869316169557525	-3.2945867771700565	-4.257156517731556	-3.042680105140223	-1652.4040635879423	-1310.3666724639036	-1654.466301594725
4.4981393150308495	2.1596651454137454	-4.7862949011716704	-1.4595375166594247	-0.9124331312348621	-3.906818053369039	0.5219075251431753	293.7632935716671	-106.36283638114737
0.49920438172377146	-4.437985020353503	4.910501702884218	2.1114999380821793	0.270572752563635	4.011280868346693	-4.148965106442023	219.3300306568364	-14.581296228076013
-1.5556549006488818	-3.17665644121222	0.42465948503954554	-2.1519452743841185	-4.055168366324898	-0.015671896528147933	-0.6576242604753233	-126.38355833168899	0.1437976465997921
1.4288131354509837	2.4870713495906562	3.876262944578839	0.44179791038815175	-4.311835381580815	-2.0167225869628105	1.725168709744369	181.04309575177135	-10.529985087350909
2.0345824312851954	-1.495117990475785	-1.879567146578177	0.261735974162419	-4.380299099611152	-1.9310675787682618	0.8655795532219988	181.27698979623494	-2.978406961846648
2.156573450826481	2.2223050632612162	3.5779369206038254	-1.4089177984296386	-1.0187027661680172	-0.901943697320049	-0.37283726264678535	-18.361540476742775	-19.015998939063085
3.1623829771613643	-2.1562534160847058	-0.01431043555410838	4.057728695116934	4.8484689687941955	1.265460321263098	1186.2292907907954	1298.3071014906302	1191.0219364649772
1.124858539950802	0.7163427542935779	-2.5060568748672676	2.6835282865664496	3.1567514599018978	-1.045575653005569	2.250785293250939	187.3643054987693	-8.481041644712304
0.9469429851981523	4.20054203858453	3.5839759223242194	-0.7548797284959665	2.182786562576732	0.11689403105639329	-0.23839535593127423	82.6050174905671	23.0371618153673
4.528666098123695	-1.4501885707829731	1.4895631167769832	0.9039979200607835	-4.258859507649614	-2.233337962964818	-1.848461715389176	242.96745936267067	-0.9094168669607618
-2.775444323887808	-1.5519948392253182	3.4762999124718412	-3.2971342463835738	1.2279858503897376	3.051378836241872	-1.9873146690275059	39.03158983866289	-48.909635652922205
4.067412384148252	-2.4098149015822035	2.107516160215745	-3.990225217500342	-4.3148555423649775	2.274700220524098	-11.00987541753447	-73.23547269901566	13.246464413498831
0.296407684300787	-1.0257537097300529	2.99039026810926	1.3855191109847507	-2.9598253700769037	2.7638760808374148	13.116650405675653	-330.3950327310957	15.273892080291505
-2.827335190650305	-3.9764751604595028	-0.7189601334154947	3.8115119609139505	-1.7884812333977052	3.810061682404985	50.80773645851827	52.423426293207896	48.90323206293175
3.786439424989908	-3.9946361959636567	-2.893354279217598	1.4968000328708007	-3.192715678489532	-0.6682047227280341	1.1643355957718973	341.9428422783828	15.939336070453376
3.293050137402691	-4.238168545049236	0.05363800016407794	4.429723717469516	-3.5091529976112055	2.3033939290132643	859.1212578515656	1145.0521769063728	868.9480541849491
-0.16007939909136493	3.9346171183154066	2.8349724553437836	0.8914333772010927	3.8787044824856363	-2.679839164983494	80.33457511340437	51.64842932348881	80.5577489549309
2.288281268443985	0.6485578191063288	-0.608379112675661	-4.161764004215263	-1.9377849301736418	-4.494252922141618	16.885173682318413	-264.784054314209	19.940985349793742
-3.042153158541676	-1.8870606380082977	-0.9475735143662378	4.5145302602031485	-3.1649010628451366	4.9619444410818385	46.410523939340706	129.61957322806364	31.80948991288858
3.1424455803412545	-4.503848920252308	-1.6349910333573616	4.098587171507496	2.6366846042561427	3.3695857114131975	31.920489362960094	123.52102303339612	26.867804538693974
-1.4857868056729417	1.510635158418367	3.0547694801694973	-3.5759036256211516	2.6044395572059784	-3.4832232206560643	-10.79707314082131	-153.59292676721873	71.91224355668884
3.0524013151259872	4.788335132441592	-1.1506708568560797	1.769449523964603	-3.670353811125416	-4.603159320469543	-40.75622102404714	-26.520026556193443	-46.258754187205284
-1.5573203837931948	-2.1973042862809855	-3.9542436499129874	-3.1339028128193815	4.63225897019122	4.116323283170365	21.32242716800495	320.5843524490322	23.83062574117596
-1.5196665566848546	-4.133843770316139	-2.5347199183805724	-4.757281829474607	-4.536160705281874	3.810146364296985	-88.23984722964114	-192.68764362534512	-92.66466783416983
-4.293911553190513	0.760237928183165	4.446172054159092	-1.0171755665771984	3.8035659317304837	2.7971921170264054	0.4309425106516926	-229.4433407434821	-11.426889330059177
0.9802215977371116	4.590655539882219	-0.2747964859130203	3.2129950662267674	0.8680241152145394	-2.3602725090879675	112.18718792618095	95.08791264681255	109.59915792563788
-1.0232450558475428	-4.651848128067977	-1.7496603288172152	-2.965857353129	1.190829983651847	2.002321292289854	18.37493932706531	-189.622659693346	39.555230527204216
1.516177641134119	1.8363532112970846	-1.7052545655714502	2.1297702503418066	1.0669986482915608	2.24223472946389	-3.6190502267534974	-27.77970881680185	0.030668126067507462
-2.5426013872983297	3.634121249516978	1.6910279640931192	-3.502477547413859	-2.2331132585903157	-1.4006364947748153	9.259379667900063	-128.45437099505745	4.659810285823273
-2.413689126414317	-3.2814383450375226	-3.0949528960965367	0.31168586911089236	-0.0831474842174238	-4.620847779893396	-0.052603756628726336	74.60261432162424	4.440843967554262
2.962042091512192	-1.4932415399397003	-4.805617806138053	2.086593282794034	-3.0264265507293175	0.41967399467905064	-0.27801588515378545	-252.21705952895104	0.5384293652145582
-2.2510140274434987	-2.8061317580601464	3.7652584286008164	0.4198388640978701	1.0850572188717162	4.7812296064188775	0.7211239958677311	-105.23381328880788	11.318619254165208
2.253151200074842	0.28067445733917484	1.014713507661419	2.5892784928048274	1.4763561943668755	-4.535921199750588	-2.128651323984094	-214.86858443233461	-7.068887207286
-1.8809630070898842	0.5969601265891278	-4.672880631735233	0.19216494387156757	-1.6918084129209743	3.111720069183651	-0.06870783227430716	171.08125703825826	-3.8592728028687073
-2.8042510479196023	-4.466120195462819	-1.965318934330952	1.4754023441811075	-4.437838360729618	0.2516795671104122	1.3353969659337497	-350.99152034586655	-2.333058442677456
-4.94029138601369	-4.211708144264604	2.9428081482660975	3.733520048645868	-3.419194012038389	4.415032874355218	-16.327508832526796	-95.8262053334239	-19.241903643813117
3.541184248902825	3.977994551821803	3.999600744322594	-0.5400123045288039	-0.5479162752541233	1.3055326170424317	0.1084937205719668	100.10910648932165	10.054004366898448
-2.3582047245893865	4.885922336864271	1.3342078747800192	0.23615027825425994	-4.662867578246961	1.4987375118477786	2.562764360303749	-255.23013840827244	-7.210241445228315
-2.9073059870474802	-2.1956786952901086	-4.074671083098963	-0.36771046407914376	1.3025831185069139	-3.525884703186639	-0.3130149129630216	144.62741161198156	0.34579840840332027
2.4746550918729096	-3.958824508904788	-1.1438037064904325	3.772828657281476	0.28304992958075115	-3.7543160762236614	-5.607393580302944	-12.166307110947983	0.8227155499489616
-1.3681548474430394	-1.2210887734015117	1.5773571457150286	-2.628058493662765	-3.141746982396051	-2.3199309245364708	-10.838351591639052	50.94852548637985	-15.447040254797487
2.234475515668681	-0.6083885111069236	-4.711482221363728	-3.2399938370898984	-4.181083012217208	4.5893331781863935	3.592778222099123	-38.62606667751571	7.697671356608292
-3.7005981306033	1.3773371606794003	-3.2355299006626845	-3.927585670538889	-4.403819093144902	3.767792898762325	7.496612839142681	-142.83410807983662	33.97716153596558
-2.37662794484625	-3.8138815958431236	3.3302480187596064	0.8309071785607216	4.964588916515845	4.8092192766583555	9.559602005475005	236.70916447622304	11.587930525428693
-3.8738882230060967	-4.5450389988804485	4.7235165024400025	-4.321679389323343	-4.2336149700504215	1.3890319545732002	6.312497679461027	-226.03010894188344	4.48402351278968
0.5886069771892348	-3.8742348421467074	-4.902184355177811	2.1885773332583316	-1.643861334483149	1.914792147977269	-9.249528874512812	35.07600151855984	-6.010914663473283
-1.9016399812062224	-0.6589418040095838	-4.907455915303744	4.216922499527252	-1.015244713818133	3.320687863769365	1.0038221286035476	83.09010226003663	-60.43825471381117
4.414413179474376	0.2003841328351177	4.741998241176567	4.026467970113027	-1.7704991938923866	2.1847181658417494	-0.14908857477349127	24.734351524012066	9.21113847936391
-3.479405628758899	3.8252522988627984	0.8777572990814111	2.8655289790065144	-2.025608097940519	-2.748341658942101	-19.980737940109776	-222.14242295472627	-28.20086785206933
3.7696160036813637	-4.2753214908895	2.8012650302058697	-3.690777335141888	-2.6605325851963233	0.41504563396387884	-1.6500600234169807	-29.333734544557636	-3.8694658921730465
-0.49912529918121873	-0.7277258150732004	2.4154577667387347	2.6453013674332464	-1.321826752715125	3.9055819223759674	-8.243168832512566	-181.6486673101423	-17.030798171543054
4.952445238159779	-3.1110178028466318	-2.9017127253392028	3.0989043230339917	-3.5168366541534555	-1.8965312278825355	4.474543795497794	101.38223697529911	13.39977966275919
3.1378548628866376	2.0561526215262234	-2.386672958246412	-4.43169532821733	0.27985155412678253	1.3839550244269105	0.47124762970861317	78.95953141267218	-3.669017742101758
3.419637171934477	-2.0613807316872332	-1.1366054457543093	-0.30801286524470317	-2.2946707724371995	3.6582504741669535	1.3712957459552648	-73.48432824758902	-32.872061124443
1.4269615021274396	2.647512283977955	-2.273878108318801	4.988482547269943	3.672919009834816	2.8191553626057697	-42.146097380178176	-165.90756750827816	-48.994197820457146
2.2201230872816	-2.917848049131199	1.3332075799665883	-3.8999932962358432	3.3584530664194734	-4.230803588763453	-54.62781782931253	-67.88542581429057	-54.47447348493179
3.030478977440204	-3.9822605626053322	-2.420951473475691	-0.9814512488224212	0.6059438274044782	-3.180509031597547	1.0266680425280217	-37.56623180170956	52.87552824707978
1.1743122423768586	-2.597383705512634	1.3246298366345375	-0.1381514366515475	3.9739823734027624	-1.6856030871327654	-1.545235404382323	112.5969575807521	-4.641009524221916
0.8707119944937354	-4.458653799251092	-1.5022120780849724	-2.8263704616079446	2.1100267911352324	4.76846791404374	-96.93796432009937	-252.75642195119212	-78.75541395281708
2.5481723098830233	-3.5928095459600384	2.223833921918481	-0.18177482302713432	0.37155966512496885	-0.3997148344410739	-0.017116525558961135	155.87718311481692	-7.303676676498639
0.0073442572769995	4.282952267000187	1.2373486936728764	3.8888059366979206	-4.121513615947841	-4.1919497479637045	31665.935706092037	31563.084952728863	31660.089133852984
4.567017161121081	-1.6004427630841809	-0.5431669146056306	3.3089777747338935	-2.408572083251055	0.34388288912401066	-1.7682279880806604	80.30754262451765	-13.558793152387606
3.449568920912359	2.4478727079906086	4.92262525156046	3.2315462037735827	-1.9791727979998797	-0.7092358832602947	0.6539010158890097	-305.6944804168919	3.9223984655485706
-0.602881549312225	3.5955542034984163	-3.1773209032543717	2.2714104075457273	0.08084905541040666	3.604938797424637	1.2426282565000477	-125.808458989711	1.9760570052678248
4.430514874177158	-3.1446190467485833	-3.578256998607695	-3.00866425495264	-4.9474949591317605	-4.371925436856964	-12.908451444264143	-179.3970276152367	-522.7945122068796
-2.8060484068992384	4.826533625037001	4.0722835763665906	-1.0770527255362627	-0.9014112570580579	-4.138009146227217	1.6968894606746519	71.60885418257199	3.2421385139249415
-2.7640478328124383	-2.438702189878809	2.6689747063227953	3.377646383379515	-2.891047754640784	-0.20745863413885246	0.6696836801038166	-28.147239417596374	43.726750126364045
2.4740988296402424	-3.213819162295506	2.8053099792222653	-0.8960234451252038	4.5222191733841814	1.600208639166989	3.0024178031665167	-21.346806071683854	-31.885479273312775
-3.068794508391348	-1.7883700911683	-3.7627829185173987	-4.206286065026147	3.1867799548653277	-2.7511587977947425	-5.711457726055442	-12.978625462978613	-188.797932092139
3.4135319106553332	4.07536998974167	-0.8654609921808838	0.9368301374147787	4.151197775519261	4.140205557284084	-22.211186562669067	2.215405861356878	-11.943055312317421
1.2696682570397035	0.3515634329676933	1.930716681557266	0.5774194155249122	3.717030370397076	-0.20618158676173515	-0.06346470354541986	-99.83173987125551	-2.9002651056350004
-1.2918052519839716	2.7859616215240113	-2.3684377471661255	-1.7755817659674422	4.194380301445591	2.9858348183915853	-20.248384035128613	410.81678144760787	-194.5233311493739
-4.30675127844927	-2.2558051073368226	-0.6730587816526477	-0.7881018453706359	4.964800175202587	-1.3216933520838148	-4.0245155783184074	27.67961771832779	-11.686502971852343
0.3535227877195837	-3.9617242621627757	1.8196126847491287	1.9671218950221947	4.913831484786121	2.705311437130015	-161.04849690469396	-349.94308493846137	-158.9373294364274
4.649547470896135	4.770958508720845	3.04219081958572	4.307330846793684	3.62651246001651	4.463541250127545	23.517191738677482	-235.835884557687	20.184228235866005
4.107721342048672	-3.251694611517799	1.9187916273951142	-0.48087730363955306	-4.63249979991023	0.28383350532974205	-0.2608520847098883	306.9548186192266	-0.7313934953324568
-0.5474928345928154	3.1907906926262886	-0.9712464721180343	-0.35830335639401856	-1.4394304559453266	-2.6674406671649162	-8.255183938324235	-236.42760488648966	-22.142968361232032
2.4993454182481853	0.9495555584821176	0.6759079322127093	-0.7645740030112051	0.8515261661385178	-3.002797093860118	1.098879490019036	20.539831396599933	2.3736417248677433
4.602737228578357	3.9276462954079463	1.4321040155496076	2.72209481712172	-0.16093510170173175	-1.9679347300760721	0.5136961892397768	58.446769711037476	9.062441458277215
-1.977086133612679	2.230731526060107	2.925597746670765	-1.021586498127668	-4.011348306011138	-2.845232176289109	4.496662901858593	-55.5968501327845	12.824475023438442
0.8606622741264829	-4.863935596313258	0.4448546046289401	3.6895785810420474	3.247696535436887	-1.7371858609874047	264.44505554822996	374.0430414909857	274.5406275053468
