419.5413551147047	70.44517421155324
-6859.929232651624	-37.05183174664036
1304.189050468931	521.5629440724283
1522.3570945420515	-163.62226458373812
-8459.690534557298	-10.370279752057323
-867.1686891004892	11456.082460819767
9527.918457741296	-41.353113781196065
-5605.280242543042	388408.1688820787
9376.209760960744	106.90775446051748
7492.114293081615	-30.681569493786856
-4371.575701913701	1.0314169371735973
-8895.76724115022	9.697454317099977
-4207.597293300098	-111.43848941626916
10998.521494941964	-653.2967132327094
4358.618992401308	365.9375221581028
2876.0417765370503	24.526538042624715
-10220.675482852841	-312.50500385852376
15607.054069951513	15.647514567780599
9734.004394968597	38.5193285431669
14345.624890613992	62.97256540232913
146.42845448936075	140.54099262745825
6077.076485402909	54.91416083451635
-10170.285122859566	-106.87430939988118
-1678.9864051551094	367.8559779897334
-2552.8784209489677	31.29791609433323
8976.707048338389	28.16088968657285
-7915.33441977922	-295.84297400766826
16713.053963175447	-355.15259307938504
-13478.426007988846	-101.09250738545016
4543.464240192695	256.78903519662276
13324.87238064089	-22.706475315034968
-7344.615948524757	228.69100953378918
-203.48444717639165	-1.3557539651962303
-14432.224347504076	334.6267081930537
-1212.9694133513817	10.698872665142094
6631.5701894198855	-56.901753811015524
19649.7889712465	50.06547047153279
15420.027910811375	871.3315569722479
5908.801229456393	-332.06287604749866
-6136.539972565816	-146.4826520451398
-14680.022157436098	-82.46524705461769
1397.3680675245464	205.50756763865368
-9546.308115512073	-48.72342305984632
8070.864101642064	82.91908258162599
-14474.719806569514	10.50170001934093
-16281.45194679304	-192.56196088362805
717.3932004642071	-22.320830448967964
-3769.4333656949107	-15.82446489002042
-239.54212549176503	-64.78809437792259
8796.583407157907	-7267.732156780668
-7568.333545990643	61.89592444559045
-16833.235702713337	-36.97224938174933
12909.675299756693	126.67497186710023
2634.221534062039	-90.81348382640516
-693.7208068063187	81.02562256153104
-11122.341702221795	322.55036942293606
11369.271867785164	268.8516914089808
-4083.4575036092915	74.3681493432786
-915.0198431971969	152.49289184179204
9868.137760000795	-26.410506960779383
-2118.547246267067	77.66323001083641
31086.745423345496	-16.211037124289255
8607.261041358382	-1024.0235626966073
-3078.7332262540713	-202.50504641285417
2925.6651129812985	250.39504112491883
-6014.082339331202	72.2406565741572
-5363.413436191614	125.90980600029188
5668.119737357117	20.262370209210037
-1455.4945689291606	-160.31835663736302
-1724.119002726707	392.8171931610153
10203.076414445819	274.56099101706775
-3637.6258328852923	-174.0981049822284
3077.332948326812	35.00545707378425
-8936.222172813685	-99.33116291431948
-13935.820650645985	-5.896207270142175
10917.51519743261	-382.70830509758804
2674.7916202911506	-217.70017598270368
-6866.456507156645	-35.614092141871865
672.4233689845594	-5.236510780000297
-2362.8653603977527	2885.475586019409
15369.720463789936	-502.13097343912534
4063.791481567851	308.5352938536567
-14306.070997497762	-355.5067777519292
3995.884459611085	46.530047287523836
-898.415411028979	-200.38896035426575
11663.451687745695	84.84086730041193
15411.019835135636	-19.43576236586704
1626.6759441886084	-30.52943350562604
685.6412350294694	-108.20077423093356
-4892.546282068725	-220.48993483125037
-3993.913196549023	-233.45586112675628
606.5088677938601	-9.985158635483758
-13956.567279816483	28.874391942642912
-4121.937199359148	85.34601771121507
-14339.253716132214	97.41199581419404
1691.9938297671797	27.471218238326713
-5028.711874358411	-3405.937296548515
-10378.937709280672	113.78213213997466
-948.4153837899128	-117.92988268317322
8632.039664626123	-254.35257641537143
-2026.433541267174	-228.57253787343006
3168.419652205908	19.09481450122823
6495.5953746596315	-298.90150678247517
8892.596418312269	-391.65917494248043
6384.387528103149	150.4484773274414
-15178.402257782258	-68.27015701004431
-378.3321701264303	891.5999861620253
9933.88374017254	57.9645492870031
1501.0675253641116	-45.977363923677025
-3492.015199404969	-9.011812764880158
4767.208287676583	220.4109090736149
-18918.811785005815	73.96059801425432
-6066.07402884006	143.25874716537413
-14321.091675934771	-265.87057043018086
-3985.196116297692	-469.2933022300653
-4390.084718997159	-117.5511872572968
-19516.41022461142	1824.7297375262501
6930.892695714346	125.80339432876575
4862.209199327343	46.83756340288172
-6827.50969219604	74.21084985914503
13276.089139722631	48.687883986557345
5366.515175866152	-189.44841695089798
-3016.0403259548843	61.47041381746513
-3083.516542220883	-162.0713695531069
302.2503929562067	54.063944792490595
-13829.94546028607	-200.82964994848797
6219.061874402455	-449.2345824770701
-18387.714697393847	-149.19832445388235
4956.2945724378	754.22022644098
-1242.913934227148	-230.47683603539707
1207.674238843363	49.16148112409261
11450.074649643448	-132.89618854342737
-1303.8830655354627	503.21756190177194
-4747.94629311363	86.46313904553573
-6013.765919831998	283.12962869710424
6394.258952344092	291.0519295086773
-3332.999798617125	-489.57133762697987
-3587.0216682740584	71.46071879432557
-5373.5349025191	-95.67325116343324
-13005.32154811184	415.7879471244271
6994.0650343767265	-91.70054208935478
5868.9429525406495	114.55440521507596
-653.8029249795541	50.29427088505091
4533.3556908201235	-329.78642223051514
-6101.698061908065	182.76359221603155
5039.373971810956	-107.19460977421625
5225.709928746421	228.27275995072807
-4072.4439209674133	-475.1768763836136
-9427.788382299463	-50.49024792178987
-12374.237477070792	-72.27339644783794
-8155.857266633977	-0.8086900815491801
-6062.226873298089	-41.238467548511565
-7739.677564703712	-89.5140692428934
-2597.1134082123017	91.5920434112162
5968.324124444323	-114.8080387641749
-3519.744424952859	9.981244287502909
-5901.59130059314	26.98324657984878
-9957.75002423711	573.0130313998864
-2040.7834941136446	-5534.439789003574
13175.307014773813	109.84430854808751
-5610.104271295011	63.42151519789187
-8028.252668559085	28.181748225381998
-12687.652566990222	-506.7814468427037
-16614.530476539712	287.6103217804034
885.0117895597161	56.295620123479516
-5485.1127864313685	40.30513810429229
-3724.496057657825	53.30893834241759
87.1331321525482	-115.97941516558625
-4079.4467990997873	37.66035532551067
-2294.7672186033387	112.4424505983099
-1303.138323617595	-2888.2677802588696
-1882.3378812809433	-45.25189977211504
514.0954371456743	1303.8583439932495
4854.155178702735	-299.87727461368144
-26707.536996280447	-95.8869915613633
-1752.5905506624538	-51.20029832864527
1495.0216959932202	225.62203115065157
-6318.420059549088	121.16095374736005
593.547668423192	-450.5555612131563
-4901.865040391741	-103.860773721245
4113.855665223163	82.59974441419018
-8705.010288054384	1484.3641835417793
6933.068657788667	212.58651195294982
-4848.736818171182	-50.72728269870695
-6487.151302881533	69.27565151296446
-3352.127542752804	-1387.7756841063488
-8412.877083141364	54.869067000610876
24443.840268209682	2.6367712520223616
3323.3098243622944	97.65912082526691
-8541.108368594058	375.4316333745816
11654.920913915461	-44.71943306177978
4264.9596715857415	48.81840860682639
2187.0458850108785	-660.4889556129913
-8633.854903937701	37.241518508119825
-8108.708397643198	-858.1972102175448
11092.2974148034	24.58640954802882
-1169.6039709928152	-84.6234788402595
6403.970481072249	-45.61292875257738
12119.86674045721	-3480.812027329097
-16096.131177836192	-120.33573984921357
2920.4990945760665	-11.27619310318404
-7303.452384626013	6.7283650487555775
1435.1367164146313	-136.93629408555412
3227.563690003381	315.3273099302863
3430.931387405795	2.8244394496962206
-6182.5238084732655	-125.16886052985981
-16539.5946288729	3342.5038004505454
5041.233608748957	201.9994326117757
8837.848196890558	15.805333588282707
9735.735523602138	-199.7487245882898
-2948.3467700758288	991.6737440834843
-1074.189596364603	113.0343336952494
-4013.710610819641	475.5758086260123
-16058.998580870602	-610.9127485106892
-12094.038440755368	-103.4265366213993
-811.2818281109805	65.98059601411441
-1982.3857193807821	-176.73202900650634
5825.74160073415	278.58143056034237
-1930.1070603516107	99.11161443610158
-6215.1821014145235	159.04575497172888
18587.427015535217	33.1492229824535
3993.0767666185543	-117.38012345712342
-16679.987981315004	-139.1462747446647
-10118.214263877298	-55.07414136814635
9810.200236077128	-112.32579534495343
4518.4592142602005	-26.217206928816577
1719.9829052442615	-199.71549522949604
8642.206066100884	-239.47597602932564
-5902.242580015222	4925.342886592471
-8058.165664882656	114.08705334916809
-6017.574008201179	18.923587211747034
-5877.477724046388	-371.6559447421633
-4791.477319669503	178.84579560405695
5648.883431596768	-16.53978733699993
4057.387415811587	-89.99234266550725
-10110.93082153193	-695.284147783481
-18163.606331540526	-205.29510669227892
1563.0439683645038	-122.66715885956445
2888.424132473544	-433.6540922058261
-987.9752377789117	149.21281009640373
16957.757336774044	-162.61752732118842
579.876632777764	85.72173003378832
520.7605399821789	121.45285179079143
1146.8085274051068	-457.2696046204308
-9409.24171157028	227.1890033314458
9120.527167234335	123.72845439569765
-12252.857789794542	-1597.206803081699
-6131.020136697112	-50.60877344761271
10162.926098111557	-442.3185666333768
14042.062126443516	453.80163306728747
-5889.118974015236	21.467856709811013
-3659.238441159839	50.59669331486541
-16581.880142690337	-28.435920157281064
-9132.261236094138	192.00328129410414
9282.501766139585	-165.98592553746394
-5746.573583437306	-61.93874011944403
6723.595272359187	-45.511478522644346
-5953.8078827968575	209.88191112175105
10251.009615581172	-145.08641882097407
-9871.604821711091	199.82487975587114
5021.444135614441	-417.6571260380346
-6411.093276732356	-101.5410504212804
2967.4526879681216	-137.46572793737226
452.35904375931943	-34.76352399370544
-7024.776001727274	353.1473728535554
-14769.13042710845	-97.90751428941682
12594.721157341808	39.159344063263
-3746.8511723420547	-136.6224490708184
7997.891303224454	115.192636213265
-6372.733916118419	-23.75979365936061
17356.106241272042	118.77786526396964
-9914.783510246427	10.488823142189018
7529.409129325902	-135.57119043255264
1794.9366518102302	29.803228037903782
1551.9692733355107	3.3216601068989045
-5108.28133779436	-209.151587356844
8004.530678794113	-9.377252584086758
-1873.406294547059	-69.49515352832556
-17842.06705522331	-105.95415008974993
7337.487028676561	4.304263191611599
7666.745959622654	366.79983566271306
6925.498117974736	-498.1378460015677
8592.132784824298	-328.66611990516816
-7380.657954317751	79.9659909244916
-11888.899345219515	-10.417824602393392
-10218.200447052384	-126.00320773622079
-5171.14171528291	107.31816503712493
5684.012587091347	159.47629298664972
1953.7700102556967	-21.080881811103833
-1542.5927169724919	-115.57396055334365
755.1310388801296	-16.59243237175346
11249.66902541203	-136.65402928287398
-5874.2737509135495	-107.92244554668359
6755.023855628434	-305.45878971009665
-9972.650701906738	-1006.6947185869556
6842.12504139479	35.78280307779634
-7144.141557758213	-30.123723525446987
-1592.9369165826365	-195.06903331546656
-13397.111512132482	-36.30029059528036
-14197.833918741235	-35.213174700615355
-10292.59902381829	-57.610008488363164
7854.366989605647	-104.43056536664443
6257.5119486763915	111.71357494960482
22138.911457848033	104.26685182378444
-12197.469386155475	-139.7166153024622
-3038.7544090399406	4829.85460078728
11628.254647102929	543.433912628229
5333.831073280626	143.7416804867561
11793.624388420008	-47.532016565969904
4048.0615911811387	48.5885330931668
2678.6528209153516	83.84417105475016
-6428.21697973994	54.72117165110916
-1315.6143173463636	-67.59967185017763
563.6437270913266	124.62830622964302
-7268.603266142343	79.73821410283891
-359.1398952462772	-75.51840995908971
2572.7709232305842	51.26536294624668
8737.391151020394	-39.75674705509297
-5561.34971993651	-10.510857029649689
-3017.2406997613266	373.15905140940714
-13937.300817328392	-1632.3004362195218
-6037.062169783156	-6.170439878329612
6021.2949102749835	-4.691818566886797
-9485.125772609781	339.0553351644414
1813.8321598001505	242.6817453366913
4915.240486426418	53.51155357051328
22693.737186910468	-182.94275357163278
-7348.361204207591	-253.13445987609373
-6384.831262989768	172.73131530824034
10974.386707071775	-141.01071648610818
-5465.083138736521	-147.41567088341375
-5018.075606005684	12.348488860396476
-13981.050668285183	259.7170846048734
-12753.61083205058	180.01014249061433
-4592.562240826609	-65.02441153281418
-2843.9776533209715	-57.827284262976974
-7806.328936391491	17.17600795341467
-10277.201023788468	-2.36929315363002
8761.29816837649	777.184543000909
-3951.8523253439384	1548.3350434907313
-3706.108995557554	391.5450031583837
-20758.77669776428	-3.2374122889322603
13037.136613165329	-169.40496410728932
-5284.342785432572	138.6910021840948
5178.865981193968	98.58397693865267
10098.592813054342	278.6303439769349
4865.790877105985	143.81784060438676
2454.812021744848	-303.01494488592294
-9453.13473076137	148.1721074768607
950.4141349068773	78.1952354312161
8413.194221422451	-80.96109083213392
-8712.997598226579	95.47485864594086
-1790.1554349896248	47.55426439068752
-6640.144150686359	-198.30379501210467
-2535.3911256701576	-130.2543406235595
-1035.784827651931	250.34958323928376
-6574.933978533473	66.98315177974791
2677.426285975806	158.81762442781314
-4645.963991007007	610.7457126300528
-4117.120362558641	-174.91349188649951
-25773.357599030005	-357.6840118464995
-6033.161962462189	-3.4589187504410557
4426.825634135381	185.5300598296633
20712.33637368845	-251.62129882122215
-6006.700423577223	337.8303543095392
9282.466753200677	26.81157034215954
-11249.823830687194	-80.68196957831715
10543.223984574253	-46.23998165857445
645.6460390478645	279.44991672739184
3119.71288201767	-81.7807335213491
6168.698840883869	-37.70412190842151
-5639.4210827799725	0.20071508505139254
-1352.831909345267	85.52146141828912
-3317.482147960444	-39794.55943157269
-2296.2472222671868	43.28143783822409
-5369.973695030647	-507.15494911707066
-12497.922127502217	-331.3728959670949
4874.239583439445	-61.215498663645256
2762.97369645924	65.8105945038258
-9276.195151506929	128.8371147433288
2443.4003857610874	-193.55075596926284
2182.87557228314	-47.71175857976514
2296.835890887768	-50.166859303003115
-1989.3457735939846	-103.36613483696657
-11705.166750469516	-69.42892332561901
8136.340146355242	-351.6442157612485
-9733.461297652522	-81.85645182101214
-4753.44380804313	1688.1413603329368
9398.261346966596	-1.363528134292226
1083.2942280253283	-57.76305310380799
-12706.217340623049	507.44117918892135
10076.720957865438	332.56559568433477
-5608.238338147573	135.52872405896264
9540.70287447071	15.689494537991658
-4134.355542143733	588.5767426809728
-11247.162886773365	-223.42562472129552
19491.22782778378	47.66169644235998
9006.426508107355	26.87901664005423
-5283.570674744644	-149.34030293258417
-3329.6573569928614	297.4253847596327
9804.08520970283	-60.00051439322299
5322.365294845576	121.81316227422354
1733.0931287402057	-72.0435280372226
-4768.976220295942	-354.76545044622577
12077.466105245661	-204.15664563367235
17847.40490738002	10.625791111191704
15450.785931313489	-104.39471612075168
7702.440766351861	-14.092307107039888
-8761.419800283244	-66.60942194471609
-8967.105401707626	191.89112412274724
10096.621213711835	2832.667734952763
5114.8888224749435	-806.2185749220524
-17621.51202635034	-333.00007119611394
5411.435118921808	-90.93620389271864
-12331.57179946512	485.56751114143805
7684.089380147688	63.601547417194
641.9747250879133	102.70236918530323
8066.620485169126	56.84221478081444
19099.501626525034	44.80172415078155
-1294.5267303446835	-164.6107289664734
-3502.153266744767	34.22717151896085
2177.1956142608983	95.20998030135658
5841.835496221343	497.0548202205222
-16768.511292392017	-204.42933694082802
14411.901568902716	-80.27436421834723
2035.5232913108389	170.02457056893118
10398.421900778516	-544.6776842342387
4699.273977826572	425.3074007072533
9131.531635381823	-723.1649417966855
9022.742848665966	-126.31016443467497
-6622.845785572857	57.185962087230166
-8889.876900364588	25.521133207444862
-10361.666198052146	-4.583636531669189
-14200.801277868168	-133.51227384904467
4622.69118595463	125.72407620635707
4278.29780511306	3.037937174415171
-5603.477812792204	-69.36057000495549
-176.3760751813802	216.61041356332052
-1708.804848799791	-119.68299555877293
-8285.201562517834	138.61426620756288
6403.180342740435	-93.73230936178396
5457.384705717677	-8.341686784346084
8177.834552574009	2.053184051148137
2757.3422123430632	-30.820294471727028
330.2819684143788	-62.18316813397974
-1523.011781677508	-30.709239299198728
-2994.7766734854	-589.9363622689605
7130.297315633183	95.27237998988916
-17809.05246127624	1413.6573631135684
-4875.616362215141	-1523.0324658478494
1596.6904073061767	58.99416853514776
16098.623294909781	272.25547609803016
-1188.935346088086	-83.23299201227461
9916.805306944598	-31.8367438142195
-19643.283039232807	40.907756066777274
1673.210795229338	1422.184873084681
-8727.72759796471	49.726301975621915
1190.5100199156896	81.34854825674232
17953.216454803423	-26.170273843262322
-3526.7620934494344	102.2046267235815
10471.54440330363	-72.44367248043955
-2974.9878414299787	116.6967272001988
-2183.884061235724	124.92793365369751
-6437.386115490959	-82.19746799940226
11426.38547224799	114.35655808580265
182.47924345252426	-211.96283693334502
1819.5974700699894	-10.106406633412865
17061.81198592759	-62.732840367648365
22713.81218231905	21.53993267023231
-17852.320779049398	26.51820438288249
-3285.8534242924707	-16.384956444144862
-1727.1071844327425	-35.61454803091903
-9349.633368346978	-23.275426515170857
1214.164365809742	119.68205102317941
-277.09641400328934	-345.9975030995296
4675.507545161975	1523.638351628794
43.80177049239297	84.1604435715425
-25897.96390091952	-134.3943840257247
4290.976720248798	108.04172683648912
-3323.3846363974176	-5.618794782665142
-4239.8910238355065	-193.74568731437216
2103.1060017955183	-256.36261769999106
-15285.057631783908	-56.358799943213675
-1469.6886440216654	-4980.148561725701
-6010.496202834457	-1173.3363866039617
11645.454149864156	-128.2269510904181
-11800.059247067575	-83.30970074007938
1360.3829059575007	-83.61227781528704
-9186.878924402357	322.5609065976394
13969.598526149914	347.8138514329323
-5457.907604123991	-90.07648669264603
1192.432854831901	133.72472443032927
-8396.165102598696	121.4582861365936
17822.003805874956	13.895807460267129
10906.065795349048	-65.71149077481269
9820.717351017422	92.51991384930739
765.5398707461886	-54.5370258268584
-8749.824985928664	-1828.5310121413831
-5228.847043010258	171.69243680488265
-1594.4495143198494	-77.76758001172021
-18900.586002403146	-256.3372061830824
-2908.8048145296775	-37.428299032367704
-4959.857114218048	37.51387004279601
-17280.27292683995	-21.234389563347158
9124.081852344229	-14.080455669885684
-19927.31610448111	62.994812011897054
-2088.298072862526	29.35252567247527
-3316.4847757544385	3.0899619972483197
-214.3664492913551	-281.1419466666181
-10782.717454292726	-154.8771644662673
3316.564592462002	-11.455628370684783
-1763.5645001801095	36.39275968286548
-1519.209930166316	62.49443127347651
-9649.396561492238	-377.1234647815366
-181.73356631633308	-59.76941321471513
4304.047428328091	200.37665450541618
6662.959053506962	-119.06197663410076
-5908.746898427053	-468.29583416432206
-8721.710606939421	-28510.82078439006
-6660.596445757625	179.18251824585906
-3483.527135596488	-84.9278274417417
6439.1692084494	-19.629600262334222
-5940.068469191013	84.66444322820146
-11763.510961990281	38.32209236852178
8805.751069420105	-340.1738630933012
-10058.142814840106	3.244566026341927
8738.445648218621	-64.38921980207262
-14410.740214698119	-4.465832139259527
-2592.380190139097	23.748358092736026
-18270.944319690312	-33.314535886336856
-6550.3232206728435	131.0104700295054
-2982.0489066971486	-36.60940983670415
-12751.262041974753	-36.50972713955881
-17440.295833615637	54.502343344085375
-749.3055437340917	-57.744916204720816
3062.2748460427833	-171.61307586878388
11714.57378777634	195.01217442287773
-107.93928600392029	-89.74670049876102
-20033.249108296954	12.154027229078343
8465.287332030624	191.93007902571793
-2725.5059818263676	150.91951579365443
15789.433876119416	266.0295760866032
1076.9425217291353	367.38275742224255
1287.67270519249	79.47005284395618
-6819.588480080336	-174.56305702362704
5483.650791390755	259.91827636346
-19913.749941562382	90.57376968420331
-10514.087698234665	0.9612940943525933
9954.203008668634	40.94457198669463
-7312.2329580714295	29.147681248091843
8950.87776939069	-421.26714520498547
-20674.727579859504	-3605.906566766258
8909.57975579891	85.67174935849957
-7458.5331049589	-130.37753137001317
-12868.079046051453	-108.61455600709107
2336.3473541367	1610.3962659910494
12049.06319483917	41.15153377489953
-10977.499137472247	111.34293973530373
-29.132780312646993	-12.409231314931933
8250.487380156297	146.62549484123147
-7261.543236635741	60.47991414269098
12855.745364546232	51.4220032619027
5062.931210151017	60.84208466435705
5673.564453516654	-2509.0158442010807
13696.93977823515	381.1538761230663
13490.01186731247	-382.5710942432697
7226.952929024817	-39.09451441696458
-6715.485317768038	310.6841989123843
4393.6111001038535	-42.747580674960815
-19607.56664279498	133.56238038392945
-10745.513727378264	17.93627971910898
7372.90909464819	15.235631215722576
-2658.8966459941707	-262.05848120805103
4297.671453799236	-982.2631131105087
12221.706559931723	796.690005183373
13012.527950005731	1274.9769543374973
-7933.254556252327	39.26583424405198
7841.039616847248	75.97919173323923
4616.714306839964	259.9858912556039
5077.050728634212	161.32821590185043
-1506.5165340732274	-194.67317769032448
-6552.48635962275	86.33510332776414
12190.715052899119	6.062470136060664
4913.0653923716845	45.79964763391139
921.8908215695819	-48.041139080994576
5368.213989426201	-5244.73266853371
535.3901061103156	256.31355715218143
1197.6705263587482	-698.0160253646613
800.8666794742867	-127.47560806996674
-9935.3236410339	-253.92763686579468
-461.63189507604034	-138.98065080394744
-9300.794344534195	-88.05367064494106
1378.2559529865064	-214.0575484364599
-12842.09225017115	-172.2416024305873
-4083.6986693964627	-383.1631672992166
-8573.937486776385	-18.367553030460883
-6811.447649587501	-96.1681794564191
9751.110398594366	34.404807195575295
9425.0207622514	-71.06071514959079
-10299.263900024764	-52.31354212858692
-9629.263056872	-431.9338662215579
83.64575740126115	59.25516693869311
-2615.136496352389	-157.3443193617488
4791.857445779112	168.89811461961102
-5685.060368981047	168.11807488649933
-14737.141998880266	-365.4992417699875
-9535.689506018995	42.10088016969296
-12701.728608688334	190.94846958309222
15602.610922174776	-22.959539805029543
-3382.9966089083214	-70.96300503501782
3023.9107173412494	-314.7984834313564
-1120.1214396274586	-2448.6405381032964
11351.943293073891	280.6513232828747
-4819.035319630802	926.5257837940346
-6956.623086483667	-23.98848155641353
7885.83899050739	353.4514166679467
1475.6345160261578	-43.77154995954838
5665.640588772207	418.12238456153983
7840.543954691794	-76.95559298292353
20512.632954036973	-2642.7662299913827
8135.186803107299	143.54756840173175
9138.066473693476	-106.47173831198603
4724.641829174444	7359.562646637916
-5990.033450408876	-146.46796288044538
527.8030249844495	-43.92477459728997
-894.5473789191578	-53.05985207228077
3179.7082952466735	-388.7396882869477
10347.877654960912	-37.46953177193108
-10598.180783355572	-190.56377645011528
-6582.116764329415	-52.506247126185464
3795.415630455295	78.56489170368963
-7230.638960775643	17.31373202902827
32.23478306397248	-505.40426050494995
5764.264924233515	-14.476371906147666
-5816.407532848835	34.35091614791228
3640.3019096342828	187.72481202138516
-9236.822764715313	1.2655934799206865
-15910.862972366542	108.23123320755037
-1443.4220526131069	70.07936588094981
3069.3638025821756	-339.56337729278965
-5007.143941231409	-30.30027626531308
2177.903076081448	-33.183793014162895
-12254.541819391883	170.40068761881207
-4612.0645983655795	-469.3451005315047
869.4534604885231	62.9331501171338
16204.849460246118	39.65602678637627
20831.36523720538	59.95099440892901
-13593.20021349901	-260.01346947570283
-3573.2731253076954	78.83363261868797
7301.905133718717	-356.65567502493263
-4399.998679801263	-48.924961339122646
-5405.80137720077	33.792649564548505
-4231.485031062516	372.65629562863165
6163.451596561463	73.92016329593606
489.4960864538403	-50.05617491164678
6690.498118956952	-50.84350068068575
4149.994618087271	-63.77528790641945
15588.131460525836	-50.20461232422459
5692.8210311255925	176.16691353073662
-1560.4502699987388	31.665576143729982
3458.1562437156	34.730352927594446
13160.137088643456	-81.95710350208508
-15684.939785468638	170.51295928016148
-286.51428835146675	-94.65717071253786
-15381.211136670092	161.1485271880988
17268.253893114816	62.323579679207356
-10724.409498310759	-323.4271483799136
3222.340615163496	201.002599508275
-2871.308849721569	800.5271254273094
7430.756271376042	-193.49602673235697
5309.776788835081	190.496971771457
7463.174386878659	99.2805093251987
-5781.144664704365	12.440264804972553
-699.5009573257257	84.38111234966271
5490.150033602213	62.7615354479718
13953.333365570761	-44.77004677043118
-2016.0839506293887	-69.81988933400311
-16373.69202300417	165.80976233184768
-6094.227243564903	-114.75861826082438
-3678.7827440809383	50.02604339044345
-24302.258362259952	-124.48800684129058
10850.89837107097	63.0917961224258
-2418.5290337862475	72.52632576118978
-3274.633807829712	-58.02847199366257
-3829.9937433152277	-28.897159257258377
11479.831499383981	99.82047470556898
8622.390288660312	162.94807099320224
6507.895060171978	-90.42531941701004
14377.760562468078	325.5717110899427
-7993.248169403638	-417.03881667905404
-7934.297207359541	182.13478351554366
-5579.912089600903	1478.2832819492264
8354.938811165677	146.3110566459408
-8986.852991265978	-46.22101848763864
2384.773410291505	-1797.6188303798842
-15.595258303623577	-80.1118476016649
-21129.424741970608	517.5692700036446
12177.874826221487	-37.80186792387746
-5924.75694234532	148.25936968813974
-11716.157131397502	87.67317301755625
-2834.272087079899	-32.66300621269466
-10457.385436360399	789.1815677207592
7431.402597505583	-385.8623131605521
2431.1975870155343	202.2609321525658
13529.416147713691	72.14007469155663
1261.4962977033779	-207.24615029454938
1171.984852857504	-540.0494155537599
-17116.35949209217	-109.62648148149415
-8755.610098249397	-100.97301922239393
12255.87021924484	216.10756767731917
-9090.119540280892	77.3130425014645
701.8640680843029	669.6887787809806
3810.0907175396037	405.6637730047997
8769.40727710312	-106.23377756840813
-4137.594136518516	54.529678827603966
-12661.306088129035	-83.09793237998389
-3184.4995791188453	164.71650534998145
20459.176064022595	418.41400987679964
1787.7946218551715	4.681995083988551
531.0711035198668	44.89134878548643
195.06723303455726	-8.233774282223658
-1267.0213249999122	8.886121127455302
-2390.7286021072227	68.81204773793398
18497.243703725097	-57.87888759393422
28317.31393616163	-94.62377180034709
-7777.6094509636305	213.96650574826037
5309.884422825075	100.87271400331588
-6921.267369244191	-534.2308183812281
9339.913221187622	-96.75410286636952
-991.0078941397271	67.50997586366431
-2673.528263229234	-69.71499607678572
-811.2386003763628	117.999884677756
-2429.2220646711926	33.28472542984387
-11694.175805499368	-13.441829470113502
4647.652250664832	291.58772382771224
-8526.885486384064	-120.54676984192659
-9754.207911209272	-165.6518002297584
5204.575831498629	252.36869060058166
-8018.227846674979	-107.58022437995473
718.8719401069156	865.0657750280678
2562.2496112505983	-51.95388709205821
-14494.201699836865	-178.16155394214573
-12216.798637709167	128.16672018601324
-2161.5411097210836	-359.31403196861305
-18200.63704793271	271.5067139071292
-7327.771355333421	-457.3072116085488
-8869.58007547344	106.39675407391677
4482.107784997915	36.853984050406524
-871.9465217953508	40.45032313844843
-2832.2504962756157	114.96796706024769
-9615.921922483354	460.5883640228
6737.657175561968	837.6324570680302
9959.205378728042	219.7103321612664
-11542.04103178567	-174.868420056695
-1465.2935761341612	-16.777965015232763
1514.4063097912576	85.55149457529438
6136.014658700635	5.241624520041944
-6933.552495014538	-132.11531747431155
-1877.9307897659735	-188.74178065407366
7937.851614763141	80.93523413813367
5063.969338521693	-5.539366873161813
92.99954676872078	23.645639635318503
5190.28969050476	82.07141827326345
-8047.615610878734	117.6311734774535
13851.361387305793	-54.55340754847638
3726.354524974032	-67.8759825590787
-14484.40513277662	74.38771976690991
16027.345470759989	-192.6510433873064
12669.372517542153	182.82356144339852
-9033.329275822343	-34.04805264558408
266.72052688002594	209.55251651139196
-10609.520360278553	45.173489905851696
9248.648676036151	261.3185507668059
-12787.921340940913	-62.3163432880354
10185.923262772174	-68.66156983216955
-6406.801157087808	-34.34209135632908
-3330.476700127682	-59.15899847522996
5530.794386724564	-52.666126231597744
7231.894881034442	240.07626380773007
-12976.267772134144	90.31661738833364
7133.505831936672	-71.70346049784362
-7640.084938327727	-30.84354007919449
-7203.714270724617	-97.60968902033798
24085.906514101338	-43.497477339636355
-12425.392691344554	-126.09627094053026
-12118.001382630848	129.70651370984896
-3463.5369466236934	356.52105266718803
-12688.119735438197	-152.04628470649234
55.41759761163687	234.55487065061843
-3506.1407820006584	1131.787956078858
-2791.436612681193	90.56832038773112
14236.063399790934	-145.84592190718655
8001.874943247716	271.2040859923478
-7440.689432600165	30.81262436063482
445.99150978605815	-348.8819076189803
8619.739032571866	-106.75610165864254
-17306.314845874942	-71.2167660984522
4458.049982584337	264.4384300639036
12895.203980303793	-329.22568504443603
7386.056485428304	73.20962759149735
-5264.036437716973	715.2794979215308
-23191.977601706127	50.274877810917914
5532.760802521349	-235.18568817037712
-5669.583891117445	-38.03410953734082
-3237.392656651508	49.86558693973343
-2537.2728896323433	211.88576002303455
-3318.8701773570106	11.303206114657133
22895.10076353623	-176.30463615954488
10391.000076645341	-140.7911163144866
11055.214246756494	-24.905668667720946
792.0329038312044	-144.63046960700433
2744.9887613149244	-93.50023155325651
12612.744939751085	-116.79893193507033
-7307.760121542253	-246.309452611447
-1284.7382420363313	7.321821619313164
10173.12600870933	3071.51636053898
-17238.54089046021	133.82861882790047
8285.052121630375	63.29540652083007
-2095.8934185734875	17.855002446315986
5568.959205617138	-3942.517833335129
20095.873404833794	-103.74823577022372
-3096.6311534384695	333.4634517336695
-4507.794385497759	110.32238786887707
-16007.739855404096	68.13431872329686
1906.5974972187792	2089.83839356533
-10200.193532640422	16.474425704201305
669.4450554948303	-36.11985044451
15032.598374909632	439.16299021740275
-7864.036157874172	-39.06025769977099
-11733.506607771325	85.52895315530388
1440.1436142759835	219.79118643855097
-9763.895813379286	270.04705595670663
-3903.5012794516547	74.18811211314913
-5183.26228526657	-39.59661981557098
-20060.93725829712	43.45522152513427
6300.611004585095	-140.26905300819075
6358.312868170441	-43.06498570087103
-5937.270912408194	19.80341048299299
11603.218862248401	-118.6038297407239
386.9832779112774	81.58758639109178
1458.7985352663065	-46.40236264869538
-6358.940781739359	-77.9948930760261
12700.925402539127	0.3524440675224471
6519.817510247447	-79.61629188592174
-1346.0144708750627	405.14861751447603
-4546.64471072776	-599.7798052668736
-11755.50270677516	58.76973346067115
7851.773657969044	57.763800210649826
4567.5289020825885	-101.53099133715881
-520.2574813417326	-119.72059738823062
12992.568309907101	-1.587030327799468
1412.4374929840237	71.11463835345829
-6057.35709138105	-180.67062209331183
8595.327519046397	91.84151487121193
1495.612539110398	-92.10580866710609
-9348.769539188646	155.406548449988
-17525.825740111097	102.28929831972253
5667.269702379123	48.00625586941939
-2343.8837393357935	-661.064351340271
-5196.529777732091	44.868943408179355
10800.013630563777	-17.66577016877547
-8557.904896871672	-315.40133762116767
-9052.843416107327	133.51446334719657
-2521.594341138391	61.48598906740746
11380.638215402067	172.35706419759265
1433.088276639703	52.29255640524123
-4429.598242029499	-92.54933639490928
-12690.03183563416	516.9827706760184
-10945.1145017863	150.80269961934212
6168.169530335159	139.16671528377609
2262.662301228879	-87.19420637257902
-957.0895071234553	-78.09304277734401
-16767.914186992617	-543.7545020325298
9612.015794009316	27.342979213134498
-5934.877752033393	-394.99186317283016
13479.3786028899	217.26449573570034
-3090.913541903018	-195.27709474103227
-3465.5638567653136	56.21545553147662
6776.69906236237	-12.312804451813312
-1504.7421056420815	117.11395601081085
-823.777769507421	-1941.4864618852687
-3914.322586389934	10.704821317906719
-1247.2724297733807	222.39053748527982
-21377.164961879134	5720.829601749839
-8202.63613067315	37.462921070012676
13198.492186709465	-80.88456172043561
-3928.1019619867348	-32.58538892126864
6713.388059763162	187.08629420016416
-4688.742155683101	-18.021682287714448
-165.1448140368581	20.47123590686324
-5420.654703819672	133.1066544158224
-10333.773851615484	7.023164652808603
-1417.9179009301672	-477.4396920075433
-14047.622053647137	203.03957099446296
3066.81940312436	-618.978491951481
-3744.262612419959	1168.0737469723217
3203.3293595640316	-62.39551372811457
-8553.948600118589	-215.24358929445899
-12151.73623979611	-84.11884759504976
21912.479558181396	-14.846679862910642
2121.3657680686365	50.29259743743139
-4234.037680040731	243.8211912680921
-12125.016463599584	-123.95213382731819
12181.602711332887	-870.9740835945228
2868.4408184227323	131.8678596308147
3796.5619356061193	109.5460940140368
-6247.466533610718	-883.0220875389123
5045.514100767634	90.7531857743438
11594.063303183202	-176.1025680815231
7239.197675143301	-507.2758615978858
4481.2312187257085	-40.577820262869295
-2184.300453819862	-41.68269932196585
7000.73637533263	-191.16026366115523
7152.672513795116	197.2295494618304
-3294.125953866432	66.31499286304367
-1030.676815844005	-17159.801783346265
-9250.831412379024	-2.605180248701679
-2134.7862745009556	-260.45233279051314
10939.477263470777	3807.2230284474595
-4532.2196373865245	-24.243827520360917
-8835.4212538939	112.31502362507968
9674.714856358907	107.04048645272019
-6047.4353195200065	-183.40573038577946
1211.4437442465867	63.221155312259086
1493.0671622272582	-17.147847954378317
-12287.406539167774	38.089261364852106
2402.8287036541665	-92.26568484693722
12267.805022201086	120.2434474821246
13953.507324523469	594.0099806707444
-683.2353460274782	423.2302207461151
11570.30046455415	-1958.8855318868575
-9523.951160220677	-25.612878020867473
-3464.390112700786	-74.41840611684735
-23330.984674262563	1916.607883135983
8495.733957434808	-600.5090230445865
-6594.83124519228	110.32734284411687
-12835.853499535739	-243.0742647578844
11853.114201097847	-34.438543818503355
-12342.54842609892	120.50594340733095
-633.6527136743042	32.03069677277297
-2530.804211687949	-226.70150386746278
2652.2285713820706	347.67817188590715
3016.896821816906	78.92868859512889
-10051.489149499583	320.05371710456217
4003.4081184219917	446.19690200168566
-12772.576618638719	-111.43107249976323
-7039.460522909943	231.53976563339575
-321.06723564974334	-77.15157865425715
-3794.6081023263373	720.6410355536673
6200.954122538041	-243.51754550753478
-3161.7328506427593	-6.783293048554225
-1851.7600588885437	39.120067819782115
-6311.3643656679105	-15.25694321986227
3939.0473031802844	106.46885530015915
-4771.390665175436	-64.15551197613367
-7227.344119605813	-106.95303739155
-5257.8382552321555	34.7999298188562
-3351.8941627248914	-53.04016982652301
-7652.586406211318	-41.93226395348638
-13414.935929443029	113.10989085826601
8401.81080833058	-62.35094058186523
1632.1386074934896	-31.41783074344911
-2411.0492567712377	199.25928781845624
9860.29666270695	93.71470426564798
-20755.496223543894	463.6468053260911
-14883.342603451407	236.57082207786652
-12526.961287199741	-489.2327782929398
2271.812132421041	-315.33420868673824
-768.0899379376631	-79.6492668657068
-206.9307686377799	-192.52903244975482
7932.132765067456	140.76208972686638
-8922.101433478687	134.59290438437625
8426.263232631203	-237.93347551563832
6908.773757549212	177.25355340145308
-654.4525358468937	200.42472418734874
7906.329103297448	17.17907659309885
4957.611534260002	269.9719329557968
-102.69812370916802	-67.19186417102819
-719.5035695843324	-19.597495328633983
3285.2586292201354	378.6459179581837
-1843.3183239273294	12.432968800672532
-10502.10782654456	1242.6159993878712
844.8423301715706	-135.16092717290772
6012.716429799331	-109.54999194122495
-9867.03471892335	-0.38063947201297393
5128.462981677049	-38.18287912912563
-7079.0837413132695	-225.3057717733863
-281.306156113746	9.628102398219118
13103.01836285773	-867.7334686353283
-3208.7971185661686	-56.71229208184053
1667.9837018559767	55.62904212174652
9376.087082748818	-44.39614402904637
-12179.824857179983	130.43284164435622
10676.650083323875	189.16983872269915
8725.141956385167	-105.95910239330914
-2241.028896537601	-58.19647078164844
11547.399914710519	-48.933483800955145
-1984.008181781184	-3.1113427519026784
4233.097657495769	-27.559501691799877
3597.2550810188272	13.825496338291984
4693.383464323309	-105.16097009778953
-283.6711383821112	-114.69113484778251
-19438.957495819373	519.8022928608215
-6696.69624136348	151.83440094295577
-3211.2157463373987	23.209737349024373
-1031.5829931139938	-60.845101184642715
-23792.76659880612	757.2954622413996
-18878.903137394944	74.27747960810487
-5458.189353318411	-385.33338411718466
727.6321180788125	-108.24342177682527
14849.106685097688	476.35929026737676
9983.976906255783	351.7541874195364
8197.69117227856	-471.76219231008116
-7164.006795928839	17.057086271550833
8958.608413748194	-625.990295941588
1794.457935084992	-124.75541580315638
-15845.965739642163	32.63928280913616
-3421.4704236357143	32.85613524364993
-1346.8092262554862	-1331.2489497514227
12351.875639393307	118.85305144921607
-5676.878225001449	141.2285941107635
2866.416950760469	10.572199855575077
8452.937638500922	79.55238325392219
-8850.734766761072	-328.318423613808
-18495.745734355365	-845.8140604917149
7022.503706216618	195.36807421393755
-8526.768128776002	82.36460034198268
1530.4528970347574	-145.2109082874089
-19668.763833927926	-85.78065983760567
-2800.4650351106743	-93.96772210580168
14419.631658110591	-87.61599206902892
-1093.0298191112995	-4993.876262596082
-2507.717088764103	138.16305532757244
8252.311868386547	363.3520604659817
7114.499111757558	553.052940486871
15613.881374715364	144.51675193837931
5125.946339463466	-11.442888697531586
7826.028689344758	-1.0044801497455058
3627.0059975445533	49.56469253609593
-14631.579687929825	208.14707509283323
-12570.77098696013	-700.7991967800618
10085.03504516345	-139.452061116025
6324.961738898239	-148.8241630616844
413.6759178053555	520.2186959093317
-11753.882740957368	47.11314478556134
-3932.7599468367243	19.869102149465764
-15763.462545613567	28.205194805124123
-8296.89530704	-9.135505598815401
-3320.8253532874583	36.1306630855421
4250.41328453992	-51.49239707217728
-5345.538638327659	-38.66525012093131
15153.073594822768	58.91198624212143
-4717.524702081589	-22.381080107519093
14365.885191126403	-199.1254690551866
-2738.364160125217	137.31525503397648
-11698.794263437778	316.961563695322
917.0964759960807	68.64229286342216
-3626.357044578043	23.473473076349478
-3988.1423439792497	3353.1675661272498
-5007.163615981531	-29.292952125641456
10066.439742420467	121.38407145344698
-1395.8048400781195	-13.700668156219962
-10426.080579225083	118.71112252443363
-1806.750263879525	-218.4707896739831
19041.690682746023	10.673301304723887
-11321.296771875384	-163.74545415800694
5538.533977549295	104.36767282306621
7247.141610758442	-24.85658977209987
-1182.1883887280094	-121.31085311110667
4167.6813362242865	-96.10095607700548
-5363.123763380063	-152.84966094743606
1406.8640082726092	51.01982067364837
13245.798041166528	-224.69633510826714
13830.643075727037	57.96540604862227
-8985.584532608482	-179.8754275347466
-2584.247785297897	3.2348280224163384
13173.055430899969	191.51404454873804
-3088.719018843691	-203.3603159047392
801.2960244313506	543.4756344576625
-11543.004934189898	49.72179578111554
-10878.246075761737	123.52614981385902
10844.692350456464	46.92121858582879
534.6956999477253	-92.16900224200793
-16611.928181991043	-126.16733686772727
-8533.979799507402	-217.41120151573273
-12357.25585930372	-318.0804477092794
-6891.5454410177	500.69930416532617
-17161.261027647754	52.80217306394719
11487.833386861175	213.54777702727907
-239.0674519241946	109.12167026225293
-7645.481316401155	11.098419957598653
4516.393014228067	756.4517576570183
18459.086493716342	324.18886510115436
-674.3711248148028	103.85277478644292
-943.9129633349481	33.55293040599997
-3016.751945842768	4878.316565701434
-2855.6927113882125	-71.8790092970395
-12374.212468698513	-241.60040745374602
2616.8596372386473	-99.079225808184
-2992.324650968871	1643.6356256529937
-3020.6539176531733	-59.00868730379576
18223.75787911915	-137.1337297044078
-3427.4294792031155	137.72138267388755
2046.098099274608	223.7141197883738
440.28406295051957	23.571870097325064
-7144.983081892132	-1080.5115322123897
15848.345268798306	-59.506270954200666
-13560.26615666615	29.777777331248256
-8378.48851000179	241.2422766818514
7536.8507659046845	56.20276034984824
-988.0526398777587	380.6076438732893
-2845.359826821775	127.31440314950522
-16238.822294078178	-104.40728374597342
6274.908981560066	363.3124746415801
-6914.415238224699	109.10547025448153
-7741.47786888234	20.60321063774422
1847.7706802119403	104.91338037073156
-4726.037861316939	-18.685287146156657
609.5325828670665	-39.206586251127014
-6824.333928668139	-164.64187626137308
-10429.706711420868	-80.58638704676196
-275.3590143247237	52.08722548644657
-1248.352336053388	-329.992758258334
-2159.3880962981325	-120.05814002673246
-3576.095915006147	62.049113156956146
-10603.730778438288	167.84239798252023
-1461.59007277288	63.30444178338564
11516.12225188522	-261.2305723115724
15500.605304408065	-40.58852156389753
-1204.3569912187766	405.9085535264316
4687.718570225198	-302.34131314556714
-1818.6308429863943	289.9221626644376
1936.3570184749788	-212.68501460424272
-7505.645920669307	93.02180642096039
-18547.345548089997	-50.32211734573721
-8881.46480039721	130.90896948231344
8161.727458187057	-5.787719962424046
4898.547002923404	33.600626098331226
3730.6509211245634	-329.1031410198613
-3734.045098757328	-321.0692030779914
-1650.6499605585043	-35.553507034334714
5893.022082094067	16.985101197967893
6321.153706656062	107.83543515440297
-928.0853398303454	33.114725183936116
6313.530153732866	-292.172503009742
-6130.628144075852	-397.04676704000155
-10081.142121547482	-9.5752750897951
-8480.420510218357	-182.90888072388725
3148.7917005401446	56.04388992448083
15821.07295282847	-826.5244712824565
10980.768943770683	227.86119656414394
-17630.767955381212	-115.23873617490214
11711.121229891407	6.820670698786517
10306.511442212139	43.449593578547415
5821.036828702556	-510.4929743124593
-12751.557807498524	-146.4157771110677
-8070.715810994269	-22.648677429437946
-9931.723428669146	-161.51951071449554
-12519.826592636062	51.85834123709679
-18556.22006933351	-103.48705344656877
-6171.5725385740625	445.50836042116055
6294.941587829583	354.86335867486065
-10286.944514362443	-157.13202729071207
-19321.372233451595	-59.487371529226714
12436.982942948178	-4.853212407315508
15258.154199331138	82.18399301392395
9126.9820372055	-689.0154513210098
6815.899185376392	874.6789052825039
-1122.9382830501281	64.36582198485755
-9851.717408823497	-403.2989028254244
-3364.1603582940343	-60.81882140516545
12871.517043551807	-49.77298947790194
6842.798448056169	-822.1899243370056
14731.429191855112	-255.15146272450212
58.77587789994029	128.62589601700114
-12163.037454358124	184.31752908710195
-6153.218987491239	186.5465314428552
8583.813556178673	140.00702975708836
-18098.362637160855	-40.729102254715436
11022.905038509723	-13436.093305838025
-15061.847004415331	74.25789639887333
8008.9906507824935	317.4802747954246
-13898.337290809863	-22.15132947277596
5396.593411704232	62.17866076909659
-598.6696283332293	21.300352354426213
-10170.479933112681	202.40010867848434
-6794.328021600458	326.1306962940442
-4611.153746327276	37.31895390644582
6981.690875345492	5.371885530369979
-7320.925997649861	618.9063128279009
10525.235350791856	96.71754273481861
-4076.2106109008023	-140.56401562326315
8353.044318090628	179.19644656491255
18212.311979743376	-375.07950426503714
24912.471403968604	39.241740263001724
10710.812151039558	136.253287970994
10843.796671518729	-14060.085886453093
-2562.488239445779	219.20080339541326
7744.439555349647	-8122.064349469743
5232.827331314831	-15.162674574681427
-833.2070634122499	-455.4729670101237
-3418.175496117927	73.89037599270605
-8618.965453335102	-60.76972855953674
715.3110755101661	56.57565726539704
-10257.814278709253	226.7171060827665
-11503.621272333958	-85.19148840811084
795.0354420941845	2.2023548726645257
949.6692651872588	-147.24676473293474
-5743.963101306437	-27.38794961936131
6269.576106690381	-107.99115483654747
7451.226415565819	98.61733903022991
-5174.261743268618	-217.46428761882484
7486.951171154161	124.96756411053657
-6595.250842950758	-159.28598608119555
-3055.0259786638126	430.3424168726277
-5230.0653567957415	182.5743117638617
-4757.370670811387	-8.807552283436053
1779.3122457722284	-72.00611740067374
9989.499668725239	-7.012146718283705
385.40991748478876	-37.85689022170485
1213.085767094872	-31.81223427159762
11646.83579670325	348.4949726509217
-15699.949454295429	-60.61174032878959
-4575.092914594088	38.99545525824643
-4560.081316001861	-35.96787642103618
10125.701339686297	-118.73701816054178
-6727.962814452051	273.01906732359726
10047.294055623557	-65.3729842418234
16899.865479357788	68.11591281704347
-17935.48972776675	-135.07806741586478
-2519.6965337175543	-71.86286934457198
-8386.371884559412	-1056.0431785506157
-3466.1583993497297	721.0161928243114
-14971.531328869054	30.10669832542106
13138.029769225623	48.55751730158222
-11362.231308111293	-163.88186932218107
-11840.00688921529	-76.0382760094792
-388.41732222908513	-123.08625828805962
16524.616173842525	-192.7806214840251
5182.078547676978	-133.72350398536324
21044.540685288554	149.45013903802376
-5087.6240312279715	-299.6864951892282
2075.672666332347	-78.07941612590149
-1440.1359303214374	51.97781697117892
878.3940543097643	5.677323114398019
15868.668822741705	-64.98897872084531
768.0478932953679	-89.40797252084862
10475.332138786312	13.953044071796956
-28191.305794160267	117.49272962743271
-336.9912243518782	-194.21723698307872
5504.263930938487	-4085.9723950840953
-16534.26916614449	235.97283105514398
1540.468163414656	203.51403585586914
-522.3763696860037	-91.68749307557755
-8915.037234246902	268.6173996722467
16246.302828161633	-712.8560241137568
13756.326710917689	-44.47573411444358
-3029.9856826770183	89.10927837657471
-7422.875501070722	12.310596049584948
1200.5878873518948	-107.15234599115111
-3898.318631914116	-21.06496049481395
-5397.8967762496195	-116.2159482209249
-18556.90210916388	-110.14812124250386
-6735.085833768858	-45.75867825808508
2776.7640909531274	-95.13485522942801
13408.20943570892	-170.13131181157462
4990.721144979577	48.52738286122558
16748.171781432447	105.93501943039863
7923.10618864995	-348.5372583490463
-4824.31482330402	27.65081123608051
-2598.1880290048343	16.17961057648095
2251.4895783995867	301.5736460740406
9500.07869176364	-326.33442346991075
-23248.641601276722	14.399861541286795
2292.086891667831	-101.21883621706272
-2177.7615295006935	-89.25654204328313
4636.255959113483	-53.80345748587225
-7927.895032295661	-33.77337582097796
4041.827513461543	1.6899658799540707
2905.721698521027	80.24905842323304
-1625.237131269499	502.9766375209345
-989.9548538704689	-387.9647889081018
6038.072788544841	175.52107089049434
7395.161486789856	-75.04523423017342
21680.222881507096	37.436801174285605
-8889.77024338395	177.27238418768079
-8372.589805847147	303.94119229354965
534.3780244750766	-296.70412857892586
-4920.0914232277555	104.33413464447287
-14500.300462697473	258.2754252347754
-13009.643332055084	-118.70930759545631
8163.433570365187	-160.27579150099933
1087.8782127350187	-879.3555077299133
273.3193896159912	83.19793541592533
-7487.540734010433	-262.74928912763204
-4750.0069076999525	-553.8089116877807
9703.311261640274	-104.30021333058438
-6379.722785193218	-414.9614322917882
-12639.827981939361	-125.03684679859626
-13891.332791787852	23.83152856446471
12274.605952597092	200.91674739640996
-10432.696855317947	-89.50028967524149
3545.296730732162	-347.8754184819247
4578.211883680789	92.70176296458406
8504.791223310824	-10938.799151938947
10726.106410317681	-701.8908398694924
-5569.673136271793	104.04115431523066
-1590.2084571232483	48.63819236145122
3597.676918608302	422.7928585846744
-23590.855334257485	-692.2793141691756
18576.271407910976	49.90093792133631
-9731.325581931229	-642.3173523475192
-13226.959559675592	-157.2439683216687
-2663.2427032465134	39.14936318950502
2078.857108861416	168.81300510403196
6169.874754545463	69.66495333788274
-508.5846783210312	-60.088764736816586
-7970.512079716744	26.62682601753136
-6399.362862339832	61.850426687024445
18164.21439171041	544.7566669707825
-4189.297229018937	372.1164303684656
2585.5252206630767	110.26611686861872
689.8095841168287	234.872806449225
4913.222560477189	49.286247102529764
-12323.744743244002	81.83225768159087
5188.781769103651	19.621227321606998
12561.105210124153	-17.626951705972964
-8447.05745756779	258.0789220967024
3202.4382982568527	25.916027314665456
3806.441590644922	-23.954225518987954
-6534.0049446388375	103.23404353655998
-18022.823547340657	-33.39873037105642
-4306.214287427252	-246.52876483390418
-8059.25101193224	124.40202014378143
6694.914453754322	-1.337861682227683
2711.2748365760654	-179.2305975390114
-2892.290518651189	-144.6529957210003
3375.920819974991	86.31987145968853
-12067.881348402114	198.87352833799503
-12230.264635980953	108.89103922822575
-4829.766933919175	219.94678478509357
12778.4518692302	86.96549692582012
-9741.02305775034	-264.29817423128867
-978.052592812798	33.293469820066534
1519.6125048994647	-32.62794194875532
5674.278380653208	212.83770903824663
3225.1380693628953	-85952.22830083162
-1000.5820466607692	41.25516612524447
351.91653325306373	-226.4402331560001
12109.91133238347	822.5102663790042
-31675.334323569317	-2602.2875006037884
-2818.8029850782727	515.9638477333802
-3885.2503994132676	-77.99543738880084
6594.18145091524	1268.37836324841
13020.018760568137	-27.678462434037115
9908.63583449918	-643.7317511533355
-9366.531001987201	21.590875593286956
-9062.109447364863	-6.818725412755869
425.91669925160846	-40.02630313622768
15063.256267527318	-50.3997120645604
-1338.8274659030378	222.2792292813723
-4546.172838219586	-139.19505813606696
11753.058647409674	-118.41406935340501
1117.8702348538825	-135.3476321926727
159.3188494722935	-47.557025467723875
-8858.551468550924	582.4525192610556
12964.01966261367	96.58470158876128
12.518279362117092	-10.632501201367756
11922.263132304555	-83.11806415376728
23065.74121289636	-216.59876855268593
19381.573740479413	260.82014541760265
-11140.860197366246	39.22220931134855
-9008.776302065375	233.284985676225
2102.761012565937	42.71607720764338
-206.5052835164507	-808.2586237130652
-13852.786131567544	-27.003343135578074
-1617.6566308644296	-16192.36928541041
-2206.640196227473	31.785897760989975
6125.603189599192	20.51614385484125
914.4455047681987	-17.747620096257677
-532.9608474089074	-112.82595275962792
7160.88529079765	-1386.9293219053086
2918.679355184706	-61.36292010656022
-15007.044775223736	33.661653553975675
-7089.848092507302	146.40669465162222
2464.797646199592	7.7873493830148295
-4372.623786285437	63.37037703341497
3208.697533617932	174.62951755104532
-9722.247387972597	-30.338539099467067
698.0687799776274	-92.9899960020548
10955.107487890453	-73.19957213689152
-4830.116028452275	-225.17886624168432
15462.046685082776	8.0765759778215
-3228.0518027962867	10.310662501534793
4081.807971510778	-365.5737318210048
-467.35188965199046	-58.098568607465204
-2187.7891597372445	-141.2157284181207
-1048.9726451019328	277.3850698866554
-3531.050721186953	168.45545093000194
1185.9813836999886	202.58271369138285
-3361.3563970901528	120.978973745856
-4568.743097556289	-825.0038153698772
4922.903584297858	80.90513502669033
-7710.535272233271	-114.88789639442342
-11504.943277284703	-17.581268098812107
-14007.72147315219	-280.1025607673804
-6165.8508008528615	186.51339583199757
6337.205561178379	83.17877989344629
-9961.311995414853	63.68426621413221
-14374.688760759202	-206.1612635596596
-7454.443331684814	9.50633885893116
10608.637810788023	1008.7670853617784
2532.6738454787787	-4.963095089151305
-25924.09376561534	-54.75657191499619
6637.537770933091	-117.92084657863906
-2848.9786462591464	516.415932729624
-1280.2240179100481	-170.4430449221164
5400.3818840617005	-255.81629969198934
1910.4411868167356	-118.48584451481854
3468.4910525810806	-181.56034322072804
-23305.361938671987	27.26129241894777
14376.735711741907	3027.353829388263
-5048.687392213763	426.03934981576947
2845.552318653304	125.13464572135409
2918.949442201488	4.024741705244591
2318.0652066923094	197.8510420402271
246.4758425025866	-329.02282136664354
-5895.204872846182	-450.3212629143652
-16604.769817363715	5.848010753851553
7028.728354273988	98.75890261576885
8951.119590260869	-110.01170223221756
-16502.18085259779	23.344348104346906
13226.183745384647	-162.25938266525372
3837.6103967085674	-13443.655360414206
-8734.019124288268	-65.40637082877788
2058.446114474754	-1045.1775599955436
11750.947013103807	107.07985572964607
-1373.6755484719865	196.86357989390442
1994.1329951208984	-1588.87891698698
21943.827948031503	-259.6829994965863
1730.0180913445174	734.3096619780566
-1567.7495994176647	-260.7660141768409
-14524.058857456432	-102.51265273719622
-119.1922247503322	4.245164923663981
1556.3729334780503	-66.56448703268617
-6315.332318975557	-18.84207984804703
9701.318192803648	41.99603667042669
-751.8635295254343	-3706.188783068053
749.8819624790914	-8.269969870194053
5500.442020635307	154.27261686350062
-5083.607691127493	-345.1572120772781
-3504.203616466048	432.1219132404499
1682.4782230287806	-218.25912634341145
-9235.857071138322	89.95029581944137
23659.88255832636	-161.66055449496014
1274.906595574914	-21.375912206067206
-10407.672841872783	62.76641531669689
2250.3437920013694	143.76898367566247
-10208.628218217036	58.3432240466133
-2178.040462174426	213.56361718167048
10826.721336769459	-96.92893639512565
19565.970186642127	-180.4076581484176
1239.578529784676	247.18085742918126
3342.6866450372013	255.53555512533987
-6102.8560486356555	-103.47986650027057
-3653.0656924386867	109.21041192112247
-13821.964897246806	11273.409879297938
5386.319165373764	54.95275507801247
1778.0834227860812	-222.28879496741354
1194.6948650128124	-62.59846727607438
-18015.713659296605	100.53385870247581
-15595.6209561237	941.7744877027636
381.03893791096067	54.51764915942556
10690.361641986015	124.4613965603572
6470.036232325098	-16.671851003508852
2853.867735207758	-51.104115571581524
21389.085689911037	115.98403011000902
-2974.238124153694	281.19113117443356
-2595.464513662847	57.81285217759532
10797.930814839885	199.63920575544648
-4730.714988510787	-365.92094916864744
14302.34659002403	3.9668688638340677
-579.6828429960821	-54.9816532358305
-18826.24433665464	-100.50773542254689
-265.52042912635994	33.999181958949436
-3803.4846828143936	-478.73264949398475
-12182.362459684431	-96.95105089765323
-33.42445661816219	13.346861531426267
-8802.795151380089	310.8759486653984
8894.113916133892	-559.2474972253699
9858.738579275914	52.78893653437528
-8290.449520827533	146.5306357729855
7023.841506081668	-388.3230144683155
10908.51700716213	52.65527172069705
10025.351885355398	-6.471233586342888
5536.796530976597	-168.33529494881188
5375.0775243511425	-372.42349830655326
7958.700434300944	-123.84844464328053
4489.0479026496605	-182.31960596126873
-936.6121406272506	-252.4655332437263
-8656.02146735511	-10.59563734351387
-5004.418867138967	63.35817752288927
-6915.672218050023	-25.520594037523267
4845.064301748792	1550.9109314100942
5147.4026546983205	-78.1434346327208
-24917.683933452045	-69.81121458926208
1693.7419053121037	-442.82190120564775
-5524.447295728378	-90.254770838975
6216.309492802304	-98.25331733737917
-4865.873310472247	-262.1418227938618
692.9431847044004	4.567781594194012
3544.3648996967872	-119.30472589845982
757.6716231941831	-235.8971978525671
-10838.260259857869	-6.4105896086917555
-6358.768288757529	199.49338362678802
2533.093888113265	99.49440132117502
-766.1999582158018	-1799.850793544938
13228.112295907215	42.247392510224294
5404.6233375067795	-20.776900022305995
-12226.165918205614	-126.97276427721388
1089.3597220165263	-162.34873588963083
2811.0027516901514	-449.2080765214101
-8724.571412095655	92.5837479140368
-18591.868524631645	-122.79850689563604
-8524.369803534551	75.34541113469092
2111.3434406448514	69.80083321135673
13907.994602114119	131.90286959451845
-16872.144941362418	891.7544357258986
11079.567614823525	-404.56820384832974
-6734.923598013128	-6.234181305210871
-12732.416768884365	248.47748696969526
-13159.954515633917	166.11797759083515
10734.201016623972	-522.2970586714794
-10773.139164621929	126.38348678818606
-9548.814829054154	-2.2394251854827507
-313.301809371689	-2745.062287717009
-8266.90643493218	-273.3620257768096
7880.965795633023	131.55646431359534
-1068.5268511575048	506.2977207463116
7903.636210366166	147.43149988068183
5565.5777357012075	80.1062496525188
-14244.499543059857	-32.43743200726173
-5353.767481303979	122.57499754909561
-11609.244053513346	-52.62690901086578
626.6270775599028	8.989173983160484
3219.367758365113	78.2225033334928
6908.907888310343	38.54821948048593
-6834.543683006363	-35.33579681860288
10056.903326323878	71.69162663184335
-8723.9899650131	-75.99276508561293
-13225.963128364869	-843.810749164538
-7273.728599639526	1699.1372162896264
86.0248177216368	143.28413167867666
11268.579235556466	-31.032681713923104
2097.0664157608926	-76.22572224754751
-5453.639824162307	8.930247959947174
1362.7944853329195	-161.7078472924758
-7133.509261002594	59.91834381753552
-11680.256202874822	38.43015120963414
8643.81881359324	-704.6825020798166
4613.737129495169	-20.462918639268697
7223.47912074651	-153.2879441524737
13904.143917805319	-0.8746640960246465
2686.8109441771076	-35.98128417213042
7966.635606841384	349.3637216831738
-22320.123887361646	-182.19116431578107
-5038.931011702591	-73.85460121536428
4112.151449657256	-28.180824083814908
-12490.351579473998	273.62341394026396
-6405.507161729816	-183.87060272756543
-4550.353675140818	104.49137364598108
7551.273188710006	170.94552991808342
-5197.777689609625	-79.73121949731679
1503.042132754392	-500.990844362962
687.3792013553407	-25.15529830239594
-5463.343833484658	-47.26162196414005
-2353.526312553841	60.218348723967544
-6777.923467536623	-77.2327294955534
7237.473788766287	-15.244556556031101
-27074.511833484965	-61.79771002301545
5450.993040777291	-59.97116864787711
-1146.9862942174414	-35.43394044502454
6633.325499667096	123.69773185119689
-19719.006873421706	-94.10873828408432
-1195.1645853334062	-28.50406121055438
-11747.708495017394	-98.55845798140496
-837.32582024069	71.80850436511467
8751.018137526044	-56.730414869544425
6022.024791231504	-178.83642287520388
-11100.27518318385	31.000028458816285
629.2587947611593	190.92658299967837
5359.442483266192	-6.015708696162375
-15488.240126268536	27.410154736553316
-13265.599255089732	-37.30967234979277
-7524.0768199891745	-80.81360903612288
-6119.629430689755	-483.7230988953497
-7029.221903943265	-87.71349145827307
7670.651672578455	115.60353481597294
-14311.901303348202	-328.836240809744
4963.755139366007	-43.69219324219556
5864.180418384459	163.57411175862995
2834.3681113402945	-190.6616110734594
19756.54757568247	68.75769083361739
13201.445363398483	91.246911828932
9076.021279959876	-114.69183527802737
4192.667332279466	19.81602695823505
2553.190940007499	276.58530422956034
-3478.280310547125	-1.8724734445578242
-5998.271110064391	-15.09958057390528
12935.913893610474	-123.45467156031809
12204.236570178871	-64.71120978643455
1266.2422405977595	-488.75123878215345
16611.37537347959	-190.0378877252369
5295.481559589253	5.164236472374658
-2028.3017945419788	-86.80735917916856
-8724.358119284425	-124.87656889390259
-1074.1009259084265	-65.27112621217542
-2132.5832419939807	-2.67211541718386
14834.889778124747	-105.95792047367787
-5519.540039569345	-698.7896569356178
-11579.093401066557	-706.4645045458194
5338.113752827696	-5240.680340924224
-9561.331347825631	18.65397127008834
-3100.8026709792716	35.52814395711029
-8948.505670517365	-32.12477242764695
-4477.498688610372	166.7658774296159
-5636.070281920776	266.3377614171609
3694.1555057605287	646.6323824108483
5722.171101383341	106.58406720930627
-9389.738127229437	-310.93006624748114
18612.727070862413	-57101.98571161062
-5678.721397240568	-11.127895252315168
-3537.4907698815227	163.9493596340362
8108.9602689972335	31.56312480583281
13510.762504426739	-20.643745654056417
8578.449097155843	-683.4107965509423
10546.818616501674	-93.45830034379387
19648.994413176686	-300.0278282023537
-14977.346800486013	315.6433834518616
-15982.657005032826	-10.47328533527939
3426.4444998893523	-66.01199127153562
-745.4512571120714	-73.29721541663153
5107.500296961482	-123.64943295736064
2078.671568417872	66.1991369769014
-17200.96664289022	11.557290476584848
1096.585691425187	-106.46463465243353
-1149.6565923812343	-91.07209144423341
-4201.17324229099	-95.91996491852653
-1106.760709152529	601.702241082965
413.4006058194483	-871.8958973704084
-37.91501130527431	385.70348391727214
2087.9453721971277	-17.217144747516627
-4761.095340541684	-95.99393941509743
-664.7087250538503	147.85936258467842
11913.656438592154	79.82016131070608
5459.154817863928	123.18241793656316
4628.0471391823	-199.6247040307049
9295.069511344238	-0.540721645977605
-12432.98411167752	-1433.7246012619864
6584.120410054629	57.17355000300108
-2849.068064307277	2422.938203580252
-11709.470322098723	-94.2167477389316
20800.734261442107	-157.31776718771255
-6912.976911638896	-29.75511181635919
-5508.700233511455	55.584578207628994
-1430.7070280881135	2028.714419566539
-9875.86362091542	252.58345328787928
-9519.529865081844	-94.34422537753673
6739.8160454508325	-195.6523258151727
8858.657316635607	147.6250272968343
6517.893702297169	-13.7003343186218
974.4576006168404	-117.24827294395566
-5536.895872851754	-80.72373676818262
1960.904096398828	-359.0947669451442
-4010.0520623812745	142.07201562667623
17285.747884523902	-14.527687756517654
9094.805015207114	-130.36114800528756
-13031.514664050888	-30.910666760901673
-5179.999519581774	-31.529933108137172
-445.24106192277486	78.12377725571902
16694.003306081384	-160.97565312097768
-6341.414745238541	-76.02697703670884
-4780.905686994177	90.6246521056023
-3360.1938022606596	137.7514753423994
-3381.3658822803495	-172.93526961034323
-7428.743003101852	66.27176559429452
-5421.588309628588	32.90023164413725
-4105.33714272229	96.12608432719938
2654.743677609099	2391.4885586871856
-4915.690864081375	71.64165654056787
-1019.5516704793948	7.027452399634192
-8319.014896859695	137.079450728689
13689.80648037981	-214.99065213194822
1373.11594493092	-98.53501766846595
8377.42069915715	61.27209577723065
6068.148942689297	10.76060123137831
1661.955064476089	123.89615722045653
-2971.041252646236	-25.569938089361123
5562.563059968346	30.506938451373035
-4697.755460297799	-8.653652237996369
566.7433625064751	-31.448883109177064
-3913.1384377653117	-42.81869363758351
9794.28068023647	-110.98523860103265
8317.177080616077	-43.82419422881676
13496.714109501116	245.63641326892514
13376.270012081246	51.29632830135617
-15021.896154437445	5809.227303321636
-6797.847305057418	-15.426081610849508
1220.3020452597762	263.5453421843596
289.00135652184775	48.57310829952102
-4242.23159296433	-107.6840797712848
11203.92774128179	-114.3657641003719
-1240.1377695022343	-60.592148329076686
-8920.077060775904	-66.56406776448442
10287.312578533265	14.85580005817783
14134.262166482806	47.63877070862841
-3557.1553671374304	-185.34327665170812
-13573.590796253045	451.95374917844583
-12761.032708949939	-24.677948665998596
-3804.7281323455773	-109.31171622964654
-12420.047748941042	-83.20054241923134
-537.7680200218241	-13.797798549452928
-4985.784200591096	169.93933168329156
-5228.3543241376055	1286.7989236000064
4227.850586583206	-6955.80545733771
4851.6562638483565	-431.2406729624993
-8860.632252477866	554.3377054419099
287.0331619779645	-17.929709836239066
7346.131083574214	-48.632910344978384
5633.293724309074	87.36544526515243
-872.4844637008924	84.83728677174881
-5925.868572147788	649.4491059400464
-16966.53491058591	-176.34564059581464
5376.727464033343	105.75361600073073
9797.43885521512	161.19512346331234
-7993.528895541294	69.407558856049
-10764.73967490187	-91.66235803975754
-1288.591726722457	-395.7002234545247
4843.647605265951	89.51310281693068
-12236.430078082578	-336.8106933434214
6838.105992312676	-73.54795008137411
-3724.4392398097184	-165.5964575607287
-1484.094440306955	536.6770412040815
-5217.561191614727	5.641102290852348
5749.3982793123	87.47875054863665
-10388.649171197989	-144.47295391617408
-6954.068466588394	176.38750125519235
13793.06649828252	-13.044472893191173
-3597.124087527814	-118.99497943446966
-17090.27422200458	-31.32292735286977
-6928.958824182537	-85.57924381136182
14787.035587055096	776.36712465826
1322.9602762683505	306.5310633864788
-7301.0721537213585	-89.58191827286456
7810.237256102884	-126.26907353843183
-14936.87050388121	-7326.7668164986835
1732.8079656464051	50.55114015384209
34673.70903409808	-691.3018141688541
8616.940758170032	-44.64976241758912
-8874.613164985409	-169.5604364110272
-1985.9303623078656	244.7268625593244
-12107.808606840314	-11.082769597294067
-1914.803374935592	99.21411841445335
9124.891073470695	31.16009724356968
-2837.986050953063	381.11260065087407
4879.137914127786	-74.7209640097317
5433.824944830796	-27.136430077292168
-9133.431912217558	-569.3168157054839
15810.586859762268	-86.24160155816593
17070.97785328827	42.012974089604114
-4792.81531685369	2134.3497028273173
15911.899488665922	833.0950471655539
-2109.1735509187074	-140.96532994235687
4585.401981458156	-40.33702414788812
-6191.843072050417	-57.07831181417994
10360.891387999183	146.82460732376956
4603.5187115069875	-87.4616117892807
3917.6376332337236	450.6484939506426
-6962.176936669957	155.44969478484722
1206.5140902337107	-16.412337958666498
-2826.478509337697	-298.26201673527277
-14581.879751786453	32.113920376817276
14375.376726266288	63.43300309414961
-8913.116053160062	522.3859827652219
6002.068945969097	-76.42889992718527
-15536.859362845686	-4.884479342641109
-18157.939583790787	92.69309422139024
-5960.188830041786	1085.5293964790355
-471.01792033843117	89.03793087821502
5516.19434021006	48.475431652784735
4258.033548189556	-986.1092467912551
-1012.9681904849847	-678.956793301089
3393.055736016168	-570.8723432844292
2548.294271247219	-95.95681287309671
-12247.48931958817	-134.68574980490766
-4333.852893093651	290.2391969890384
366.5923262234685	581.9022897288573
-8867.99198450081	-913.8452126519915
-16028.791397012421	-35.123632668296736
12416.974955264393	275.5695178235363
-4640.15231376773	181.27909690835352
-6120.438739564312	7.488637805354498
492.7901738424739	-717.1535581571866
-182.5762188204908	-13118.539985889038
553.2593112363153	7.298118497288321
-1059.7522353684367	12.675751774895575
-1470.5284835537025	1648.9519202058466
-5202.128158188347	-1124.3177108658274
-608.0467319908662	83.92493761908541
-6271.877591142732	59.35462000267721
-1573.8770316442162	95.2869414755073
4354.74442201259	311.67303697608486
-8955.402660342192	130.61111575484236
469.522673362561	6.92231331845299
6423.287760365224	164.8785806907592
188.431184915855	198.16322245523193
-5638.63974793046	91.78900307200153
954.2168967957654	-10.360741116870802
-6722.008730031521	8.377784487910045
6231.0603351337	111.81512095935508
80.60584354386448	162.9947820325526
-866.6828031358433	404.5163960097929
-10116.170019966445	-115.64603360143457
2630.087353943906	188.76429728975094
3698.2954558866077	164.6390737006409
-11131.01263424989	235.30860984253027
-1500.531947864173	-6.523832786237646
2832.2855811622226	131.22690318072412
4397.941646076762	-34.22731865559572
992.9712256191306	563.8430906563276
10562.850225601407	-10.212718319187116
8353.383913303038	-53.28157309537301
25193.263915222295	255.490690879341
-23213.9687929186	-53.82802184613728
17999.841928437585	79.22905592253007
-2652.566418004226	233.1139271321055
-8888.028992711144	-154.83101012475854
1837.505862213018	366.5481857386368
-727.9715078276907	-75.80105988753657
1473.7944080588586	14.052057979829195
5084.23517652343	8.91727674592313
1554.6403345946142	97.0208566384377
7176.137664182932	12.6320441215041
8385.829485910921	-51.318631469494456
11366.141573619858	573.2033117035666
-2.2148497079449907	26.62799013717939
7174.695510819482	-20.658967606525792
-603.533026566044	-110.81218496558934
-8619.5173235402	147.96650387363462
-19044.017361178823	98.97276724435572
17138.621230754074	201.73725002548096
-3643.1276244604687	-280.7227524677527
-3553.2913951250475	121.79071661899005
1573.509584600205	-424.28144957784247
12568.956296535305	-46.154699824236815
331.78831794105133	84.24196813359906
2632.443151091836	36.79020796153709
-9794.650191795381	-63.46187704597115
-2275.7291764560546	-977.7596939011748
-7057.684459559046	-1198.2984425933942
2408.341479918876	-43.704261595321356
401.137537376023	-2551.3673773456026
788.463058651719	143.92514347472837
-5994.2639058535815	52.13117657697105
-2358.1140483511103	-84.79734657583958
-2650.7339789385424	31.944100106783875
2589.957847608632	122.88292399793173
-3998.9448769363203	-23.33477682214487
6130.82437815975	-197.01044014132685
-14012.942519946984	33.92505186683986
-11552.14442935538	42.09474197218605
-9848.283895747629	-286.25078445008535
3045.984795076475	-57.413715976972256
6547.774922947414	461.9288888539629
-1516.9917877264834	648.924297191955
-2432.289866630726	-5.617759370693277
-9416.695632128867	-109.31439610957835
-8050.9459068614005	286.02533496232286
2022.7868778778725	107.9101990662135
9568.820611451483	-56.86872162038066
-5018.967220689724	62.20072847142625
4948.757353239017	4.270816244372913
-9805.424333632565	-189.40546027654545
-25118.918149800364	-34.582070264079405
18315.07450821755	88.49517312318108
17093.301736238445	-40.662686586956696
8157.623238808898	-113.71874726433451
7556.550169409517	-140.41584672112455
4327.620243945248	61.53250011436058
-147.3421616264224	200.18288803052258
4762.582466484293	109.90028553724551
-12051.924545003805	-31.70464412623233
-579.3835494660965	-56.42454443136877
-12580.054094083982	205.16706514027302
6898.326541028025	302.01083856182913
-2529.825200178423	216.65016496189105
4768.446806924711	5.877457703266873
-20982.561642431367	56.21366089724223
-7399.252247327908	-493.5410452636697
-10396.21503460449	-107.33734184268855
2944.3366404527883	336.98763475670944
-6646.8673440542725	-71.16333041595344
10767.908819207378	219.72046743260645
-9301.644194331	-2.6228746427694913
15118.858383776818	-244.52197058864917
-10184.755591270046	162.26811341438506
-15985.992561733456	77.84986414953582
-5030.959887213426	-65.87339027695435
3723.726624716667	60.043455653699034
-8173.690040236741	13.069623965884125
9958.662567656853	76.8103335192522
-1478.0507833967765	-168.13336541342477
-8770.186968643995	-0.7115266315867345
-1003.5742954266776	65.97509743198293
1399.4278670506194	-73.00136605677329
-1215.6564676825187	358.7652993675139
4979.695185604692	21.197757660821587
-19994.06679388982	-2510.37791134926
18477.17923489644	2065.4499144155593
-7245.065413615093	-67.0624877077246
8528.607660021311	48.15666516152631
-6768.337949794344	100.08046905158055
-5674.408932451009	165.51594560533547
-1205.7774525514205	-46.61680630895138
-11195.049761312073	-36.61525559062881
-15.255606504795074	-22.41984483607076
-4420.593764806088	-111.6641239154061
-231.1237178153287	-113.2579652588709
-9862.213432834478	-407.51634589433854
380.31423875952214	20.03864710803033
796.2492651798499	161.8415791072802
-10507.501522481547	34.795849706358545
-8919.124140111053	-353.5724657681541
5532.6242012796365	-14.219810831931738
-13133.780394838921	202.7853934733004
-5596.414589504578	-208.31579005610735
-4206.962383861915	-12.167273032066916
14696.020115404575	33.812694186528994
-6862.5735142196345	-567.084237524346
-11460.904663301006	166.2886874265304
3506.9579287083666	-68.20222044967929
-6863.948672783254	350.1764862608472
14377.634598644023	9.36808831400725
-8012.553033462108	-92.37172602112959
-4529.93418647226	132.58768924674723
-6354.399186921728	-17.864735993218986
-10043.2109751445	-31.623230112492006
3722.9177152343027	-680.9763073958901
-9850.239396648782	173.66875658728915
-1971.6952485740374	-111.78363801897953
-275.19320221135064	18.877098209677776
129.0986602600905	-320.8661588291417
-16362.602287559239	110.92073517714715
-18011.949777137757	-65.4554340015616
1124.1127596532515	-814.6546042850072
-752.6104811703385	-234.4184466485797
-2728.1218214618775	-104.50147263137312
-918.8646616667158	-85.08695544355817
11004.996478375791	69.03122465559017
17305.34611854398	-540.2441737344382
17141.905474859803	253.11477507754532
4367.465865547771	-80.37259580117802
2360.6811890827667	-22.830184660999294
-2840.07337646838	-717.6213706558881
6045.112069810109	43.78486490371066
594.3968545657656	-263.4700315780242
1222.051659363807	-71.7470916791455
-1763.5752479166824	14.708489481630137
1969.3955799814214	104.57352234929772
-3851.4815542192755	285.8183352214822
5126.777346206507	-99.57846660994329
6803.012168164879	-102.70254559247127
-14734.642818931743	-81.37183662199979
-7097.624205400193	124.092997283152
12455.180287106163	-235.61133048768434
-16099.3702845985	-71.60495615441643
5719.17087092397	75.6016601006481
-5269.308600466061	95.97458630041727
-8895.665626491142	-141.0169584596177
8508.535394974415	55.11230391103733
-9492.234705325953	-1536.7198130888478
-6705.108792121135	-2.2776371955553025
5778.237585022168	36.446112845741965
888.8221218014854	116.91682983740779
-3320.6634058998056	-1030.6992405124997
15224.590807732748	178.72829870328115
-489.98104294884797	-117.57069056413275
-3347.694100931811	228.37707279130507
-10207.198531926228	518.391648463079
4147.719742495358	87.86663445906908
-6828.611130094962	194.08813721089663
-14691.059150687372	-7.21180293494595
-7986.681810050625	49.062306290597775
10080.387518652946	-206.63439587784285
5731.864207490479	335.0390336710765
10053.264803225866	101.62016757165284
1737.7117608406509	-30.04494505395887
-11341.674666280749	-1.3416734165506465
7585.391195223989	-1069.8404048755824
-20963.225104001463	299.47150387290617
