x1	x2	x3	x4	x5	response	response+gaussian	response+slash
-3.630354972782921	0.07197013671210861	-1.4222995849880062	2.523611834264992	-0.5042776634130552	3.146595870213081	422.6879509849178	73.59177008176631
0.0416356653995571	4.215841858893819	-3.3254615079704353	-3.388010700880395	-3.656170791953044	2.1801920583820342	-6857.749040593242	-34.87163968825833
-3.5234213788182034	0.764383140897813	-4.243514190962787	0.41470529007663703	3.7436098666843556	2.184167608672823	1306.373218077604	523.7471116811012
-2.0901273435366505	1.332610716068265	-1.1620426985813936	-3.5991005597893713	1.835260611843439	-0.4477353946099163	1521.9093591474416	-164.06999997834802
-3.449742366364792	0.8439288701281988	-1.1615180879677323	4.22103081975524	4.592314480660303	0.8652025843264486	-8458.825331972972	-9.505077167730875
-1.0893067507172138	-1.7949714837870667	2.1664389335084513	3.1650419234237113	-2.608275636963101	1.5215946363205433	-865.6470944641687	11457.604055456088
4.0236883376459005	-3.718663533873774	-3.915028014340176	3.4795429405577156	3.1881114534710893	2.1772624111402257	9530.095720152436	-39.17585137005584
-3.0362643905051625	-0.13837824999173431	2.011995724838126	-4.4315475570670815	-3.726914879254104	1.2777536775777456	-5604.002488865464	388409.4466357563
2.8544507473405645	0.6375818475029824	-3.5174591276122236	-4.524751831159448	-0.48586840851275603	-1.7096346246705005	9374.500126336074	105.19811983584698
4.678513277426179	3.625298532736384	3.813687052357171	2.4623477911910117	1.6649562759626813	13.40889705384112	7505.523190135456	-17.272672439945737
-2.3001284797242927	2.352371282107388	0.7209682397577435	3.961172611786484	-2.0431617544197755	1.2633681102419605	-4370.312333803459	2.2947850474155578
-2.1605495353487134	3.2705923782498694	4.164038614819987	-3.876757408209551	-4.543263292678269	1.560024156574375	-8894.207216993647	11.257478473674352
3.3001000391214603	2.0266903763655977	4.7910950054085735	-3.951431063411097	0.0029781861398072706	-6.369806958844382	-4213.967100258942	-117.80829637511354
3.5448050107851543	-0.7646283335286066	2.9646387270033667	1.5828397297855687	2.5403007014615984	3.503555624418184	11002.025050566383	-649.7931576082913
4.844433928636892	-3.9951245810000326	-4.750309688473189	2.5869923089860647	-4.128816632995685	1.763084044508906	4360.382076445817	367.7006062026117
-4.879492523252702	-2.579860945450836	2.4450173888749234	-4.948846620285183	4.503925132047879	1.0073865927052752	2877.0491631297555	25.53392463532999
0.07888698455571141	1.3056032070239016	-2.2158672501719856	-1.5090070989004478	-2.684526244968386	2.5234343924287845	-10218.152048460412	-309.981569466095
1.0950186886623268	-0.9611932263826333	4.3029706394660785	-0.5806010967024458	1.8463148983411841	23.543493771606954	15630.59756372312	39.19100833938755
-4.084710860598309	3.0712207686164277	0.5983742100069236	2.719724337088161	3.8883135751792786	0.9533423073280234	9734.957737275925	39.47267085049492
-0.1836089283764082	0.3786101765787375	-4.362638729848173	0.15423959819168687	-4.905215400564714	1.2956721062586234	14346.92056272025	64.26823750858776
-1.9473291362589142	0.6951198149705187	3.21792190970719	-4.121863834375608	4.1595825166289035	1.4581991267433363	147.88665361610407	141.99919175420158
2.5244438572746404	3.880877967211674	0.8990357568101768	2.9135127516346015	4.59889712798741	0.9159868875756669	6077.992472290485	55.83014772209202
-0.869912230245264	-3.827247317567386	4.741484509249098	4.11523960546319	-2.922861554342523	3.067143640820018	-10167.217979218747	-103.80716575906116
-0.30276734978601194	-1.352776273787054	3.5259695268320925	-1.9396695242195339	0.43654917536268556	-28.166557130297814	-1707.1529622854073	339.6894208594356
-0.012611577498927495	-3.9399343625375947	4.2977392719415946	-4.39088534577834	0.4280565534123326	-2.602634572028666	-2555.4810555209965	28.695281522304565
1.6409259670098733	-1.9328709969554025	2.0304664464089797	3.3435001814153438	-3.504736959585386	1.0385831491372979	8977.745631487525	29.19947283571015
-3.7110032587326716	1.8014595301077971	-0.27408925119774885	4.443986376949958	-2.3980797519251706	0.9901409999658553	-7914.344278779255	-294.85283300770243
-0.013784598298873796	-3.2061210652513994	0.37586322060661814	-3.455225995539546	2.090190326902242	2.901812878751056	16715.955776054197	-352.250780200634
3.9190742491863073	-3.2729810106294566	-1.7017369725066178	2.127241670438348	-1.7652848059506598	1.40781234855605	-13477.01819564029	-99.68469503689411
1.9240992167095374	-3.411374893284208	-2.144409674680481	-4.6539488615616245	-4.303813905517066	0.9391177942465205	4544.403357986941	257.72815299086926
-3.1807713409819383	-1.6339158624871928	-1.0677732722228592	-0.07967604711887688	-3.728801214517583	0.8138360068536138	13325.686216647744	-21.892639308181355
0.622194609008937	-3.2894608261999334	-4.762223882788415	3.302082438970146	-4.220314214400198	1.6731517720618818	-7342.942796752695	230.36416130585107
-0.7717673774332168	3.062898791457716	-2.1280371413261303	3.154912579710297	2.253621492164899	2.6914749985930952	-200.79297217779856	1.335721033396865
-0.19621259155958626	-3.5606823143342337	-0.4357772696738351	3.1574743056315757	-4.876387645051182	0.7560897887556923	-14431.46825771532	335.38279798180935
-4.7056875441715595	4.422951565383945	-3.392772474604122	-1.1061736536719478	-2.2648962427028554	9.16541317236649	-1203.8040001790152	19.864285837508582
-3.5289887400950324	-4.859260753468668	2.125197670927216	2.143125084074229	-3.716900511315414	0.9036811050305885	6632.4738705249165	-55.99807270598494
-4.257062586525935	-4.390119854186648	-0.023787380593188523	-0.17494324880886847	4.417854269654212	0.6980000032616724	19650.48697124976	50.76347047479447
-3.7324970843381635	4.973823620855706	2.2339304118541055	-3.0698200473641557	-4.7394717610474535	1.0615581042561635	15421.089468915632	872.393115076504
-2.543514107898228	-2.2721934167739413	-4.615390961484759	3.8288840336037175	0.502012087921619	7.2253135530219215	5916.026543009415	-324.83756249447674
1.092496066303422	-2.882104091395139	2.4911561259822594	-2.0060975927433966	-1.4543296013147975	-30.656933408021832	-6167.1969059738385	-177.13958545316163
4.49767254540142	-3.2306216916316357	-1.9372568621374198	0.9450636811857258	1.653725151232429	3.6693744286742342	-14676.352783007424	-78.79587262594346
-2.0832692831276467	-0.7206871002817641	0.28586797165157574	-3.0884337777957382	0.2622238095635989	1.0567328369624387	1398.424800361509	206.5643004756161
1.1084829272620684	1.2234668700156517	-2.2452204686198174	-2.266296776068782	4.595901788255571	1.0054721684809207	-9545.302643343592	-47.7179508913654
2.961170639832302	-1.4882459527219263	0.8802862497977841	4.0348361075452726	3.258625940828983	0.7908375267546843	8071.654939168819	83.70992010838067
-0.35593311460128785	2.2875991467680867	-4.5515623216223045	-4.454905303003917	1.5079136366938748	-4.136380729681875	-14478.856187299196	6.365319289659055
2.663953184328517	3.1230889334915	2.162806698617449	4.766625331321157	2.072860888634387	1.7477255863025953	-16279.704221206737	-190.81423529732544
1.1413782797109278	1.6191133743009054	4.251451451442046	0.7970634206801979	2.888639553488078	4.797766273072765	722.1909667372798	-17.5230641758952
-4.607824478856478	2.999432869596453	2.141501874896427	-2.1551115356680084	0.3134464768421541	-11.195518332303996	-3780.6288840272146	-27.019983222324417
-1.5586782868889113	-4.882570142942995	1.6243716188463333	-4.158785662054079	3.26915406018443	0.6514170871726813	-238.89070840459235	-64.13667729074992
-1.602861467774698	2.1878385743578743	1.6429924414452817	-0.6177843386315471	-1.811481673032512	6.540328571944544	8803.12373572985	-7261.191828208724
2.4280397547169237	-0.17944052237734187	4.491785585087774	1.7509595207969646	-3.0831612005367495	3.899321230042477	-7564.4342247606	65.79524567563293
-2.160036106310048	-2.540819924781453	-4.841150762945023	-1.4972771935923013	2.769826597591983	6.4534416108208035	-16826.782261102515	-30.518807770928525
0.24826358573016538	-1.3838032845568229	-1.3396194675778847	4.7847905016143795	1.492729232672331	0.9473042417570436	12910.62260399845	127.62227610885726
-4.8643222044783165	4.019414223205224	-1.943019777505742	-0.8899034040876339	-1.2823415543665728	44.78268891079153	2679.0042229728306	-46.03079491561363
0.3371385116877432	0.13685042760412802	-2.861487267423568	-3.7004780721793296	4.330806611090235	1.1978384043161314	-692.5229684020026	82.22346096584717
-3.2841816244204414	-4.970916393005719	3.6928904588039337	3.2475045846018293	-2.7334067926613193	2.6185979079666586	-11119.723104313827	325.1689673309027
-4.004398062374089	-0.5139038643048295	1.8253354206056072	-1.5268749077030086	4.705183097691542	0.8994424944097678	11370.171310279575	269.75113390339055
2.4615241483383983	-3.6125916841427754	-3.4093823330200177	3.58745530164024	-2.5377854897192407	2.5234905709848334	-4080.9340130383066	76.89163991426344
-3.7894554617858365	-3.082937880005623	1.3465933846985054	1.8393754990598543	3.0234911769857966	0.7701556204581307	-914.2496875767388	153.26304746225017
-1.588734900226921	-3.120370711065681	-0.3777726606682492	0.5148355436552521	4.158357286810055	0.715558835135018	9868.853318835929	-25.694948125644366
-3.263893226235065	3.3738591344156426	-2.931303529464191	3.8622927288533795	4.498293435230567	1.1570071661503742	-2117.3902391009165	78.8202371769868
4.331551613560897	-3.4033374179264464	2.8358516794513697	-3.9821978857307982	-0.12272362663926906	-0.8561527124662893	31085.88927063303	-17.067189836755546
4.297336434798071	3.062188347982884	-4.686386349759295	3.6438584565434358	-3.5497632259025913	2.5821411393540905	8609.843182497736	-1021.4414215572532
-4.182028020867557	2.1181350331656343	-2.3654572012915365	-4.061301689783726	2.0766885593067137	-2.1098307157258125	-3080.843056969797	-204.61487712858
3.5520664091826006	-2.3815184170293255	-1.9031985579121145	-3.548312959372215	-0.7845084310640864	-0.028848980262255575	2925.636264001036	250.36619214465657
2.7619172996920263	4.688254613136863	2.792064703601972	1.1017468157736854	-2.035393543057088	9.543119395671651	-6004.53921993553	81.78377596982885
-2.6494584458047585	4.71051185996471	-2.8277348480255817	2.693292949605083	-4.3244624646113285	1.2544135567726795	-5362.159022634842	127.16421955706456
2.3007365924302317	0.1747304272515091	3.2388050746507115	-0.7518112610502161	-2.906876843388335	2.986152995405249	5671.105890352522	23.248523204615285
1.3435209384038664	-3.729383922892561	-2.5722597433438885	0.9007785101947334	1.9905562198054927	4.507915640194547	-1450.986653288966	-155.81044099716848
0.3224774587446486	-4.568613759400719	0.624146660947428	4.676310200465988	-1.5850087156390225	0.37051896060738937	-1723.7484837660998	393.1877121216227
0.36811052705997493	0.31088050124005306	-0.3551135128488969	-0.5942361798328921	-3.7291262476903975	0.8351546841476085	10203.911569129967	275.39614570121535
3.8086807053973324	1.5136949806874744	-2.144960260842823	2.888193718974178	-3.797676624975016	1.1698833999467364	-3636.4559494853456	-172.92822158228165
-4.172586788701102	2.2044878041939455	-0.9784426829953858	-0.10788386448437315	-4.982450934272816	0.8674192384755297	3078.2003675652877	35.87287631225978
-1.1109302391998153	-2.4670065377926695	1.6495355854070404	-1.4469311410819574	-4.363304851011344	0.8535853713641203	-8935.36858744232	-98.47757754295536
-4.202475245497357	0.2768187040220713	2.6241939224829576	0.6576233761222579	2.3381089242226194	4.233590996813687	-13931.587059649171	-1.6626162733284877
0.6007904915751263	0.5706042133067655	-4.314651156030893	-2.343929908907997	-1.5527674515384273	-60.8937758088259	10856.621421623786	-443.60208090641396
-3.553063528072137	-0.09703863283158753	4.857911261589432	2.970607313791385	0.6125987204557815	17.06294392009552	2691.8545642112463	-200.63723206260818
-1.3262542131582764	3.579789163836434	-2.7450297550573044	-1.9604337743328593	-4.307949885601925	1.2374935638794637	-6865.219013592766	-34.376598577992404
-1.0761755116778948	-4.54457967355094	-2.849036797497675	-0.3197870281348516	-4.354190496776091	1.0163697339193143	673.4397387184787	-4.2201410460809825
4.915449752257395	-0.5651217118433483	-2.920388956692961	-3.3282308105200986	4.674074907741602	1.0754219563621168	-2361.7899384413904	2886.5510079757714
-2.17800248866562	0.3186509649130862	4.17121584688581	-2.4323582728189552	4.872283400358569	1.275143640405397	15370.99560743034	-500.8558297987199
-2.812203947176677	0.8778361883287333	1.7347168510950013	0.18506796753175436	0.6114829214157655	362.53770489217976	4426.3291864600305	671.0729987458365
-0.8762655374942767	-1.2515092709952458	0.12856668489775025	-0.3209482549630067	-4.858752522148318	0.7886040536859421	-14305.282393444077	-354.7181736982432
-0.17036472870786223	1.9789641026655431	2.181573997023304	-3.413260504710002	-1.3664288136041405	-2.3187318256304543	3993.5657277854543	44.21131546189338
-1.1341414218255066	-3.9012651339579274	1.9536724934842633	-1.0403776933085673	1.539998879590371	4.563319841948815	-893.8520911870302	-195.82564051231694
2.4896832068665056	1.5676426554741845	-1.604459174925302	-2.0891197199506086	-4.9359596381597095	0.9000068685978586	11664.351694614294	85.74087416900979
1.1939575594021568	4.3894113660789404	1.5459148144773893	2.344009379508716	0.9387286416736202	7.80563850688006	15418.825473642515	-11.630123858986979
-2.468045856962905	-4.120474358065952	-3.224193082223622	4.087333083464475	-2.064242356903198	2.342119542809236	1629.0180637314177	-28.187313962816805
1.7496584615888917	1.4083946770746048	2.7995006702903336	4.514000792479052	2.0608441335833465	2.2065913988459043	687.8478264283153	-105.99418283208766
-1.1702413712601514	0.1681619210757237	3.689722274258152	-1.1329149860097463	-1.0642521508099003	1674.3554244327693	-3218.190857635956	1453.865489601519
1.049595303034863	3.6077270593104966	4.974482562592126	1.8037502763061974	-2.7147113598078745	7.518667018080958	-3986.394529530942	-225.93719410867533
2.2747231929391507	4.282656449775546	-0.5467499783328735	-3.538666151498402	3.219305522932016	1.449033752858678	607.9579015467187	-8.53612488262508
2.515655029769306	-4.402425661488218	-2.810944731596127	0.24191487492212538	2.7371943064502844	2.099716695738003	-13954.467563120745	30.974108638380915
-4.374095333973282	-1.9590329288353292	3.61591667509688	-1.8983033662760338	0.0018941536972931772	-30.544799381626998	-4152.4819987407745	54.80121832958807
1.739043924871221	3.704461294479165	-2.3382465812259245	3.024994476288331	0.9676808562619774	5.8367480699076335	-14333.416968062307	103.24874388410167
4.3738015455619905	-0.2657323488784016	-4.5271334949853035	-2.7283908386688815	-2.1877402582840166	45.29338389213556	1737.2872136593153	72.76460213046226
1.3216725618060217	4.028009555833805	-0.10057753033915429	4.4050505289603645	1.3912710820198102	1.3548549040416165	-5027.357019454369	-3404.5824416444734
2.5890143962480474	-2.8337363812979754	-3.83131563498041	0.4348713891937015	0.5766059899892255	1058.340504209986	-9320.597205070686	1172.1226363499607
-1.0653905267625419	-0.08530993169798418	-1.3374575363679	1.1669129130140377	-4.850021443095144	0.8555317108596296	-947.5598520790531	-117.0743509723136
-3.209092091106575	0.4284504280124324	-1.9808399733029347	2.018787565880263	-1.860370367178985	4.116630482067793	8636.15629510819	-250.23594593330364
3.0433771516089454	2.5122522927539332	4.378460703759334	3.7153632839603343	3.9976625516201594	1.8352998364486486	-2024.5982414307252	-226.7372380369814
4.76447954862506	0.08529456777213706	-2.7789688328837725	1.7999582190157692	0.7828386388911905	23.31130549302439	3191.7309576989323	42.40611999425262
-0.16652892160695565	-4.1500879924153	2.131311127212765	4.9732356003925435	3.7189970415788913	0.8993711505231936	6496.494745810155	-298.002135631952
-4.938335582121005	2.820744882184809	1.940095583002516	4.075245372377289	-2.8257229459251976	1.508019809554177	8894.104438121823	-390.15115513292625
-1.7323557718793836	4.013674685685308	2.6321602699718207	2.5198100916378374	-3.632114129780848	1.5594688962791596	6385.946996999428	152.00794622372055
1.2656299380798774	-1.1109210636761424	4.890307078410926	-1.2551957946495396	-1.0918227943571601	-2097.6177217053814	-17276.01997948764	-2165.887878715426
-4.258484971626184	-1.2087268677736427	-1.8572804900288986	2.9194223370512598	-2.1348602450470877	1.757561696677885	-376.5746084297524	893.3575478587031
4.6236288819080045	-4.79010641074259	-1.5027767251703095	-1.8644173080794078	-0.6689320031013901	3.5451765972205767	9937.42891676976	61.50972588422368
0.5794239746976713	-2.483792386728817	-2.549427467128128	4.278257542449921	-2.849276008074045	1.3593538066496023	1502.4268791707611	-44.618010117027424
0.5473265923090445	3.7213214449743415	-0.8336579804057722	1.7808784996398996	-3.803394604391843	1.026598997345615	-3490.9886004076234	-7.985213767534543
-3.4870472707786258	0.645720854186874	-4.785693626558515	-4.470497702003994	4.839156845814848	1.523356108893815	4768.731643785476	221.9342651825087
-3.0479075927159363	4.010799087234565	2.169564408241378	-3.045841791717645	-4.62973659848645	1.056349815317657	-18917.7554351905	75.01694782957198
-1.5238519239674133	-0.7051711787435639	2.635458397258331	-2.3787516031775366	-3.8437880361033914	1.2649508908531415	-6064.809077949207	144.52369805622726
3.2026826614273833	0.41371741870611345	-0.6283069037985687	1.3244174479572015	-0.626333104785985	5.66840757120935	-14315.423268363562	-260.2021628589715
4.481524407253543	3.980672106580176	-2.9256741476107417	1.0369657567502708	-1.3993033724392023	35.403894746176995	-3949.792221551515	-433.8894074838883
-2.672569638397616	-1.8769601035090555	2.1250983514345947	-2.771860006044946	0.10464715159242566	-1.9838611648338467	-4392.068580161993	-119.53504842213064
-0.7621341998205171	-3.797412942261893	-2.706807651080634	-3.6846747485115827	-3.6822149256963588	1.296129758378096	-19515.11409485304	1826.0258672846282
0.46314764493308047	-2.4152343235541105	1.8774144424548131	4.592931788464179	-0.7877894662511569	1.168349435454687	6932.0610451498005	126.97174376422043
-3.4555148398110545	-4.7811970890378	1.149412838378434	4.386346861526768	3.412425652440337	0.6760306348609256	4862.885229962204	47.51359403774265
2.5363180527196727	-2.9565544671830377	1.6084399535025398	2.1349245476795167	3.9959005063348467	0.8441859413223307	-6826.665506254718	75.05503580046737
-2.3620653689785143	-0.9627906818512564	2.2193523845752727	3.5671243748216668	-1.5237565897712746	2.3076533526034346	13278.396793075235	50.99553733916078
2.84195650276192	-4.191398652859105	4.413758937131991	-1.9979424504123755	-2.4818274173489208	8.51931478954023	5375.034490655693	-180.92910216135775
-4.351546160094012	3.8030763316981524	-2.259114594503017	1.4569076829742036	4.333874217016261	1.123511112088635	-3014.9168148427957	62.593924929553765
-3.649869256508873	-4.822130531896537	-1.8094271800382233	1.24566425104579	2.0792460876505157	0.8527041848245501	-3082.663838036058	-161.21866536828236
4.498234956999102	1.5601080007542922	-0.07318963907429676	-3.7365327014061913	-4.399168193138903	0.8558014827936262	303.1061944390004	54.91974627528422
-1.3167853561135412	-4.7017596522771745	1.2937466100017048	2.351877881170892	-1.9493808521003353	-0.04711150061676739	-13829.992571786686	-200.87676144910475
-2.923396415633215	-3.066853077086893	-3.084860271225758	1.3370987539477888	3.032067876001113	2.0704033274223432	6221.132277729877	-447.16417914964774
4.227367834776118	-1.8235599013969352	-3.4137354061184055	3.3120337019416652	0.07140812750702086	6.0459479848135675	-18381.668749409033	-143.15237646906877
-1.2254877392494445	-2.6871328592889263	4.957037746236017	3.973197564439685	-2.9431333958700243	3.4627278371327455	4959.757300274932	757.6829542781128
-3.236352144875018	3.9480267293133124	-4.091451196425647	-2.601523485285427	-0.9124659750523101	-20.27997220602905	-1263.193906433177	-250.7568082414261
0.6495572975634101	4.3277890511302015	4.752726097688903	-0.5117660921244251	3.3513814408222693	3.7566033182642298	1211.4308421616272	52.91808444235684
-3.647045254060104	-2.951791865994008	3.5670576202190283	3.761257435603067	-2.0045590186488416	3.4809210689413974	11453.55557071239	-129.41526747448597
2.101601110621104	2.011054738822395	-2.235276857423182	0.8275197432957437	4.085987892956762	1.1409470491344402	-1302.7421184863283	504.3585089509064
0.5413218528080517	4.542957778414268	2.95714890983274	-1.7243705401967944	-3.3913939746394295	2.1491367323571806	-4745.797156381273	88.6122757778929
-2.772253557848111	-3.615980643733119	1.7823403751678182	3.708086928377295	-1.3270451857849084	1.0644885430564122	-6012.701431288941	284.19411724016067
-0.1442080041119418	2.3052551506466132	1.3824934809707754	-3.365187292413042	-3.802997670238594	1.0913533798275519	6395.3503057239195	292.1432828885048
-3.4650837770891196	3.992471993321704	3.6786920021537313	-4.250881216165925	4.784255678940617	1.3205620633542896	-3331.679236553771	-488.25077556362555
4.155391461757933	-1.532039653966204	3.0387600470399807	-1.3368211087128792	-2.6114671219855223	3.4949058210250925	-3583.5267624530334	74.95562461535067
-3.2591229568392754	2.0820919319975832	4.170106013245228	2.939880490758231	2.2443941162849352	6.800607156583588	-5366.734295362517	-88.87264400684964
-3.163061953529309	3.4429601562829433	2.0494961582575666	0.1691086049316759	-2.7698432505372503	2.4189291772938457	-13002.902618934546	418.2068763017209
4.593740321850756	-1.0432798879247906	-1.7824865318211227	-2.083648724997389	0.5449462789301753	-4.251447178494587	6989.813587198232	-95.95198926784937
1.8532145337917303	3.3380724381571945	-3.5350055863438925	4.5927780590036775	0.6791248490410684	3.5718951875578986	5872.514847728207	118.12630040263386
-4.629455143485802	0.026567173830046364	2.541157212065748	-3.830596953455725	2.3733734148805077	-6.322178003235663	-660.1251029827897	43.97209288181525
4.694324057373235	-1.317727431310626	-0.12039681976317684	-3.7581632441301105	-0.24318403939922284	1.106677684038492	4534.462368504162	-328.6797445464766
-4.356518577549568	-1.944779235059647	1.376062606535644	-0.17268637023249322	-3.822952594939041	0.8507535584789905	-6100.8473083495865	183.61434577451055
3.1559215706203982	3.620884931667291	1.4397939172738141	-1.661670614706047	-4.39424082941052	0.9872017200315872	5040.361173530988	-106.20740805418465
1.4749231758318153	-2.882835013496108	4.179682327600888	4.912758761508522	-3.34585457272776	1.8395629224289611	5227.549491668849	230.11232287315704
-0.8540793873981078	-3.9185329426526563	3.6860004580628285	-3.5044221491786374	-2.6675660668379644	10.683174275533016	-4061.7607466918803	-464.4937021080806
4.148210072285249	0.2756084078537864	-3.600298444125899	-0.13038808046345718	2.717092460115678	4.326769530518222	-9423.461612768944	-46.16347839127165
-4.229191004270273	-3.4645192132585336	4.108648218399987	3.9575889115754634	-1.0865015296876157	4.97713770841829	-12369.260339362374	-67.29625873941964
3.3698458587132016	4.509132960280581	1.7852188400204119	-1.8804847904388087	3.2338544232985704	1.6778401550479771	-8154.179426478929	0.869150073498797
-1.6682151284849134	-0.13098871505656273	3.247083438887147	2.1006378794694713	-4.258406937196724	1.2633765627537572	-6060.963496735336	-39.97509098575781
3.3814253763960984	1.0116596827231081	3.02563555859604	-0.0948282564414713	-4.678887902855434	1.1090149847374504	-7738.568549718974	-88.40505425815594
-2.9813222788644236	0.2875050493773248	4.394642316688911	4.733038084586838	4.270454572198501	1.4913000522331354	-2595.6221081600684	93.08334346344932
-2.8315059959111566	-0.24862542786573538	-4.042861022398605	2.700787091291356	2.5259426900022106	4.987289115985524	5973.311413560309	-109.82074964818938
-1.5835612588260908	-4.844195060234714	-3.1994718763952665	-0.16801739715807695	-2.5993705628501926	3.048013383955198	-3516.696411568904	13.029257671458106
2.802146533490437	-1.2802930941819324	1.196382141877395	1.0454409593774905	-1.4448742919288171	2.4078137200033733	-5899.183486873137	29.391060299852157
2.366514079310881	-1.9621136286813936	2.017389601747615	-1.995721396471537	-0.02925594375057905	-5.522245169298584	-9963.272269406409	567.4907862305878
-0.46771600548812575	-2.718405576994468	-0.8640992657903279	-3.660951293716934	-0.25917246468103805	1.2058502986886201	-2039.577643814956	-5533.233938704886
-2.7834592802740987	0.05419823537078283	-2.3983727329846283	4.410522967276407	0.2604706263867804	2.039478607165895	13177.34649338098	111.8837871552534
-1.5149404553646075	0.6347356741410533	-1.1618054071765291	2.520854968299523	-2.103268892748619	1.6081985888998496	-5608.496072706112	65.02971378679172
-3.4593293187703256	-1.0968755285834195	1.6319242993830478	4.690833440956789	-3.423353796280302	0.9380826173273493	-8027.314585941757	29.119830842709348
-1.6015476021206498	-3.188758261705739	-4.151217212670329	1.74624751902864	-2.8705838010497375	3.8622642554586886	-12683.790302734764	-502.919182587245
2.5448285395731505	-3.3371663867610977	-2.0980896792240236	-4.103098527209302	1.6213576175155255	0.1534797114074411	-16614.376996828305	287.76380149181085
3.7375926456473003	-3.3458571507440418	-3.552341133482325	4.339451904676784	-0.6830036598641298	3.119270337362517	888.1310598970787	59.41489046084203
-1.3570309061732178	-3.252056382744397	4.628140973482802	-0.8266124311254046	-0.20065707036439484	-622.6242652722428	-6107.7370517036115	-582.3191271679506
4.525213573982768	0.549039139251601	-2.210539245660895	3.109043169217605	4.922920457089459	0.9352593448514454	-3723.5607983129735	54.244197687269036
-3.810168885443929	1.3704973241745986	-1.9111731965335688	1.3263154937895925	4.31216007817034	1.0015135002970699	88.13464565284526	-114.97790166528918
1.343437983557564	-2.3056136351798493	1.9425843108576233	4.283035025965532	-1.5690050541183096	1.2831699658252371	-4078.163629133962	38.94352529133591
-2.298080827397616	-1.4434897667147704	-2.2026149518499896	0.13313692199866978	-3.260118203872586	1.311967506382286	-2293.4552510969565	113.75441810469219
-1.9667329515188325	-4.309594987467905	2.5049230227473025	-3.9052273065564522	1.6028184881936767	-0.3982670057349871	-1303.53659062333	-2888.6660472646045
2.741854960624451	0.48880775224627104	-2.8254530135357223	1.7358065436562882	3.790488828979708	1.385193602026472	-1880.9526876789168	-43.86670617008857
-0.2588300699980559	1.0855355119522958	1.5086904703528567	3.705302703598754	-3.113032645082888	1.134916697171633	515.230353842846	1304.993260690421
-0.8364932983191693	-3.243705468494019	-4.198685189936912	4.443058150584742	-4.503228784155731	1.2784203585436704	4855.433599061278	-298.5988542551378
-2.9771868798040835	-1.8589070918102246	1.2698652673006086	2.4890006315987634	-2.652291322945821	0.8980352234954342	-26706.638961056953	-94.98895633786786
4.8292764871383635	-0.6572926858205639	-1.6683073920960778	-0.7391669973006803	-0.11415994974751875	-105.07175439505919	-1857.6623050575129	-156.27205272370446
2.8782578301362802	0.8909830939560814	-3.988509196704163	4.574874956569259	-3.591767317202308	1.800008408833627	1496.821704402054	227.4220395594852
-4.039229407384335	4.0190548425408625	-4.830831538976522	4.261549854285882	-0.9061175953388476	6.8704851199134485	-6311.549574429175	128.0314388672735
-0.19186673511071284	-2.9531131606424186	-4.9021553827248985	-0.704717812236419	-0.7208181990602718	-32091.002415824918	-31497.454747401727	-32541.557977038075
2.7451763678498606	1.6293654114843132	-0.25392238835804015	4.06583817295915	-3.863484573161581	0.8706625832981908	-4900.994377808443	-102.99011113794681
-2.5250900230618356	-4.5756411213150905	-2.056841879525979	2.247166272336009	0.20861460601273674	2.7050308789344846	4116.560696102098	85.30477529312466
-0.0013405834622766122	4.7763082532865155	2.40309024412558	2.0980356968953995	4.692099252324484	1.075448816189653	-8703.934839238194	1485.439632357969
-1.6628237084598583	-2.632795393459675	-2.2298867623877774	-0.04996500682449323	3.466736204042988	1.1347524500678676	6934.203410238735	213.7212644030177
-3.0771217859168853	1.10024272227405	-3.3086930947420945	-2.4760889196170144	2.962073943130057	3.436743106537031	-4845.300075064645	-47.29053959216992
1.988822286987154	-2.3170604217287263	0.8370508138047281	4.552566661619483	-2.6287138519870212	0.7101393888690152	-6486.441163492665	69.98579090183347
1.150416892278363	4.962046372157452	-2.312822950658334	-0.19823221499881427	-1.879581060859449	10.928279618694571	-3341.1992631341095	-1376.847404487654
-2.048513964549202	-0.5410197765068903	1.2571898180390253	2.1901740193948953	-3.4478497600897375	0.9287896849527472	-8411.948293456411	55.79785668556362
-3.7400402885606088	-0.5722965479391533	-4.572656715821833	-3.7264671586961375	-1.733401018522569	-8.435966301586452	24435.404301908096	-5.799195049564091
-1.3089464578825947	-3.073376657889452	1.6079693338432044	-2.045588305974706	-1.7874211705420429	3.1389976853373955	3326.448822047632	100.79811851060431
1.1840154542935615	0.33333819247244545	-1.325566150896067	-4.830802168557835	1.8969771414037133	0.4363655314105528	-8540.672003062647	375.8679989059922
-2.2078019237473967	0.4282098551669664	1.9648767047762261	3.05843761184558	-0.6833891267530712	3.4263822989819537	11658.347296214442	-41.293050762797826
3.893826902360285	2.486708409076586	3.2849216440075306	1.5557889136287537	0.48406389928330906	59.97833072465718	4324.938002310399	108.79673933148356
3.944880243453264	1.2037968065716766	-3.6358979747185796	-4.241264856746325	-2.353557658428491	-5.925908291406904	2181.1199767194717	-666.4148639043982
-0.5780787225944781	4.119864550233936	-4.133169348600308	4.171932958051093	2.107732815491575	4.524898778971838	-8629.33000515873	41.76641728709166
-3.129284263428885	1.8600638219945278	-4.14444217564593	-3.458908450752032	-4.460703597014001	1.5500698660695365	-8107.158327777128	-856.6471403514753
4.697956962183881	2.213755727122492	2.119950796948676	-0.42668151146726707	4.555609967379075	1.0121205440981835	11093.309535347498	25.598530092127003
2.0236332670109043	1.2601929026833494	1.88700908437903	1.6488125825198763	-0.8781193575349819	16.158664140754947	-1153.4453068520602	-68.46481469950454
-4.61525866379461	-3.283693234994598	2.2071765141789204	-2.323567727865524	-4.229684331266097	0.9361540633100537	6404.906635135559	-44.676774689267326
3.0980759728320013	2.4544790029897285	-3.322734326867419	3.404970050226673	2.083994995462821	4.4740971548245945	12124.340837612035	-3476.3379301742725
-4.503574648785943	2.699383506617875	4.206815992296004	1.5126666457723372	0.8695547774565888	85.90121930867052	-16010.229958527521	-34.43452054054305
4.610153873804171	-4.035900596426261	-1.8111115738337027	4.171025879121396	3.824834070723485	0.8415921013253685	2921.3406866773917	-10.434601001858672
1.1790645827499704	3.6569104152814482	4.66753907928814	-1.0417640150210241	-4.367194575417143	1.7833565257096358	-7301.669028100303	8.511721574465213
-3.5950978770259736	2.072663601699146	4.27713843477091	-4.0644290775251966	0.30073577303371835	-4.531521444600372	1430.6051949700309	-141.4678155301545
-0.2146435318947315	-2.772816196618002	0.5867514522105832	-3.665412057178623	0.7984731629487394	1.3725073617192804	3228.9361973651003	316.69981729200555
1.4896493718791914	-1.8589521610094604	2.3317512509546434	4.214587819344741	-1.4823886925957552	1.7556780768763631	3432.687065482671	4.580117526572584
2.962081528214526	3.1994343283720355	4.847455957852084	2.3076684117545536	3.741974976204375	2.6249624968411163	-6179.898845976424	-122.54389803301869
2.4842283238935465	-4.259034150333369	-0.7174684134861451	2.4751962356032386	4.54229755910514	0.7325896518250632	-16538.862039221072	3343.2363901023705
3.603445313395534	-2.4085778305471295	1.8972262940006441	-4.537750299931873	0.13370026500103638	0.42111776325534783	5041.654726512212	202.42055037503104
-2.1206318759158114	-2.4666264764814585	0.031031921041444477	-1.993817428372	0.6331245327997195	4.687180851624957	8842.535377742182	20.492514439907666
-3.549674578436931	1.496083849093699	-1.1138046398926194	3.580583937721036	-1.4372040961264485	1.6060183086024573	9737.34154191074	-198.14270627968736
0.652376608809778	2.262065357631064	-3.697810502224712	-2.080113829440288	0.8708515720460221	-32.60067394748623	-2980.947444023315	959.073070135998
-1.8902797464365237	-1.7930068384947107	0.7805485715664764	-3.914834295330224	3.4461320347407867	0.7181535127544567	-1073.4714428518485	113.75248720800386
0.3326553060992241	4.484806727444839	-0.5334566972978525	2.6815971947608306	1.0478123902513223	3.68045312790413	-4010.030157691737	479.2562617539164
-3.8628517310284574	1.541919271709526	4.346843555393223	0.66688221563113	2.9407762466184177	4.6815836264678925	-16054.316997244134	-606.2311648842214
-2.1515466830627616	2.24946805231757	0.2315221071444853	-3.3438318829206515	-2.1321153374510313	-1.6395459457704802	-12095.67798670114	-105.06608256716977
-2.594774705676921	-4.73041164238211	3.1046576698317025	-1.0529112801420695	-1.8067975911712866	10.534685547206218	-800.7471425637743	76.51528156132063
-3.7884075398800796	3.8975199476215536	1.1865824299831633	0.09993238216746558	3.3262847448047985	1.2871589979294955	-1981.0985603828526	-175.44487000857683
1.6433083993060702	1.8666218463417685	3.1460105751148095	-4.468858005287447	1.7709537706167646	-1.8288160780297962	5823.9127846561205	276.7526144823126
0.8809260154020944	4.629800306640332	-0.7598282762266333	3.8034030224825415	1.860942677964589	1.7637662703192816	-1928.3432940812913	100.87538070642086
-2.8236781058493623	-4.46941139937052	2.42634343675891	-2.801024065585368	-2.7545571162807714	1.8700463977485051	-6213.312055016775	160.91580136947738
1.3415600961910856	4.018818747293732	-0.9836234407758653	-2.7680058934734175	3.162355989862382	1.4502586061614822	18588.877274141378	34.599481588614985
-2.5526862667575765	2.2733871301946547	-4.918538771344889	-0.2761204251349225	-1.1278532226998261	234.8838406625155	4227.96060728107	117.50371720539208
0.6801311921165425	-1.0515890561252816	3.576699061410503	-0.925223592176402	0.8436183351098361	-1386.085994249121	-18066.073975564126	-1525.2322689937857
0.8408248606713897	0.12033593663979225	-1.6131068086908549	-4.826467842996304	2.422038564989606	0.10575022843506132	-10118.108513648864	-54.96839113971129
-3.357290243201707	-1.3130649464217878	-0.5300396024824607	-1.8170113543312958	3.235280208582884	0.727269207402967	9810.92750528453	-111.59852613755046
4.126928608010285	-3.1708895827125216	-3.949005947731873	2.0685646007898786	2.2623229963935154	6.716618925627348	4525.175833185828	-19.50058800318923
-4.471549299345198	3.1673076793771315	1.444353112144606	-4.920245999957785	4.89060694178756	0.9383656107256253	1720.9212708549871	-198.77712961877043
-4.955803938342299	-3.7149187315684706	-4.9475647647582335	-0.2242689969641365	-0.39668760033800865	20383.020539401947	29025.22660550283	20143.54456337262
-2.7225346549799676	4.800141118460568	1.3149529104497653	3.700655239579781	-3.2433609601692392	1.2853105236874467	-5900.957269491535	4926.628197116158
0.19051760869794077	-1.2270832041402926	-1.3405940440808628	0.5986778939749238	-4.209289652832512	0.8554494145938772	-8057.310215468062	114.94250276376196
-4.984708841177707	3.060469955163798	1.8835335385412977	-1.5369227075131708	-4.042463673595046	1.1184462669700044	-6016.455561934209	20.042033478717038
-4.418452162100559	3.8970437779283955	-0.40398787762895694	2.5840994875952106	-1.970911834991893	2.2033425076489728	-5875.274381538739	-369.4526022345143
-2.8401775223923176	-1.02932778641329	2.65260373213005	-1.1265150276654925	-2.3975248089641807	3.712576783106617	-4787.764742886397	182.55837238716356
3.5866694467223397	-1.9645205190162618	0.5763982020882867	0.7507281152729774	2.9045490736102666	0.6107149759311786	5649.494146572699	-15.92907236106875
2.801888681287047	-0.20990682788378034	-0.15930397054524015	-2.0898524413069897	-3.394328167220241	0.7966848112407557	4058.1841006228274	-89.1956578542665
-1.887789129348728	4.153657540245906	-4.8343150407132915	-2.2795550468898385	2.4953914130008537	13.817879834190784	-10097.11294169774	-681.4662679492902
-2.458654514829041	-1.415288062374629	0.15086398452046446	-1.3603026476507942	-3.8930971622536292	0.7510410833556834	-18162.85529045717	-204.54406560892323
1.0528018602367526	-0.35053987013002263	-2.2632088479618826	-1.6867079799851048	-4.7868629457666305	0.9467442770531738	1563.990712641557	-121.72041458251128
4.181347423814056	-3.2116587923678375	0.41008709910310337	-2.254088767467209	-4.595512283732598	0.7441510053226972	2889.1682834788667	-432.9099412005034
-4.612855719717055	-4.998776820271504	4.292728760620211	-0.9289076900834061	-2.6720287126663846	5.182439703880821	-982.7927980750309	154.39524980028455
0.820411397082415	2.811954277451399	3.9061292973820656	3.7061511044265263	-2.6624287682351877	3.5558058652130096	16961.313142639257	-159.0617214559754
1.5982231021198015	0.48179833922180304	-4.734564149875445	-1.3112246792614792	4.459099171729866	1.6523517974887219	581.5289845752527	87.37408183127704
3.8822205255628823	-4.327309614717526	-2.3961614779416998	-0.3858781626753336	-3.4595138350033316	1.100873267401151	521.8614132495801	122.55372505819258
4.1254803049275885	1.4998244783309191	0.7662575659726025	0.5305923472715612	-4.760364415520551	0.8550486524744367	1147.6635760575812	-456.4145559679564
-0.28461455982505157	-1.506968304561557	1.809691189751092	-3.4826080712950302	2.9799918251521804	1.54445597889376	-9407.697255591385	228.73345931033955
-2.3856152087312212	2.431464165993212	-1.1372804291864624	3.6437416843302266	1.5165646025775557	1.77590066844117	9122.303067902776	125.50435506413882
0.5893226289640925	3.5889739042060853	-2.062404312950994	-2.4538771130826067	2.4985338702197266	4.379084669811492	-12248.47870512473	-1592.8277184118876
0.15500783979240396	-0.40949531574040243	-1.4646346153804748	4.589250335107085	2.469410463466396	1.0483734966860423	-6129.971763200427	-49.56039995092667
-2.500944549478726	4.280352155919818	-0.7421737345025381	-1.9814540004026449	-1.1731115188672359	-10.654065436992099	10152.272032674564	-452.9726320703689
3.364827679995413	2.5116799710067443	3.302586301207265	2.9052877156760637	0.10821222378117756	10.160406708170227	14052.222533151686	463.9620397754577
-2.7566368740886302	1.1047425455708515	0.6129831227002747	3.6130601741812836	1.582383417330547	1.1785385616576438	-5887.940435453578	22.646395271468656
-0.027577285519088335	-1.467655148503094	-4.102845641527104	-2.201282925450646	3.9550487276478723	1.7888814996278048	-3657.4495596602114	52.38557481449322
-2.889210413502772	3.9176667950126376	3.5698423955342644	1.121792813146035	-2.699638046545111	4.937276891609077	-16576.94286579873	-23.498643265671987
-4.070409577059703	4.073510943697068	2.673499289553477	0.7050909598449264	-3.93209694491751	1.4108589305988097	-9130.850377163539	193.41414022470295
0.3313694343396918	0.5665787790590073	4.134867809928343	2.3026971632695776	-3.496072418978229	2.4108207544918114	9284.912586894077	-163.57510478297212
0.4826764057256403	0.6462227288068503	1.9887709137483425	-3.574729654936206	-1.2935684930905689	-1.0850829427690067	-5747.658666380075	-63.02382306221303
-4.355469279664845	-3.8840584235729447	-2.4337108552077744	-3.98534201291753	-1.5711937423989095	-0.2811119867932601	6723.314160372394	-45.79259050943761
-1.9363866235667326	-1.171891614940186	-0.966200893642184	-3.3206054520730133	-4.827112970739527	0.8143226024280236	-5952.99356019443	210.69623372417908
-2.9072287730777067	-0.3114853067503436	3.8205052558875465	1.7717753015656577	-3.7038672900303773	1.8989455687495194	10252.908561149921	-143.18747325222455
-3.6572163701713025	-3.066327949646628	0.42384609619271796	1.938313007553604	-3.974083103126933	0.7034969435128404	-9870.901324767578	200.52837669938398
-4.04512986500411	4.117886491942256	3.409935838902001	-4.260611592202355	3.2571549687642722	4.94503438883817	5026.389170003279	-412.71209164919645
-4.124061032266169	-3.712213380703462	2.2564146710336344	-3.597668533877064	3.8293367446086837	1.024596772635749	-6410.06867995972	-100.51645364864466
-3.158600023478683	4.0547209438609055	-4.1606937950744785	-0.8028783163918494	1.3924868503391394	88.02835850196303	3055.4810464700845	-49.43736943540924
-3.936046688011853	3.633404982873815	1.7984991595594844	3.8819969906671012	-2.2372885582538493	1.9578167849965047	454.31686054431594	-32.80570720870894
-1.069905315297123	2.7407480345114577	-3.974994815892966	-2.1738140963688157	0.7881716508555492	-32.00602450716347	-7056.782026234438	321.1413483463919
-3.253730630304845	-4.228498483040052	4.003911096989217	-0.7383646683373808	-2.7827753075707995	4.039699263107522	-14765.090727845343	-93.8678150263093
1.4415507202942832	-4.801852850464693	1.1660939800987746	-4.4165215920515095	0.8661848947406874	1.202781130193321	12595.923938472002	40.36212519345632
3.816931939068848	-2.165301898094294	2.73932453111774	-2.8592215268246015	0.3918499044589776	-3.921193992220512	-3750.7723663342754	-140.5436430630389
-1.649767226431579	4.446745905442221	-4.81445499004432	-0.8209105490021393	3.234146194203456	4.308183598909132	8002.199486823362	119.50081981217414
4.467717920197119	-3.791809651266773	3.0033661724877057	0.3799240719287864	-1.1146672477993933	60.43215471529569	-6312.301761403123	36.67236105593508
0.3766420590151922	-2.042185702983045	-2.86263015475666	2.5832894131489077	1.535169371018763	5.95988398395685	17362.066125256	124.7377492479265
3.738957356459153	-0.1140170534845506	4.1755586476782565	1.6350976189176771	3.374390436581855	2.710853170807346	-9912.07265707562	13.199676312996363
-4.820226336615507	-1.1872040381168936	-3.298290148425611	-3.108186038784211	4.602491143964587	1.1563011370472718	7530.565430462949	-134.41488929550536
-0.7606553587956943	0.621821896766301	-2.9184130761345486	-1.1586176538904	4.234434152673485	1.2166243017299676	1796.1532761119602	31.01985233963375
-2.188093319960205	1.9209679707138854	-4.830762157844628	0.14344482300651862	0.9145309398131021	512.1783978082287	2064.1476711437394	515.5000579151276
-2.543257466389167	-3.4813715284801816	-4.410123008032106	-4.92873394275694	-3.0160589927411072	-18.346455587074153	-5126.6277933814345	-227.49804294391816
-0.36113208678717257	1.6559277874541136	-3.96688452459254	-2.7881316481115404	4.445382068158798	1.4679468303829988	8005.998625624496	-7.909305753703759
-0.17065800007414733	-4.60510011967933	-0.2253090286446655	-3.3971907370932386	-2.1635265552058347	5.46589203570114	-1867.9404025113577	-64.02926149262441
2.5779269617803715	-3.07767275092403	0.6272867710995387	-0.883744612979096	-0.1643338243252499	44.65524475668218	-17797.411810466627	-61.29890533306775
3.518417364714825	1.350033418676758	-4.862955612589923	3.520038421221873	3.5756567892241904	2.6143989637843905	7340.101427640345	6.91866215539599
-2.5465373588908404	1.0180720599032718	2.12131875788677	-1.525208652328379	1.9727171358227604	6.945559063902477	7673.691518686556	373.74539472661553
3.9894958222550585	-0.8174522027485045	-4.257903495215418	1.149642019447282	1.1098166043893318	94.63384868840959	7020.131966663145	-403.50399731315815
-2.9102721601562442	1.8011691689273999	4.832866272142759	-2.643312924714809	-4.048017773097063	2.221074263067508	8594.353859087365	-326.44504564210064
-0.5316196460853506	-1.2632041125901292	-2.2830941886626768	0.31123454867882927	1.127355540415289	39.67839280464921	-7340.979561513102	119.64438372914081
1.3039627715171784	-2.7763436301349476	-4.7411323830384156	1.4963583440745873	-4.3406810341806334	1.6508230858538282	-11887.248522133661	-8.767001516539564
1.0238155835958036	2.6872014453111506	-0.30652447930094606	0.20170010454081488	2.5054213634298232	1.5075435141768265	-10216.692903538207	-124.49566422204396
-2.1334730928349313	-1.091988508107038	-0.2531706900605375	1.2751562915571668	-3.68617747627227	0.7580400292391574	-5170.383675253671	108.07620506636408
3.402520958156824	2.8178661440567563	4.347968559987162	1.0071664173164772	-3.201580888874317	3.6718770725639427	5687.684464163911	163.14817005921367
-0.3263479493743704	3.295716658787896	0.40025411723992654	2.639130280882683	-0.02855961168494403	3.1472689530472038	1956.9172792087438	-17.93361285805663
-2.701007183855908	-1.5956834329531535	-1.921756432738425	-1.4199564412695995	-2.943959829237931	1.3364153177669424	-1541.256301654725	-114.2375452355767
-1.4698709297300026	4.206168206096134	2.990963690046743	-2.675048526147543	-4.279313262294412	1.3453004141157123	756.4763392942453	-15.247131957637748
2.0072930552207016	-3.980776477093848	-3.4899034531385933	1.0555183596153581	1.2306646775334107	43.746697188149035	11293.415722600179	-92.90733209472495
3.0422453925191775	0.15099411404081486	-3.529502489622567	0.5607282092510104	3.894273378492752	1.60562378260583	-5872.6681271309435	-106.31682176407776
1.4316105550347995	-1.0875997859340703	1.3906756548029549	-4.284529275270908	-4.099669994365291	0.8902771543471717	6755.914132782781	-304.56851255574946
-4.064646597734212	4.229470493766257	4.548966714987687	-0.5243904083064539	-2.353298562137154	12.02990979779268	-9960.620792108944	-994.6648087891629
-3.685367411734605	0.28576836491033575	-1.490402552117164	3.1227180688424294	1.3563785567597852	2.0773916280235145	6844.202433022813	37.86019470581985
1.676591217373085	-1.8082450860615449	2.939972402484253	-2.4952644706776548	-4.438695175691208	1.098617386147456	-7143.0429403720655	-29.02510613929953
0.8967962609272098	3.3060547214743714	-2.390247344794484	-2.7891706665807856	-0.7839842139733575	-5.9879225816348995	-1598.9248391642714	-201.05695589710146
1.4237575065200145	-3.3640403845991917	-3.267037196313376	-0.6416534950522905	-3.814307240647652	1.3912988220478129	-13395.720213310435	-34.90899177323254
4.695731620447162	-0.1372471736036811	-0.6327467101806601	3.0717259208823187	0.5822336793135907	1.0032631825258274	-14196.83065555871	-34.20991151808953
0.13967233517671396	3.1718352043598035	-2.790512983783721	-0.08885611140264071	3.4680017580755944	1.8080305169388593	-10290.79099330135	-55.80197797142431
-4.124728950538219	3.9586222584456525	4.021353346207729	-4.636549553660856	-2.1189862151332326	-3.793241056093532	7850.573748549554	-108.22380642273797
2.0923268209060053	0.638374605256109	-4.19179522491524	-4.533099560399636	0.6751017618456991	-2.7209179047875014	6254.791030771604	108.99265704481732
4.9701923596703175	-3.4317822134884612	3.2396110545832446	-2.926438355238284	0.38381174518055783	-5.164699193886509	22133.746758654146	99.10215262989793
1.070705506551941	-0.4633204609551065	0.18751136216417574	1.1017756177908602	-2.5035489929568335	0.7111061975352473	-12196.75827995794	-139.00550910492694
-0.709481448927189	-0.04859581431313398	-4.538565328174181	1.6106570870039274	0.12868959938500524	90.50665185337071	-2948.2477571865697	4920.3612526406505
1.4316797866188367	-2.8042268841046534	-2.9622653583611456	-3.4430822206178546	-0.5666267339445792	-2.283111972352223	11625.971535130577	541.1508006558768
3.923105469685627	-2.8204534422855043	3.956110302125344	-2.5702211124504593	-3.4260203076385154	2.4266883202059857	5336.257761600832	146.1683688069621
4.783275227210314	-1.1780930175216509	2.8418388098865455	0.8371289330441654	2.2842146622417125	4.648425672167101	11798.272814092175	-42.883590893802804
4.185058989458904	-0.7806805546745865	1.872344170072867	-1.5195607492074337	-0.52680921480989	-15.133097746378791	4032.9284934347597	33.45543534678801
4.7137326920789135	-3.48336076561215	4.840428393507388	2.209273279597962	-4.616658692215988	1.4748343005943503	2680.127655215946	85.31900535534452
3.0011072019860343	-2.198620474431773	4.8893971330876	1.333486756552249	-3.2006204713825595	3.8724711806118997	-6424.3445085593285	58.593642831721056
1.7850742668491737	4.142201283206518	3.4708643225771727	2.6446113388624166	1.3398082287960387	12.791864458571407	-1302.8224528877922	-54.80780739160622
0.8445815146405522	-1.2617394705104203	-3.019563832906238	-0.18896995107249825	-0.7469385604431036	395.32944749432386	958.9731745856504	519.9577537239669
2.096660297563493	2.152349258655847	-3.7500155915638986	0.40748340963000906	4.234522234207818	1.5126335031406861	-7267.090632639202	81.2508476059796
3.499488636756791	1.8887820973540004	0.07343477334412363	-4.990592546266875	3.172807193602491	10.50406816843578	-348.63582707784144	-65.01434179065393
2.44197560687848	4.312095026659033	3.9650439202165817	-0.015862431096355323	2.738845668394565	5.628522888629366	2578.3994461192137	56.893885834876045
-3.5990478876786725	0.9172922996706063	2.8816697180213406	-4.2527456694839145	-2.7238936958376305	-19.24631957553721	8718.144831444857	-59.00306663063019
1.565375281568377	-3.249122181176104	-1.0809445778805027	-2.073362199908877	-4.63987983147602	0.7781258965180704	-5560.571594039992	-9.732731133131619
3.1559476267378663	-3.0313036103567104	-3.756210558489986	-4.551143991515433	-4.6347287132202535	1.2665893494917597	-3015.9741104118348	374.4256407588989
1.690785792033899	2.712473561803309	3.416996738782723	-3.454409179691976	-3.7709600252239692	1.9716921344501337	-13935.329125193943	-1630.3287440850715
-0.9701174612378622	4.759232513958931	2.362889834290738	3.3281647977762336	1.2457448766576773	4.811946968230757	-6032.250222814925	-1.358492910098855
4.538643493466299	4.3941481504726685	4.531868843090368	4.3410382193735035	-3.4700623872754397	2.435908845527546	6023.730819120511	-2.2559097213592505
-1.267414724109479	0.03434283056339549	-1.7032683476828536	3.2934090664967837	4.960040537862083	0.8772605747423358	-9484.24851203504	339.9325957391837
-3.0508162290125296	-3.3486014719616053	-0.9109001861502275	4.263651659414762	-2.8711193394775556	0.6526360029367924	1814.4847958030873	243.3343813396281
-2.6936937743177483	2.3160409954793204	1.8900028333755827	4.349621399651058	1.9088553469574219	1.7529075741240794	4916.993394000542	55.26446114463736
-0.7506586741106069	-1.6415583421349158	4.670317525035092	4.5300013046960785	-3.751723970132239	1.9185394668653495	22695.655726377332	-181.02421410476742
-4.103735315936399	3.0813876843433246	2.5485666379197935	3.321428232107454	1.4120002742513558	4.5545872920046975	-7343.806616915586	-248.57987258408903
4.177981833601589	2.6651094600203518	-2.0396837295459367	4.98902654548948	4.52396231759055	0.9770407956547792	-6383.854222194113	173.7083561038951
2.790281569500493	4.490837969667943	3.360275521788868	-0.38289114987707507	-3.812621505114684	1.7959292506107265	10976.182636322386	-139.21478723549745
0.8422517478503897	1.1157984936951753	-1.0773565023272305	-2.3039558337863064	1.5963015353393617	-7.628496844314288	-5472.711635580835	-155.04416772772805
-1.5015267703395918	-1.688674868606781	3.1238630353554093	3.4544899358741414	3.5591593943583675	1.4606421801457072	-5016.614963825538	13.809131040542184
0.4199897850977905	1.9648348719153752	-3.1506128837683445	-1.828886076913736	-0.05343465070009845	-32.66570632042859	-14013.716374605612	227.05137828444478
0.4884958497494942	-4.673741157524843	1.9445035607246117	2.6982249167010046	-3.0592871157318804	0.9038875503104227	-12752.706944500269	180.91403004092476
2.534186814942214	-4.564641891651733	4.330480157936453	3.1069430392537694	-4.808757986553063	1.2199573483387105	-4591.3422834782705	-63.804454184475475
4.209333575489062	-2.853333433117781	-3.1889776966544483	-0.7738328673407793	-1.7008412689252115	15.881143089257831	-2828.0965102317136	-41.94614117371914
1.0714011056543606	-1.942698979469335	-4.550589324049197	-2.6143348583873047	-2.0317570860357534	103.8813800121339	-7702.447556379357	121.05738796554857
-2.5287764644209245	0.5692477853254729	0.6358072129386194	-3.159075990026138	-0.5467970558652722	0.3553192970624114	-10276.845704491405	-2.013973856567609
-0.8558852901438643	1.5471027117534266	1.1391568835973231	4.032914709757927	2.150170484986454	1.2698323045299085	8762.56800068102	778.4543753054389
2.376431611557197	-1.6158286435436962	0.7958955242768511	-1.7565049337776273	-0.22784682309270288	2.3032992010291506	-3949.5490261429095	1550.6383426917605
-3.3642356141142638	-4.548398061418033	4.509219951745768	3.082013532264563	1.9417998333234667	7.511943756942905	-3698.597051800611	399.0569469153266
4.621844610522093	4.515278948396897	-0.5246660947514385	-4.157275295472823	-2.749215401911446	-134.59090346598342	-20893.36760123026	-137.82831575491568
2.8263600550504364	-4.503518334007777	2.2478124453395854	1.672439492164985	-3.2159768682306886	1.0800176677272306	13038.216630833056	-168.3249464395621
2.957645317490293	-1.44350967678333	-4.181083529890302	-1.678151532683759	-1.8175504494961938	34.57899545493793	-5249.763789977634	173.26999763903274
-3.232761885008235	4.312351956187573	0.8598633848949566	-2.472038019925684	-3.5018054288769616	1.1910622476289472	5180.057043441597	99.77503918628162
0.2558048222614797	-1.0896110711804785	-1.158844794296734	3.3377443984664197	1.4231158427131376	1.075554354037366	10099.66836740838	279.7058983309723
0.9278381247429994	-1.95308737397046	2.75000087091684	0.24501028227871835	-0.8521110972918233	170.1626054029209	5035.953482508906	313.98044600730765
2.4181688246511808	1.8792395934406922	4.498488557784711	3.6868440452645146	-2.755193860454469	4.016349983004169	2458.8283717278523	-298.9985949029188
-0.9710225899183982	0.9288112948303997	2.0098810485059833	0.5964289277237622	3.3355348580755013	1.357995878179852	-9451.776734883191	149.53010335504055
-2.8318420222986775	-0.9727116497369668	1.6651677301184922	-4.78744143970432	-1.7377064410627496	0.41626360225795483	950.8303985091352	78.61149903347406
