-208.4753907450961	-35.194480836620436
742.8900027569708	-597.2015288759869
-1089.757935976734	19.054917386741486
179.20578373725704	4.636588229595835
427.16372496603213	-16.60471797442875
-142.34866157168645	-238.829142783566
535.2518017422375	-66.84106896690608
-584.6609638653102	-36.83901044433196
1315.2599034997927	1641.7784847465423
-490.14183036368973	-67.50367831353313
1377.110367181194	-42.969756407669756
452.54511362916963	137.76512838399083
230.33682362456938	-132.22490600210352
-776.8393887231301	-8.392764756657616
-1164.2484009397494	85.40686333696128
-163.11813398829224	81.4891346218521
-561.3977071520023	-39.418085476224554
90.73804579036945	-40.05283334721372
-218.4861141675771	162.81678977308712
-940.6264773577612	-22.29389771023287
145.96341857386156	-170.50507263206015
473.5117060876666	-85.36941774921918
-412.1407201848966	-77.74658941712669
-693.3833589365227	128.06246178734358
1113.2983779403598	62.86958962360262
982.5014633998792	-36.414996557479654
964.6151390229946	-238.96472039765388
-85.45110922827502	43.269448177050634
488.23904956807803	1069.7391123972197
-5.16407641243663	22.892327483414125
-1809.9716325182003	6.221893230377742
402.0522002695982	29.52159222030618
-580.2443915437974	35.37544959074208
473.5616243002883	50.26803844497756
192.22245941254994	-19.715162273931824
729.2744269804025	-85.25398833588068
611.7494623523787	11.3966504338331
-1458.6476508257565	-18.7450263438504
630.9045978813735	-46.70358292475404
72.31493846354749	-68.459732684536
-30.54026142280996	133.0868751309341
182.9790645395467	-25.850250498483476
-1804.0891205831315	-419.6355869386816
-1056.6264369824432	-207.68892229607067
-47.847554864715796	-45.852550046550924
-230.95482162977717	-688.617309134389
-1033.7975967020293	-8.749123063031872
1929.122342611687	-17.281275871859794
-605.1156961745355	40.03432344429797
435.54397557462573	140.82958266685014
247.61670316554748	-35.15048168881991
137.39150905639843	-20.74804397669886
337.86139668685473	-15.08225995792544
1120.001442520115	48.59316001211066
-632.6000069549383	-548.5538531208267
198.05755399800566	63.96913504139376
-253.93324476326015	-75.17965826178006
838.9703941781488	213.54231838332578
-926.0290820832631	-5.9521944286831685
142.01426791954643	-191.49877600024917
-243.3009044645683	-43.010453235257906
-1731.8090999723534	4.124372509419521
235.62491302552385	35.257169588969475
1403.2977985066887	-56.70996495213939
315.2722339543871	-16.84561042622399
418.2324857917897	2.4576042077321887
134.42810504127888	65.4484555436723
-333.66954202034657	106.73223409590956
937.3084839942655	18.701430903834293
-1743.2615204061033	-112.35104500507842
-179.41712873019875	765.0232797804362
-676.042868153739	15.775472407504513
-583.7386087661205	-66.3453362098773
-148.4862899928204	38.10616795195731
-812.3047455499328	236.62680025629803
-1778.717634863096	-19.760126070823368
-65.98998249791667	195.16028059199715
-313.7858116145382	-297.78824948484504
279.31307039227795	-146.26002014214487
124.42888078333525	18.66579249374923
745.2506035407681	65.20970408159405
-745.0644621249389	-48.134460783897836
-672.7116063629875	29.015375484991363
792.5608750548718	-451.55379510485636
790.5262262644704	-473.78073697306576
952.6083368990752	-56.15984212207572
271.91837843732344	-78.79545830209983
710.6604819973567	222.97146785425673
344.45577383692813	121.37543857173773
-72.38386736331378	37.879570696622615
-1030.4298970165573	-304.7227612719596
202.21553818714568	18.686726267054816
-782.529058719478	434.7941186100357
659.8611371100031	-68.4842530101036
242.96698059077207	-72.51765371932474
133.27759880630478	-664.2105602106462
903.5287741132271	6.42647756444662
1138.8327835430246	-45.35765858819795
530.1257682436452	-174.44624018783247
-333.2794463514638	216.14958944565115
1204.922926023394	23.39012310507658
-57.30806774777531	83.95123220990372
-1419.8887800791965	241.84387309928007
-381.8497443830316	-34.78521613538196
-627.0256948444168	-240.05045351023182
313.66731096848974	49.62876808978679
843.5409975186708	99.48622060992311
-670.791898665625	34.66364645592784
1049.4415642086378	-56.740652929062556
194.57037370651693	12.889462866053616
-332.4888289071526	128.25820890806312
671.9706549826136	16.011384684922486
1475.9406258683296	395.0086727549156
-12.113241101373623	24.429206619303073
-1019.9788941469867	5.042275447416543
431.5380990498356	29.173100226964763
112.22494980382167	-5.685942864796747
1623.2855204974578	11.104625323296673
801.9641265131829	-572.0177962947764
-791.5699712427642	75.76752220927952
-722.3280203952299	-74.87439783802007
1062.6531921003311	67.74944479834474
591.2957579954397	53.59483392095998
-734.0979463994988	158.75699710484201
-209.11141936509597	-39.56788572300769
-159.4939328842735	-146.6987087557311
716.0130359124199	131.46498269332585
-772.0951595838002	238.88395122636416
-1160.6990215153355	-39.91390056694852
-307.5122401533929	-57.21633515433473
437.0865509133342	-87.02359611255771
-407.3813176299347	-22.574074457208873
-773.9809748970974	109.24033957234542
-240.92650819825388	199.7627174593146
1704.8160531646868	35.04920224368348
-297.80976861233944	-120.91806768124314
-976.8801305236856	67.88380419912878
588.7373328343864	2.861693043052487
1298.5014296174031	-48.91070770888351
-892.8982073176312	-0.41398950388580996
-929.5950101421639	-3.996875000805201
171.3053676668053	67.70083876438578
-690.7876751193822	-46.7286687604838
-1750.2969671524436	-19.582859947920692
136.6815672954168	-425.80239065240823
271.1510562521982	23.759582496463953
42.84620072257558	-181.4333566430865
962.7052722037255	16.833607102933872
197.46411101085786	-27.164817414406052
-589.7094451109032	-46.25662619196618
-356.95518312585693	232.7931395939214
420.9787433075015	-53.17862158919729
-212.59431357727215	-51.91713798631591
403.1259369662199	29.367752544422157
-764.5078639661427	-5.826560803002218
13.557037973848699	40.39542729824811
341.4438693834684	-40.889140216030135
1447.474023556488	82.88844326027208
450.04414124331527	-54.70442934278986
-353.8808692115057	41.64978927099187
-368.65338393341403	32.129872985534426
-54.59766403833323	669.8055405119867
836.2632056507146	-186.49632086515604
-1622.3045625618083	184.3814302013846
-271.7522032412075	-176.09370134620696
-391.16621855473187	-33.69616960562442
-498.4829876969386	64.94548288904845
-1512.5066626412272	-158.92698899516387
376.3336792176698	-19.173387566501106
373.57068719401263	-140.5006025911416
-421.98699448699455	-83.69134356004079
1021.6729009159379	-524.6765466283665
-314.6381342114831	7.593100089118382
514.6156684255313	89.7075168476878
57.22236952778752	-7.5902103129736425
-227.9880454998352	175.60260424183872
-262.1347036243984	6.13060362311255
1245.6836818845438	5.057032446061812
1037.773931811668	-9.679779991668946
-741.2111629711462	1222.022497593834
-296.3981976803124	39.73034296130481
359.5317595025312	46.08507448384376
1752.469250778125	-52.139791121855076
-1621.426869158709	-58.09807131655204
374.8027228238716	-40.17865153559997
-955.2260338145343	-54.33622999541447
583.8150610438084	42.68918364738068
-146.3827025363892	-859.6168219566628
-258.2931793300085	238.38653711312014
-991.0049555089811	-101.58567304935958
1621.867041983094	24.207187114376442
1063.1559537261408	-391.40563713630394
-576.2514516192522	-32.21090679282758
-215.65663421076238	89.22060866848642
1966.1140010015292	427.93819029232907
153.13435858499543	-32.02081656837586
26.288793915640507	-32.291987850450134
-131.75396983987423	0.4565153286652337
-280.73541326774614	-4.247363577486655
1216.162854266075	2818.454960381261
-667.0769336615698	455.5700941155436
682.209977463908	-99.19650147412737
-571.1105644002538	107.53335148879218
467.221658383742	19.7023246907324
-762.646230940382	54.56145499292993
-805.0124343812422	-18.36132017917007
-647.7612111352603	-47.24001059924954
-934.8581912078072	61.292475122183035
-589.7386245104285	99.47271423719117
-1170.9366148008298	562.7614310682956
-1030.930735010326	123.71717101947273
117.81898980020391	-23.885253838345985
-376.02784911974493	-59.55993168725745
1177.0970907881747	16.130397090744836
850.787431665226	112.57915013795463
-939.3401788949179	-52.694505900700364
-1221.976051343446	-24.666833533637565
441.4782284593556	-37.55442811306837
-234.5223582770768	70.96322302568905
-334.0448744751435	-73.56149136144634
-1046.5714784816996	-323.4291064769171
32.00509168832647	-22.388536175937418
-440.5199845356558	-24.940602514944416
-1055.9635465967185	139.20521822220945
251.4657232443679	2637.8034076149866
152.91610161009524	-29.98932795113551
804.8768380714703	-3186.669470414561
641.977280979695	-17.065703825494904
-954.0332729177469	30.286558002299106
815.6569725537173	-65.16800995430873
-509.0705630019808	232.09547205495863
-57.04708531315217	-283.4639234399026
569.6148969650809	29.269228951602006
1692.9216645070615	94.40368901729175
-1115.7352363517614	-67.70557768554987
34.5577924247546	-121.7994423110969
1211.1277386849008	159.8604226196608
-217.82098452456677	149.92970783472703
-789.195991641612	-40.315915282979404
598.9172488138084	126.28750999424865
930.4179225388887	-52.0871437215344
349.47880921858797	-105.64233843224986
-679.8346182994758	-949.4700675118728
465.02922651063875	820.5369883433775
-1877.9753566650797	54.30963473655721
-1042.688163209825	235.6041631285439
-241.9172749245294	101.83672399878374
-31.515028118409592	2.314842854183351
734.257585771564	56.28669138513192
-293.25076368459077	2.3049054772458364
221.6102424377525	-30.751524993932424
1702.5977645202004	-0.29476894646736607
521.6284819170661	-51.659753173415396
264.32447623863226	-28.344720559201388
526.7292185164977	-34.452852759384555
-292.25593927205875	-53.53195423741343
-886.6465057580523	120.61572932763607
-1188.9024065332853	16.008058905451982
75.77086698944926	-114.03896032847418
314.0831911663444	-70.74373807807214
-417.64595695972645	151.30641183608586
1364.864439238097	20.233736629751483
87.59820268589316	564.000167185737
-1013.5820984208455	746.5414552289947
0.8745929452378814	-188.82095321698043
288.53331259623394	51.18951867987307
212.2060049066823	48.04182722660878
1545.6739632255578	-39.52120169251173
410.0473803374422	-132.96088574283905
-71.28006779472038	-20.699363019741003
-292.6285409308748	-1.6615324054841034
-1418.0532202555933	9.7453412592151
-510.62545179065546	-131.98219483908437
-416.6368978747159	-16.566434086543584
-63.59435668121731	22.662732935608094
-240.09010595550825	-87.10797556149237
255.9410850730881	-51.32804800215779
943.8233505310271	-35.857286024040654
519.1702396809295	102.1857695403033
639.1690289292015	-1.2390925842348972
-517.790774403064	99.42422874150346
203.9323064513673	-359.23111327733415
417.8704718526912	49.4886559121432
-21.893878454865746	4.543195395280768
93.78904182511303	172.4940295598112
-40.60210419756146	-130.09278249145834
945.9124202620832	56.5814634804684
1201.1733693438428	41.081462058316454
216.88216696299202	1.1848206907197738
498.6950202831483	-60.121321287623736
337.60281566491005	-9.35588882732746
698.8876596266552	-52.94269501107737
613.7852378743382	-3198.9507094317814
654.3895369822169	-52.3478521876404
-719.1298634237673	-77.98611848477485
-516.0827059955315	-104.4414427286041
411.883480552702	86.93117727063287
298.60789389942045	57.06973947584195
-217.21616509111814	-31.3244131786802
-1119.0013587717483	-9.421855840834933
-21.672065585562105	25.804617416017912
1206.6734125001435	-49.62004800712088
613.713116788853	-5.878830630560141
77.63461931828805	-166.74813111232424
-345.4151695845952	65.91816087473096
-660.7778509149477	-9.710413477442017
-3.673266086973736	-100.11036524569931
-318.0037209928445	-85.94870429366135
496.7814312172956	-155.88051094567703
-1146.6535120284173	890.9623208143764
193.99116312695804	153.7969688066625
398.29752022960975	209.67478410182088
90.34778978841204	52.88450975822494
548.2480748022925	28.776215566573754
-48.08358780891422	-47.274194189454434
24.155458344898197	50.32764315309684
950.347673650762	-127.36643593629157
391.30446443703016	-2.624601493516761
904.1114920259088	36.47661189762826
-1016.8974122423666	-132.31359376540365
-1494.9250937465902	-583.9391955118529
-1361.0453985404743	-34.275300770237074
245.85898004335147	14.914118019156966
-790.1196139736492	21.82580317464193
-680.8298398873851	-44.3742748768375
1339.210739756507	-85.847663653459
62.423614817198306	-9.501059688681393
152.8889317034012	47.29539111770617
656.1095650099201	143.8381298115235
-463.34801323435113	-2292.009501273365
-396.53097366604464	101.20030501138285
-726.0242587292809	-109.25346915376792
155.69546093279413	54.050324243426765
-629.4251155543187	-57.44687909453809
-868.2929716944965	-5.689810995478489
24.3622861015269	-21.114862201412084
-702.300082010692	1.9834735816143445
-495.21362941843205	26.993509084170444
-1621.1939870763708	121.08950569748224
624.3326785048108	388.69780884218665
-1421.7990655369103	50.80425205275911
-565.9563081604392	32.889710988511325
926.3276293637745	25.874284345921605
-441.6468311882179	-83.45485276069388
364.30265646779185	-130.69190967778104
332.83349600227285	-28.41806920978279
-1328.1960829084012	32.674915339025
-180.64691580910466	117.10170322978159
1804.9642212776794	26.48505470881236
-286.3965019594632	-90.83974003526237
-90.60415093095699	-138.81139543829855
-123.11736829636743	77.45695064191793
840.5461822557801	-2.876037168133365
623.9423032406155	22.740929137003167
1239.8569474456817	20.070045821736883
106.42967483285629	-0.24042976464446109
-618.6134841810194	24.570655011493432
981.1844102735568	-1.7071106067981137
634.4503983763785	-261.4488944667749
1193.4692758154338	-51.739933359191696
1053.4923889435015	20.02499373356279
-177.3291781916358	-14.826992359860446
1021.2490212576844	242.75612669665333
695.6276241440921	-1.3311155555978629
-80.80709298493359	-16.19741817910102
126.52755186489242	41.72750722412154
29.448671666118102	51.0695846866464
188.97295502103987	86.84681164181347
-239.2995692857156	-170.6453084822686
297.7430411265975	48.994671733574854
1.1751172817348132	6.554188629654466
-387.70879648044223	-188.1245916967519
-216.43483617109894	569.2287333574146
49.27178181438732	4.195197210214344
943.143221649426	73.68871222810401
-643.3121225652988	1347.7048494037824
-871.4000802490539	187.41957587667773
-40.278313816335	-10.325836138668109
-98.28079232686429	-69.07953405764653
-181.07788183984837	25.070287942187633
-137.47658773468885	-12.96579689530424
-436.8046826141739	-30.56422518327697
32.17870702712174	106.74967724878239
696.758553101717	78.18792074160514
-271.64778502180656	24.02653919526251
-2174.097153811838	28.89334673607873
1145.4057180147947	87.59218770456461
-39.087107507252426	148.1426353619909
2047.1599175756999	-219.79923853794978
-289.9775451003758	466.3048381899707
449.7572723127868	-28.313999956504112
989.3767897022221	86.32218260641532
-570.64290106644	25.03142765645083
-673.8487163059991	18.30530695387582
305.85931357473174	-17.4012126876812
-1571.2204440779035	31.517736313219178
-426.96792562301977	-220.09196094052038
578.9847373141318	263.25280324063516
-11.843852236349964	41.046217210020735
-1011.2389460081096	265.6475904885587
451.0290524881648	89.29461295490697
946.7131533151493	-45.55053401595649
479.09767220285	15.604349272021821
47.17596602747326	120.13472394715274
-372.93452419773905	-648.8218756288773
364.55215680000384	-49.41028491157398
-520.4085054168821	13.20786329449332
1095.4126199188113	-45.71539016329567
-147.89433387712472	19.06675588647456
1232.3520142517693	5.298582183382296
90.37348211928091	-20.18249471762932
-398.6755381866653	-630.3541711680307
395.1981408019455	19.064105386108192
-669.6143723379093	54.9222160080581
-1980.2737083722998	51.818567108920114
-2051.018587706395	-217.99822962094942
-195.07134172684454	-55.66272578337481
-1054.517535107646	3513.875713488719
-43.91567466400009	90.73347890659733
980.8502033411523	928.477564941941
1056.0471382093406	7.844678346656441
1138.8010638766666	-200.58992513162804
-608.6888421711731	96.6754383732745
-675.3464365480172	30.132578038533577
1051.4016654349582	-51.46172729507501
570.1141545776592	-21.011065208654014
217.76525670245488	-67.62440782576874
-1450.5180273417982	-82.59316028160146
516.810059110884	28.294848093731108
1182.5926548789082	-189.1298850234148
-420.12625967110756	-249.35824534468088
974.1423032894227	66.54395011220014
-74.8429614467384	-26.520180350535657
-17.89983749858294	0.2514393422867017
-342.3289897121726	46.11869162409725
1157.6858504721602	146.0742485020315
53.51058268460496	30.838087439430208
-708.6674782398368	-28.090556515002014
163.58452240513998	23.464483406037477
-194.98806930645893	-43.57353071553683
32.143202360811394	108.0807082736783
-311.0071856389688	-305.7798402392933
-1421.0731801069483	-28.72179729911262
159.4899112744161	4.345272760674267
-454.9095213712701	5.8653335053307165
633.9046845667477	-66.83793098461996
-168.24857417532033	29.98695207619865
-1063.0460983737128	-13.063074468426501
266.8343529567968	-16.499853036872928
1615.3330482294557	166.8248156799614
-255.76053523665982	56.584013697235356
514.745834079348	152.90727017759795
932.8982141356986	-26.706242008606996
57.528863145856974	-51.375393461375275
-736.9192247166645	-22.234187927853505
-272.9880766116302	-9.323670773813381
33.35826523777425	15.773358559689886
-333.52679761712585	-50.80161902776326
505.2771970681436	-222.99880176440772
-439.7757101956866	282.2000202695071
120.65761647465631	-100.35069438182312
-433.8428138782709	28.647652437241348
764.748237554449	-98.43461504058412
-368.85431623958686	-368.92441228482323
-268.95812238204326	4.424806020230267
1073.3265076441253	4.029051105779761
2288.7651317980312	-22.503690045661195
-838.9076840563497	10.621787715300405
-359.35668903516614	-195.1445436859799
313.50759052134623	80.54681545558816
-305.049064654441	355.44797774952974
-479.9021290848181	115.63437910817645
1132.6873040027779	-82.46346869432395
806.8483038744051	21.275521602988302
845.1313481985521	-84.51094388502273
-1245.1946858362041	-32.273586779641406
-939.6820907028041	182.07422545932312
-941.4336782276004	-40.24841810810935
-297.1961475835175	-1564.7467164687519
864.985120046646	-57.126762074544345
639.8255870509128	-58.89129832238321
-301.6469383317423	-217.5378362430937
46.694275406391846	128.7382159099403
550.2719176644385	-101.86060961209708
510.61651220185166	31.090476766049523
-1045.7197675364698	171.26559931267778
47.7238547954094	-55.60373999143671
-874.957020714791	-105.4404158141846
-45.14773360012896	11.758002238974845
-545.3410361496994	151.4198305545552
-1986.6847359185458	-64.0063527449738
22.08680708332318	-89.22614781421214
732.4915390933149	-76.27308061465588
873.6695762606577	217.97681750008567
1054.7900041737425	-13.783977457854856
959.316093274391	76.38616541333818
171.11099461825393	1.6764361898129723
-881.3969423273785	31.22804264661597
1292.3999102985704	18.684637610416317
472.9594652252156	-21.44049727554798
-55.86169973259578	56.245229189397826
1235.3381525122427	-850.7849240363349
464.08735367947753	-23.122074287131117
-236.49184678511457	512.8205340024315
-462.70157695656246	18.87167479575948
277.2723519543585	70.1537392258977
606.6723708101923	39.794561204023275
-210.26828963575127	117.79353623681928
452.4548880986575	-107.53160165671001
-763.3878364125867	-10.272676417986418
-2083.643942587574	-33.66654986846491
-62.89059849414665	197.15314572678815
1408.9669775789253	12.656317330123585
-601.4690351430434	-44.07422822493658
-770.7853018592938	54.23505047230124
-448.1709341609653	-35.08644929336297
149.72189209290323	-14.685223714171252
194.6008378764999	32.515180942194675
-205.70856800541273	-74.78914690602936
22.627514009244315	-135.84277576830735
-674.294892732613	-57.48930272683715
-799.6420277817749	260.94311264650196
-620.6461966836746	-20.934026419065667
253.16916283316317	-551.8381157781133
285.6255515935832	173.27957889323358
-541.0275550270591	-78.10436366628385
330.91155114141736	-73.21055082071979
43.739490677772544	-3156.109492901795
-170.98045824436824	134.89145508332248
1907.414741201946	-54.82777285583155
568.7355266962397	-54.20894894705257
-50.13415613509372	-105.86650051727118
-515.9448456536998	105.74586846145343
212.2735035590957	-8.99490593061585
-1039.2031907562998	-84.84775490091278
-1226.5312972670422	4.590138594949326
605.1344142964114	76.09863900109931
-1793.226164403321	32.392462356531574
3.6915795129678886	-10.198325824963536
259.00796272086257	-214.7377723073707
797.1313189176944	229.02087701174855
742.2259781103414	-9.281728880102593
524.5772364863938	-11.898995865844334
-89.50198010206505	19.023033737056334
446.3985219216602	-10.78997713630366
-46.866343907081266	-164.54078702353183
-96.63785742079118	36.16698410753944
-599.7029192583153	-31.21862200697357
1185.6038832792449	133.928904305374
489.103321772516	129.1050878950701
640.250250985453	96.68101766381473
-305.614255744904	-78.0370660195136
680.909035489228	9.680158070955951
518.9847067970476	100.40328722736913
767.2029291286138	20.97761086526423
-293.8450120193793	-128.16597971992735
1519.921122444079	-147.09979972849735
-1207.0193507478907	-73.96444116882516
-230.19061637355756	528.4783972543652
1599.9166673549657	-1889.517597790114
301.7869092099041	-75.58086022985118
-705.094741014589	49.21335866956743
-1162.3091269554968	119.68333405210917
1161.3716287422653	-8669.084239828824
1763.6591210662457	86.15434600165918
754.4702437955084	40.32396231582621
526.5195584155143	-35.361509849549705
48.23895898013672	-6.773716641431261
-215.0635339022445	-23.995882262508154
-301.07290111721176	-787.8742273512909
558.4272001067802	-12.24091971058901
-319.3840207633117	-139.69988829079716
303.5014972080553	-33.16620725060931
-636.7943904835689	201.1138121984238
-1628.5630153133695	1.3644853169176594
1552.4601992588316	12.255053334945769
-737.1390742102633	-62.081197544299414
-129.6775825620538	-17.126344660146767
-137.0994664590714	32.116322207709544
-1544.6232913712126	50.20371454777938
450.32624139927157	185.90029157846297
-827.8955284052756	-266.94437904131803
1031.6731482142084	391.86680375216645
928.6830682243143	737.2735557082226
-625.824131777737	-50.07741267422016
-352.36963304265925	-57.46303350633475
415.48032924666086	206.01044170390313
420.07639519580636	-75.16709417333166
-450.98448630456204	-38.16873081244416
621.4834663309022	24.20212308627573
990.0549076334324	-142.92908172754514
-268.4744939445646	-30.74069939269224
92.88517558681545	-23.194557781619192
948.9100297920511	-5.597499842013018
-986.5998297541679	-9.508810098734248
-1037.457744432342	-83.16194136107927
442.4660419669414	-69.89570149451137
-771.0836324462787	85.64786840207664
1040.6627271659913	58.11895210474557
-585.132503799924	-40.16335939337463
208.1025351757842	146.1756045438035
-306.1389070244664	-9.358438832921845
-1103.475064256289	58.98607853762423
-173.73049144755478	116.78240254213617
-756.6048985829466	-77.88062176389025
162.3712663747164	89.98688279626805
344.2670573996012	-272.06216470146325
-544.061257058918	-1706.6735820976335
-439.4224698437466	56.28509199888213
683.8259655630317	46.82110521254331
-390.84000792026245	-31.004789063520846
84.4451740234719	-45.69522904523978
825.8680132107974	3.0812559560077863
-639.0551455698403	-39.24751032623672
780.7571226379542	27.87947609879675
-548.8579002418873	62.5076244951072
1421.0721055082056	49.72283744707225
1163.8001388120497	-92.13706265864661
552.2902588581078	-33.898931072559904
834.4053785920934	1219.3713610914474
156.30372119635044	-157.8414278854454
-899.6196588185817	91.10096345309283
1319.78413418578	-4.805257249962719
-471.65447288613217	-62.715229364790375
-309.9705047408961	-117.10711912728202
-151.65740798565713	76.56947306988015
833.0228851899885	-112.77118924652815
-204.32680130172295	-36.553834060951125
-71.99179605147035	76.64933553044108
59.31353560431624	19.374351741707912
-338.2741412827027	-4.282368374397072
596.413729807968	-52.82392776384615
-85.85505319571207	3.173009703816339
-1136.295941727954	198.9354135195332
634.1657622554208	-12.320151600791926
435.9824978609507	16.541546656639383
-97.88766351382968	93.74919276484874
-1116.542875412046	-75.53729878829589
262.4743751316766	-1086.6677096010599
384.04034012900416	28.128640668612864
-1392.5996867095191	-464.7060907845362
-1172.462783467061	365.30637441266424
1086.607723819228	-438.61612830167735
-859.826943582218	-70.69039829339013
548.4725343793399	-20.914973191108874
-1307.1195864606839	37.9124801678204
213.3323509633456	24.782480815064247
-335.2433911294344	198.03603130108445
-86.36321308251286	-113.70416308787966
1307.0560717330786	-98.94926352994968
178.7479641268157	40.86031858649029
715.3307997043822	-707.7633367893626
184.65628749107742	-95.4310299594589
-1828.1939436109571	-7.847129911237973
-1124.2471214311354	-64.51641500331604
309.3729552293441	-47.55471901167768
-50.78512117546946	-28.15772986790612
-1353.4320385574745	37.37915966559842
647.2468819068695	37.7583809211044
-1680.2398469309958	29.23167211015767
1233.533601720988	115.44744758333077
-1067.2774329577965	3.565020925587815
-978.1926432872469	-137.5329522174713
-776.8612196329458	32.6907985372619
-937.950917503901	-34.72546418696711
-189.33207693422264	188.39763916986684
369.43484198067347	-115.10441744970701
-764.6681928207267	-33.133048831895906
31.45458280668508	-200.06053437322242
-1017.0101789033461	46.0446845429604
-122.37566144471259	-56.8671447531487
-397.7903623646747	19.815863310136773
-1364.1085822214425	64.63270211302289
581.2554949081739	-10.86475673159102
-368.2434179641358	1504.2592779335519
901.2342504238396	228.13552990924572
-509.5275056206033	19.87420331367407
660.3573942722048	7.790917921836736
-542.9260450184893	76.72160290857707
1669.184359177369	-29.88523569258347
-842.0395401263569	-118.95183532391209
-334.4821120040143	67.29532155172174
510.95281924493634	-242.3051313336619
425.584796568385	-52.44869367581085
-18.09131210818288	-90.40399014097066
966.4913714556401	4.322635712109597
168.10770088067724	146.79305713591873
1625.152788839916	35.60982539683368
69.86300361199103	-29.644347146860454
-334.0575193606355	-408.89413815607304
796.2704377474416	-707.2659677500308
1216.2175411200546	6.683220908804169
144.46410142119097	-104.86944482897607
-1306.1567444886368	-10.469571643023398
450.88238006760736	-22.69452195283159
-63.08416569729143	49.7269611341834
782.0377865042865	-13.317867151792097
127.91203204308482	-52.49714737050744
432.8787993627189	34.56800660152593
216.57648501844864	14.807748565586575
-695.0362914688912	-18.206332313522235
239.15139339494038	-22.406686830715362
570.8307850801484	-136.48269521113926
46.09401581958625	51.6641548729331
1474.4347227567653	-398.7148160140473
-307.75219826575767	105.45517051424673
-49.24346884200405	164.1599051335854
-438.3291968436603	-81.18748494878318
83.43190082981042	-36.69888836734206
-2211.227909742038	-78.66227213515936
1050.9956952317814	1941.5381339023934
1156.648070679052	-42.17520105216242
8.019158444094234	-18.05930295097708
-158.86601409223803	-58.893098678737466
-388.66878298742444	-26.330627997348493
338.0196724130101	64.40454935956262
-391.40370391238446	-126.9297137504874
641.9460592827642	-111.44043585427484
-1343.0138985786666	167.92827506219464
340.05970910710454	-102.65457321899748
90.37717096830289	76.92160850450993
-50.76798354048013	-24.00134351969213
-201.98502156719994	43.84267110936769
-163.11635905682715	134.28354586421057
1165.5374204752015	-2.0866656031332194
-442.3653517359055	72.86401296417175
-197.46115655417046	-607.6731453950738
-940.1938895845378	-72.88619239814314
-199.67776989945614	81.37150990440885
350.270632658536	-45.2416396811742
-13.511273387532892	-26.078092120699548
-233.87124970622628	143.69091972268632
-694.3165621199795	103.65308373711164
1615.036760101084	-2539.8884323761604
-504.5516135441868	37.189115431169824
-168.35005841191162	-32.191310535540374
797.3284065324466	290.347419031097
282.68034550908584	3.0325013390064113
1588.2367140137703	26.154489261475177
1002.3240144204328	201.2998824691996
-873.4673675566694	95.77386524921631
429.9526932924932	8.089956643334013
-14.193597899526186	16.50038857419831
-609.1223555578651	-20.033394669569436
339.38998247426247	48.91718176424237
-276.2299158147909	-30.16293019870028
-337.7148013040667	77.6446525304863
-339.10441108802297	-1.1509657263155986
1089.5736042168128	-327.605190857361
296.2356401847347	13.526149423187949
417.27237474415983	-83.46730721364976
516.0616157292715	-281.5646286650854
750.1997013161003	92.86567040411197
-6.939933595639167	-22.731732435843053
188.41431232083485	7.291335422073957
-146.5763630161335	9.025773696706718
-432.93851505431587	81.2159029293806
1260.417687076021	131.92360937363594
1144.1134713999732	-60.75144058084335
-480.0234978562804	28.55017386017045
751.8050102846976	-52.085687684332854
1663.7598222516906	-28.431806606377293
1137.0850050671604	-41.51945750490096
821.4795335541846	9.812880010237588
615.9799775553386	-23.540833329541048
313.1243188428146	288.35781477225447
680.1260851662481	-24.351563871169716
-153.10179990695957	-181.08403283580333
1476.6008140855376	-7.983313170114164
67.58556084841271	-288.7212903515584
-1424.5747137289807	-193.95920882793465
149.6656718470594	-84.17887522864208
-418.78506112966437	9.500602023343246
1252.6153651489624	149.32154165354103
-307.3466518143004	-11.493334821221959
-34.41947570270454	423.60766319112207
1040.2889128252796	-56.96966041703689
358.76917682182636	-3.1500910274507783
-221.76040235648298	45.04695706175546
-1142.9799206909076	39.12957574361485
-828.5116645203641	-22.659206764313236
-589.1244383345436	75.32750380038104
452.0163517549207	-186.2433400830599
-331.18560912535594	83.39452042236334
522.0350158762827	40.042277216635455
1047.8864344938447	78.48118791203697
-1556.1400017552292	163.8622768154352
987.027645092463	-18.33146921498792
-222.6811192765188	218.49371836131476
-286.9100082226671	-1.6444377483443644
941.3035218406735	-16.240244038231584
-240.9834736715566	-134.08541005198714
-1250.105030750478	7.981789530358331
-276.9794743228754	-4.974832757307378
1608.4569578579665	11.173711270759421
1040.168315931294	-10.313577804854619
584.9465440349137	2060.3468625430546
539.4833386656566	-3.017058781487585
-380.4296162946153	-17.010047065323374
91.33571773339916	-63.65637791496528
-1200.7801644269089	68.24294879083301
-1573.903205714852	163.7541075207027
599.4365700352779	412.45015191462943
-1105.9516307088022	50.9535623302144
409.08826972542863	8.290949434057644
-35.162681721570756	-20.331235583280957
-1125.3872727878784	137.43516582350847
-1459.4716419056692	125.70269782389886
-187.11538276793746	262.9728627385075
129.9638123770201	-147.3016956933575
726.8097915333999	-23.23230630537211
434.1036459444131	41.4461986496717
687.5250222777988	-120.2615162270109
-683.3096030853505	-393.66165985728173
69.13350027247158	68.08878108791524
1103.8461638173635	-62.81785748163518
-1103.6348907506808	11.20306582767744
-29.026132457877516	54.53332554411866
-103.91924311157196	-16.693870992819527
791.3924652414189	66.27453773737746
238.43624222277643	30.005389627114965
-610.0674610498274	-174.17761069124975
1079.5873711946347	111.5222350639047
1185.0815579412256	152.6256749524629
1637.5846419648879	-136.31490153868185
-252.60588108407623	-30.82478013813789
75.4320914474523	-243.97227943450213
503.43873156475087	488.83278152827626
-1407.8104770590487	98.85020674277403
1233.187834920738	-32.28760206671248
-878.8353983705591	-85.85962520982258
-732.6104743568343	-57.71546457078915
344.9205647557504	-118.09562299433131
299.2984771193302	127.7947903310706
1898.2123808282636	-75.53836562924339
-1358.7225224320323	27.89915936165644
1328.6141500726121	-28.000610231590375
634.3200710267889	9.67092502178422
218.307287513089	-31.829632434038984
-1191.6273553746705	-73.394878882517
51.76428710580765	-27.314576302947035
-562.7930844905482	42.36151014556745
989.9418942091153	-67.18879913808954
564.2855321033824	-49.06024406423371
64.59740174843108	-50.38048970619977
-644.5337524268773	-147.7240034465172
379.43593497331415	-247.71947368416016
786.5860085817495	-132.70871901177367
-294.775002158866	12.601396650034003
-255.00679489718135	-194.9092949772465
1829.4707348805518	91.45514505288374
424.4002784348586	288.1408111123552
104.12847543556722	37.627891137265834
55.64327630673465	-301.44243611291836
268.78547141554515	42.352061464527026
-95.56319077230938	59.90296734350556
1408.5769934770844	-319.7983476750111
-1848.7661958132978	-33.51761683696139
525.5848540892081	-76.19975419826388
-1296.4223945087815	-873.896106121516
342.99491827491386	187.83348083124616
-481.96775487276676	-42.51517897747387
270.0656126202493	-38.040788732377216
1178.7192576605257	7.6289614629914295
-712.1769645378251	-42.56993727234656
97.91357253118946	2375.8331244852766
-669.6577919849477	-3.4071847322722904
602.0623684684624	-79.04721130715826
-450.083402511189	66.01980139042011
941.5798933054067	-42.321164490253885
740.7852770003008	-39.956626637382044
-1217.707051355563	-1.7455349893688576
-109.12505811278872	24.174730285461628
-113.7481049360867	304.4766068907023
-476.05652940300894	-20.48203947911871
-287.49494581922534	-251.9534470234767
796.063833011137	-55.569644524207675
676.1120664899538	-26.11503479890981
-367.50204706048777	11.755679298490785
-833.3408496222129	61.96772242736514
-578.8581539222845	715.9699549629222
207.2602578118559	-115.12819711597851
354.8404114968887	-75.055905867285
317.9519122256987	-76.32235301169227
-485.809344778914	17.168039411815684
-1323.1676817244866	17.11479828662706
1015.7968891909036	-36.67567726753209
-1207.0710002645228	226.234893457053
88.38597725511895	11.8419801555003
-83.85254299864418	-31.014782965950133
717.6587062760619	158.5057159027644
157.49271399034643	23.58635756459437
491.6536849378365	33.62931731717109
-503.19608384593147	239.04147425202385
-8.436999905808086	3240.515303382
-495.9608959058138	25.803379388545952
-13.322760390217258	-14.098399004901056
88.85243093409792	-902.6447546690257
-675.0831497247394	0.5230837247398122
171.33095835147026	147.0147074695234
-679.5974639534754	-1.775044704703809
762.0012183769388	-458.6967392350308
-82.05822624904854	-143.90259675786515
186.3441847060189	-126.58612030751243
-727.7488147605875	1.0404821736038883
1892.5693672683576	-227.07396563334984
347.69515198857096	56.3565503978523
-542.1118228619674	65.17428322900274
-957.2428184900813	358.9244935634312
-679.9098285018516	-39.73113024409288
-569.3360864359812	50.51537093961317
-72.47007726650787	615.9895825405887
-486.81944852142976	-2.6355023414884653
-240.37323758568283	-8.314630345846071
-309.13018068605584	-83.68168184069378
335.37445882024883	345.3621361113562
785.9166840126726	249.43828288556682
1288.9810413491864	-126.99133425176397
-78.20341491887501	-2.987806858019312
1191.251629676959	-399.360242204552
1210.3908988797907	4599.208307730176
696.9818387876552	50.632760082940784
-1325.6188651248472	3.115971942102827
-46.373015586752196	-27.43249446466957
-1330.9449249013483	205.7923940228113
-1460.6104229184746	-237.870196027923
-422.85179358345283	146.30843052134418
-464.6945509828537	-23.11523915910409
1000.5279113184447	37.25155499327493
-487.1649004115376	-36.55394709544842
-406.0909347963114	127.1657978615315
-365.69841470773304	-1.6496903350823517
680.4716878997956	161.1122089507628
525.1762209237622	-28.936937745734404
-19.98489927645133	-118.5033749338062
779.4135317883355	153.98127750926818
-173.55370741151637	229.3808248157077
573.1779110551377	20.306181856056888
-1348.5569391232325	74.1309067787129
-660.2743050022895	-214.58959709351154
-1401.1144947885693	-128.57059067362323
-460.88771113255274	151.31307860793692
-92.92582241247352	75.9925963201255
-1369.5623336498638	76.60324467727027
-509.914373429562	-3.480913662337565
795.7239180736464	108.25770352068724
205.3080239083246	38.58772427164982
124.00398628992292	-13.65150453254875
791.5347382875121	-48.27794967655564
867.5582845659582	155.7901516212457
-1202.6247748799	-94.58614614304791
691.2365734997276	-0.4070096926954552
526.0079710993614	70.7323840037384
-816.8006947232586	-66.58129139065271
-2577.1280438545873	-17.41781191851412
544.1178619739912	-54.40179814563949
389.40444605421976	46.47149260681785
133.6629544108079	-1.4638499431694443
-90.46959467093018	39.39488224602418
928.0500170350249	20.071378995150226
122.21615979827335	-55.6635207559255
-747.7884726486028	-32.92828189024334
-139.1005879283204	-318.3334884295952
839.9569937962018	-40.94934596797296
1835.0346526142791	-101.36772761230273
256.30205161483525	-73.00951450416866
120.49720755591026	1.9388048821361061
587.7800338332974	-43.6574798613572
-775.5747751959773	127.81671768358544
-125.08151122258525	-691.8676087314051
122.61550532815372	80.84088351986907
-115.56094399968447	35.22693458247149
306.6628367373812	-110.42252462696277
-909.4673562023364	119.82941186436723
373.7972051402959	13.133416194223033
-1448.038279045603	1.9514833220874244
-401.5262240675677	-86.05190543954308
-526.6110735213922	-2.5896019165890594
-588.6099955609459	82.49905136423999
569.5993455893919	-58.772254806995804
-703.145637316171	24.48232584278145
576.7344185483628	44.52206159359498
497.47132025748766	-1100.4400300822824
-852.5413507517814	-10.102640424083347
-696.7533046294778	-280.1305972163641
-230.61913722258035	-1.8366636589046297
156.8019765361442	-78.07922945298509
-1197.8372431129224	-2.5902298027887456
-1375.15239093705	-20.082270801614555
-2352.5883157582316	-4.2433264946816065
399.9183307275994	-80.07315406556357
650.1191714078226	15.131090341227246
-879.8441536501668	113.96359939052509
-212.1366299759729	-27.024597527722086
1291.8732129735383	109.71133480447541
-447.1967346897597	97.95494469309797
-742.6376665361362	-13.823400862901064
925.4144363997507	12.897650676892251
1045.65197950963	9.467929697295308
107.84979035755275	-191.84913172769163
518.7230263431192	157.4096096910389
278.35299093705737	108.61374896740577
740.4318266873053	33.43158316075439
825.8673710479753	2942.5450812069457
203.84305929155119	141.74771274182575
1639.6415032947184	-56.89218882007018
80.36289083370602	-4.764548010652857
423.5033339894743	-44.487300790108634
34.95075025259034	-20.025648901796785
1794.9832734753365	100.57206759472439
1017.0569080849882	72.37751479867806
-531.5352511733388	10.097076726151684
-818.1480785410824	31.870911901024684
409.6924870340174	-104.29885091724447
-362.0576162003618	-229.1917208519687
-336.0879761032528	85.33419536865522
-496.22043312636185	84.55501875027525
-161.62011146536517	318.3688233672241
37.36265791286926	107.6881621010651
801.917661263387	-117.54773492884416
475.3921672123764	-43.596748293515574
19.76660199480863	-10.31659969869654
778.2602253226532	-226.01839170805238
-541.280247336768	5863.6162132427835
-583.3475119621986	-225.5525593464475
-169.3494064278957	-86.69361208823919
345.8827367680536	-609.6816257528457
-455.99397979821646	2.247937715980243
54.90339713054491	46.05776726934399
-65.74252076073846	-148.15835486749208
35.07127328691937	33.310934347721194
-23.63759793634498	224.19375707064623
320.69325436736545	128.41062009304528
-1101.8329309485882	-110.52780201789263
2214.9658634280004	202.9537374050031
-1292.4915766852844	89.96579320253484
1299.3321036003747	13.31414574588663
-594.3016125491368	134.99254281619295
965.4239523328382	-9.128586081370205
1180.047565444264	36.52499214897983
38.64755983246251	-45.04924580754641
-42.43658257390713	8.263453746307091
878.2092662837266	229.70360041327513
269.6231548603456	-39.17187217745027
462.1791043511527	-26.540007427924756
-893.9486670353511	-114.35343324422904
-341.31296157874755	8.485270782970183
782.6200186440907	-31.308547529703485
973.6712253843698	-1.2869643731913434
-1657.4974332282382	-222.71190366822393
-191.97428330309583	25.090793400436244
-782.4503554169482	27.25898584114167
2397.3282548749526	-19.71106614290818
1313.171092537684	56.30184081131177
-156.5594579601515	-1.621191319948683
182.99924945586162	-91.25136082920955
1284.7114282652772	-36.30325295231588
-737.9780541162501	-39.48030644704197
-116.66035734150702	-71.28430909740773
-258.62732725204637	-30.01175409123055
2374.0468646835966	139.18708520216305
-699.7842194336017	-358.80279534840304
333.8216260411714	-82.20650397019914
1021.1188637440977	-145.91621482270546
-773.9153273146517	20.154166084051013
1938.7236701905524	75.20419884696756
-500.7170704067574	-15.377336219603153
356.0643062129883	4.74763650899753
713.9490889460644	38.07245610083328
-1045.9136972751294	16.912594016874912
227.1794820032084	35.31502974532584
848.8467200114037	-134.9604064571215
1161.2220927048882	-122.63772308232001
774.4057369151312	-68.08504564957906
-1732.6325461627328	-115.5066592957237
-305.38439552624214	-27.2747445077891
-248.75528958993726	-625.0505679008098
-232.6089167153495	-6.354637791792155
800.454569723981	-1540.3718618582968
961.0408593735655	-13.97401402747078
-328.02215837160793	43.8232814648136
938.362001095647	76.11956379322146
121.57153345727791	15.427699288705659
-656.6863142249895	503.5199996143237
-383.04743989356047	-3.0406756751440125
315.5232635872693	51.05436736884376
-147.07621252497677	-9.772654565409592
1078.5210348409248	-90.14780630127184
-373.56653725398724	123.64880568906597
48.120081658662905	50.434372038593324
-228.84018934634292	-10.527393723665249
-1012.4993122999949	-5.940790011431059
-1245.835897280592	191.4183542621813
414.9277170548801	-18.07977093801197
-522.9278757626164	-40.05643500154059
913.369451673488	161.24062499561794
-645.6853388865791	-68.39124535283386
-449.5899827322482	98.80085129363972
608.3338649684861	35.477803380089384
274.8312080864482	62.38779200205593
488.4543388968411	-9.176296111292146
-373.28601058890877	123.19062672386586
-132.73700741219562	74.14937851408715
-135.84279326945835	19.350886123299848
-298.5050035432727	-4.6943618335266155
-1773.9920196911426	-117.10389220694205
803.6198219690175	-398.29024067769666
-1149.822145422239	-48.914207822395355
366.74456643327096	60.78972571692434
-1100.1210477710206	11.33835895943236
1780.024622340039	7.104425392384146
937.4166380680588	169.7464086267657
331.1641566025622	-29.253900297282303
-820.6911073205014	19.13391176413435
1100.4026173966543	-48.13018170592599
-218.6306926589631	-16.42385813571605
267.9156276907819	-253.1774445478233
-50.85902945360647	-38.083633744089326
-2192.3137214464005	-21.98712678462682
907.574329024774	36.986178882518466
-54.31310854897934	207.0012358916214
951.6422186676241	35.68558063955448
71.84960738711052	17023.164377002406
614.8548961435837	-32.15737272262926
-994.6044165352838	90.55150951241572
561.3115240668268	-132.8221582772874
-310.32695817468255	74.11140326142224
214.86462255235477	-60.354678848574316
835.6796677786296	-19.240446945816338
912.1045326890521	-270.45809027384604
245.31172819987373	2.4734284184176993
248.67831626371668	-26.264097998143367
-763.469813383765	-103.46874065261073
809.657509335803	92.75946977497412
1176.0280541461245	186.69004919111316
-105.67801874642369	9.714122575359335
-824.5669226509765	-38.78905496475203
829.5782991824715	-124.59491742361574
-1743.2322061511818	22.727356232619055
865.0811763855482	-355.75153249821483
701.598363886322	-164.04131405773333
123.7883021626341	-161.2236883872261
395.71809169654273	43.83806235068066
588.712073063662	-19.98121154236464
-1525.6032759714612	79.23375297592037
669.7889946415103	-62.41867414949181
-1604.7813461262324	-27.658771014592386
-358.16651432931405	-30.414083301033642
307.31225956858117	31.373054405569583
832.6093708519247	-40.53377405289647
436.693592648567	-8.115219469300897
-1503.9691723792946	2.371646579403405
980.9030864856273	-34.589375300427065
-1161.71106783748	54.17066733353487
590.2485625392677	-58.46041065337135
278.0397096984189	-361.80041016713466
-589.185319556179	-137.10744389631452
-369.37132568139003	92.37354803639326
459.0867094691846	-2285.3895629923277
860.5250762996059	-17.595728070087098
-205.7653143907871	95.80572281839555
-856.3938743323799	-64.31393998579267
-899.2491278035068	-3917.67365983549
-201.11302108100088	78.93451652020082
1043.241388712136	71.3146255816589
-344.1193989110466	25.674685850849013
-1789.0690196603855	-34.92406215352969
146.32206133391844	21.92327206757722
-832.4322510796383	26.625860186573238
-285.3164624099224	57.04697524095728
683.1333726478412	79.03807640182158
1010.48232748193	-134.82359651691579
824.4863132957124	-8.861423556289983
100.31379422133767	-3.730044130847393
420.6201405657612	35.53541826084454
19.93621464110964	24.704667967820022
-641.3790888676363	1.9940593861531823
-129.15068068985087	-495.6233745104431
-554.6715112086549	17.359407575333353
-99.19904005312215	-122.61422476953634
-652.709962094731	35.56751395935216
1132.1772679600026	4.202258681668323
339.5217449944361	32.948171230525844
1214.5847151913304	-39.65414554747083
-1244.5760578641164	-101.01357952396074
-190.38049389673287	84.46672974174689
1721.4794358874553	-5.376803379797375
-695.5789498727066	-106.40079771421003
743.7347629615633	-6.027216189071182
591.6787489776124	45.534266713531636
-909.2840645392878	120.25839573750052
-476.2360041156932	-34.964471445458656
-994.5165307777914	7.019630524689809
55.58130913586877	-112.12002690083067
-38.18422967158739	-6.591223488998258
-947.897986491683	68.17414185759182
-581.0301543821258	-146.48053335752704
143.65120536973544	374.9575031581317
345.56344396967125	-131.63195474520356
-629.0933650949997	-426.31315573629223
87.56618670840835	-27.768174709088147
-1199.9722414007065	29.802207631769807
-996.4736862906619	-79.89961204628611
-701.201605866609	-60.942454476531616
972.2715127894813	36.95303083744241
432.1813909407368	-47.06060664370334
397.9719359083525	-87.17268248014531
-224.85468074828503	80.26065161407713
482.8595701876447	-200.10148394888046
-375.9884196449785	-50.42094228841098
-799.96035957114	38.222612072821576
-819.1438669890576	-24.130425469076886
708.8013545551361	-16.528167641344172
-244.59930372539898	10550.977113448564
-1157.9981745598186	76.6709961288601
-617.3414387056752	16.837288847376175
583.3812644651227	9.302637207582718
568.8097412539646	-74.87853006614453
1412.4751982583869	42.42045026990112
-88.17311793696985	-142.6911901985698
-1696.8543387847449	-4.097537967803898
-417.4469524686014	71.212904902046
1101.9747991355277	106.0149657072019
-411.0009136559433	62.69086801879
1182.7479553895062	125.25927514017528
909.2587550129095	18.464370961296115
597.5254224330097	-4.705508922493766
237.23075054102344	41.13223315675545
-108.91503671652089	-31.24712476209538
-437.8215599940969	-2357.8132730684533
-1607.4087217938354	552.1518345241119
-361.3775888959963	-1.2964509559727282
-1094.102289498814	-1.6478924659668586
1014.7922945553397	59.36718315828201
-373.0619396264873	-10.789289124579428
-835.4802576176218	-229.10219404789063
67.25470384450685	-96.6987124557856
891.7938133239918	-37.13955727478003
1350.8430377573673	21.99316465768667
1369.1320471359	-15.239428037703217
131.23814299322385	-75.00779551883198
193.81809338032858	-54.64019983855122
-182.79702539550303	73.37250210468399
127.73728830399985	29.663976170594374
1062.4493804398912	488.94918043417755
237.51437099383392	4.904223706927993
-265.78913146031624	-96.02348495203826
648.3170639176064	56.85117428828044
652.4849918420333	72.44670347348499
-588.2801549084393	-135.5313653206555
-117.54605056140085	102.76182283298051
68.4799544614923	-388.2838186184621
-829.2229462278225	64.10423128808611
325.1635323634003	110.12951015514125
1226.923536755976	29.743280342794147
239.2273735012992	-159.5753852572707
145.14764390081106	-73.74835320411651
257.19117404462594	-12.649104905622565
339.20547456060126	-12.125374571854406
323.71554548199504	-268.830169090324
-1076.6146947792822	-16.284795245050116
818.2604216968455	140.23673198114403
190.87008066116545	69.17151593142333
618.7754362074677	-6.855857680091559
-465.48342180942427	-32.65672667116664
483.84215896799435	52.48380986064501
450.08112672972294	-69.42868456406124
1109.8856624169275	-56.010864600683426
604.951267664831	-52.14750073818152
92.04191498002233	-96.37209075336625
865.3555574677772	-40.951386237957756
824.6462062473705	-21.65022941689674
-117.91248558065412	2.375122258493502
-598.286108841323	165.65482487583614
-383.8734511833508	-261.86438523781425
-914.2873455291359	-21.853673700601423
-520.6590081836656	131.47047677687468
518.195387558574	-89.06194196461388
-576.0740191232616	-103.1855513523782
-471.1995024594402	32.25203278560598
-630.3713648101934	123.47442453832508
528.1351379464087	61.89304082086036
1631.3509188848545	52.973012372493635
-1177.1748827770127	-63.27008162787636
-257.5414865083557	-35.42039165417661
-651.4270032540214	25.283521571036697
-263.2422466963399	25.362196585724412
-682.2010356031262	166.07898587132928
575.9655516636179	22.643045310180366
-265.30842435711793	-39.455407798025504
-782.511798579204	94.41185905588078
-1186.1548300468098	-290.0180493545277
-1062.4712233171806	-20.017601053005095
1389.8679440258438	85.93758882924058
1145.9118741861016	-42.31472373513379
300.4970961187519	18.666387553335895
909.8638209214424	-494.7112292309001
112.81147437706858	-247.33244150291407
-761.5291945808464	-8.686505531086702
-330.2359362887953	-426.65802058847254
-164.28337215182594	-7.80237344732127
-66.85543785251767	-7.022824799920815
-92.49112862280035	52.17209339659728
265.6813443447774	16.638014583216187
522.278487245886	-84.04349377912482
258.10454217985426	40.965234185146535
186.58472519950746	3.5450652215639495
1916.5989638451356	75.45666397658408
124.4280814033454	4.25685256561006
-1527.2378001230725	3340.1656343661066
167.44182499760225	27.58335015903679
-819.5781042306431	282.00734737511135
684.7875021583104	79.20791582620328
-1112.8096079148856	62.136569251687284
-524.4478795646042	-71.03882063381376
990.9983251712003	184.4732253221849
-732.878990175741	-30.854355418067033
684.5018145976505	21.75094642647336
-275.26390006336106	-73.70193481098947
-217.29691855383592	-70.41535168115415
301.19167538748275	874.7789273870749
190.61874774237566	60.673017253737086
-8.943668119612997	18.071217724090445
864.3795431305418	300.0959125870277
-328.59139237589045	10.926547777777726
218.9428875905845	87.59773299156863
-30.34534710358564	131.58804074089534
66.87193247154515	-75.11020691302657
346.27703207121465	227.07268226012883
326.04661513847435	-16.958854103095714
-1594.9993516566208	-80.85600812546669
-757.9828713503313	-3.9474612790724763
-382.57953649811384	7.647807573978565
14.13574567174837	1106.20254366329
-1631.146871725702	139.49450030912973
-347.78206878440784	30.515380811622336
-464.3139031234278	-99.94856851706075
108.52450442617135	726.9234213467464
503.231479615296	76.3305171678201
577.330814971102	-46.65686416333525
72.82789371391092	-3.2962765906211295
635.3896048795349	72.80542643185785
-618.1222985705596	56.75825332789487
-399.7276162076357	52.943584099303344
-425.17572411346265	-277.7464209495188
-797.9755493104665	-44.85158301196309
-1008.639114827939	108.44049529538566
-1645.0008255982693	-68.85864251567179
-801.3535918020858	27.99098739373759
367.7872908333559	21.001245449221035
636.2812724785608	-219.6068444275468
-206.32927732310117	306.23927203519094
-1255.096380613051	52.92216071636123
-1569.9399686789404	25.048032498623627
314.75259356070546	79.73465220076612
-744.2518115650936	-26.578601895797885
654.423034869256	-256.2384091823757
522.5224354045835	-31.560475659966354
190.9531148561755	-107.30090532608305
-432.0551332034203	121.91603106781297
-233.692832492203	170.6759438571817
323.6436446456258	-23.690234667786196
1162.5900470417646	-475.1652449956588
-1228.0777519323067	77.33039056288159
-535.9447589129117	-16.237670403924703
357.38245846440924	239.76958113237768
991.9946727769152	-3.910986365243649
677.2182505858885	-32.31503231246757
245.8923765652956	2.368087088748931
125.64292036297513	2.7036331396192557
996.6955127530176	-26.572894536288512
-905.1503288353537	-22.058732254467337
-859.4429328509066	-148.64850786990183
-718.0213008897111	-26.87180425575841
-414.1814220437497	167.74894019120788
871.5548207174235	51.926898912543166
655.8365223928903	-15.120924884453741
-823.3020335227426	47.123754024864624
34.58253868200807	132.4825164147193
875.3088996072315	284.4583343697425
-857.8655495529956	65.2589128797144
61.08594980308672	-26.019599187024795
-108.34831921760683	80.52433198186907
437.39908220278033	237.08913348439435
-1397.954951312447	89.86359891731023
-748.554435675956	-232.56678018488532
419.97899090151685	87.17688931538605
-282.14882213274905	12.328329829637916
516.7530413181919	-16.054105596238806
1965.118026366642	-41.040269307461536
-862.0405373102593	1.8857947349845097
408.21740198387283	-17.862599765197057
-638.8454089034399	-54.939713925195406
-916.1056252560203	24.174054636897928
506.1678334812497	0.4242242551124608
-598.0368329104931	38.25674118923979
-232.32915162365686	-20.70503203218389
-850.0894616586163	-61.60613786610166
564.1189074761269	-9.793096815919228
-138.73294710354864	-87.1010280984844
1013.9169345180587	118.06448110073596
814.3239445199205	-62.48883129258979
1011.0722516674919	16.782926021525665
-571.9574743242881	-151.10691811028673
-833.3713192583658	-42.574215524897525
-266.67466244166536	-102.92301670272722
-1272.7096079737207	183.49883365709184
-470.3374083881809	-2082.6747923498338
-395.80787274380816	-364.8039985004092
-373.8492244245398	47.442079081762856
-65.04481918641197	-581.3321755272844
99.79409258937397	-11.29138851414671
-744.0347217619953	-18.813093936692013
-600.9916133192431	8.200841824440777
-143.4657061249695	-122.39101931499849
-1570.7717915520125	23.404301913164783
-124.45700710785091	-57.43828949314622
-1519.020681004445	38.16324780506563
779.0357975050522	-53.743252824151654
-1118.9289487090587	-35.35939720869413
1576.9319652609315	-34.314152253597875
-301.98815971182796	87.06880626959835
470.6341914924029	5.072882641970727
-737.1120159194085	597.4654884704519
-1145.0424076976183	119.86241523622557
-935.0111709526883	54.69209803663066
127.5592035349993	-52.902057418088944
-275.14558179886836	60.62432340571433
-126.16322514978353	-327.4918289071954
-747.34520282551	40.18521448444118
628.9187601171129	610.4363155341107
1234.435416399257	-97.86208434377006
-686.5307807359271	7.988587659737528
-1111.2265897984319	-38.656825152151065
613.1871217765542	-67.19002329915463
1257.3067852803492	118.97614199520805
-1202.6866525020314	28.84054011151761
-692.8913968594017	-45.442470040164054
-174.4081797708626	205.56088865359382
-301.51846842402034	118.24239803037605
1040.0914968012144	4.415659127457393
-226.77947294874187	25.20175986376695
-398.04942634429295	108.65655885336396
803.5946247494077	-36.24220570701631
-1.7152924388129953	38.35303942846922
-943.1060437081238	-436.16309203807083
-255.90924489839853	-105.04503256785348
996.0938274758389	-29.311414425022132
-508.4372897398217	-40.2660103932663
803.6914367091404	35.74815912645986
1665.1446227980025	18.633207493931256
-416.77912778889373	-26.271895411500036
-653.157692405819	3.2742099831752722
206.8968706919842	35.61141669954627
869.4395296072213	80.17578770028024
450.628019139351	35.12408339097753
813.0740384320982	-41.40392421920551
733.4217064131074	-447.91448925271993
-825.7477499589228	36.910062508669625
728.1155867936467	-40.81956180188362
793.2276078695012	-12.284581819035036
-108.70272562582741	15.85870083116306
257.55687854045743	-22.65597509295686
-1035.5643104287174	89.74835085712724
-932.1138189666249	15.418749788576713
-1467.3691225429902	83.26665640851971
131.59020371373956	207.36901009215475
-601.8447687788713	-84.32878529326531
258.55429444211956	-31.938735481151504
535.3694303607414	-94.54234063820375
-1198.8042454103943	28.35898890775249
244.07424260861197	-62.358363740331555
-246.0363740309196	10.899665808622968
390.11481654309966	-56.682955159609484
-324.12869070288195	15.446762306117154
478.32857085049693	-411.733545060582
1136.5055268406397	-472.6603693092616
-453.3030271166461	-30.68823643414592
206.00427938672414	5.01067462789833
840.4513581623357	77.41119076716025
280.09736457125183	-133.92756001575574
203.1447090271709	124.13826076589466
-318.14717202806037	-248.48719202158307
919.9731860924243	-47.7661674207896
515.9984189135529	71.57301394879124
-1135.6913990451494	-206.2236512162588
-637.1280395312622	84.95346691757915
323.4697612815084	-620.841774343724
-1250.612985571039	252.21847711682165
-133.74690918435454	-131.48387985821947
-651.1472281829733	-8.65419499398825
-785.1090037765224	137.4048557454441
-347.45378597444216	-40.17498420237426
-489.3359559773732	321.81066145434124
-728.915408066581	-99.54966481325908
-18.989744278897444	267.4820727569638
-1343.4419011890259	64.53161537664494
990.5663788605272	69.114103053801
-277.86954614913327	38.9896081122533
316.45750932089135	-61.44309702539031
1614.216785280588	-30.594940862582785
1182.20288262055	59.4228020515711
792.4424669746699	-108.90360424582916
550.2912243675751	69.56279558897434
-199.1691953534008	-138.3259596520299
-1756.6530694215512	-1234.7790863474222
-995.5666999034228	23.265030756480893
-215.28060663174196	75.59802798639294
-534.4992048423459	38.33078238958323
-1161.2210291627027	-51.985668620671916
-1007.3077812354087	40.54375209912449
-1263.393649121381	-95.78298282018515
-1126.3613339483704	-33.714957347157984
-14.29941562007722	-12.356705527531885
-1047.797168478197	-7.447964195067115
-236.11366914668181	-37.09381967192136
708.3084787262852	-1040.1795535575482
-508.18817463284574	0.5690561690900731
-95.87112681279842	-78.67972135528545
-148.44062571995948	2.137654146871958
-48.08918693756875	64.30755285848541
1136.3459079199931	167.4608659381535
-204.66363806065988	31.897292517012836
1019.829579007445	27.738418093863558
-990.2266581147318	-24.390490065354868
397.15044158507794	-34.47526952774941
-1547.4287954037202	28.406533241122304
-1093.988527825076	-1274.2804747913176
-302.69632898924067	-39.160453922345376
50.46631635066534	33.97802670106662
-166.20299166823457	-61.02562413255157
-311.65066537827596	-29.627494442896264
615.715257935866	21.148353702002144
336.1766313160503	33.9473090611115
82.2155185143829	-13629.06667614305
58.87974451243802	-313.9232454599558
-1862.2162757540054	-61.361528076370305
-1258.7871389951376	852.3014376201338
-500.6344192813957	-11.837034240344359
716.8256382072452	-233.61523412306866
489.8269012846179	17.96525373022115
117.02680634167481	-45.47097141463761
-289.97096380120837	-272.8569927873631
-18.382733233937092	-2724.870975380837
-555.1550111927576	-89.8862114611345
-751.065013295991	197.41276020835022
-1223.3289314802562	-50.14899567248796
936.381037078983	15.743498832633772
-887.505577984831	963.4545148108652
176.39524774602478	25.802492076150244
348.5645362479051	18.34447007482261
1005.1913355033809	33.70462213116971
-252.80455774778378	-302.74309564083217
-441.6973482705776	-82.7287734953583
759.4185668316967	-32.92165106329544
40.595787527085555	-32.65713085981983
986.005376592892	183.07462493841524
-622.7594877803168	-69.95246824580224
-378.14024867271206	174.95041233286878
409.82593516482785	34.38938506770119
1204.2818202851968	-9.813844632100059
185.33930798133318	-13.793782781034245
117.85787197047905	-151.21705025709286
76.90658428547195	-34.757721183372674
-714.440686590937	40.212257634494726
-709.4409347781673	6.052805504140649
-336.84435462469	-421.518583515289
265.8842084169937	68.78600136075094
-292.5109133123923	-63.18233106273244
-1052.2457846723662	37.9226630496405
967.696905012215	48.48337161196761
80.62782848255111	-104.25532861174253
-1404.6256942991142	69.09760089623043
251.92609495440055	2.949516356786789
-1317.7977582324177	-205.74368429838475
387.24526345870134	-98.5218276475345
-1382.805960498262	484.006352969106
-1841.9453273565193	53.69971049673985
-471.60182621394085	-111.04316746211983
936.6392026478824	80.07219517090377
432.45205406736005	-342.70217132851934
-603.3715736026085	47.21959805894733
-426.5177537272325	19.03982630249154
-790.5803437228807	23.28698668960549
-599.4270132399446	-187.2704740095675
112.32543718781491	-51.015913844875314
-715.6038238934226	-182.11548157829827
-231.5343182201441	-99.45798494008575
-135.39929198699605	-8.148993154683888
-202.06747441155002	63.166626469806815
224.31863110598135	32.18631950391399
-799.9181493254091	-64.64125798095093
487.0081031155382	-278.65281252303674
131.2696928545238	56.50461917872836
1299.9119919009397	80.57651445533081
164.85693698703292	9.696625408017935
-466.3937747632765	111.79081773357265
-743.3204108035407	145.3513691105987
91.5682127499184	-25.16106616035566
354.2958276237323	-111.1746300752712
132.04354539350672	-607.0252657000905
76.64994961814938	22.84574862559838
588.8556164654443	-94.85559109643242
-87.15539308166356	-40.87381047901669
556.2679235948597	-7.656099502127784
-337.93966822872295	94.55929254301138
399.16221021722316	-4.198181612669852
-915.2114124117026	25.66957310716644
-411.591266295065	67.3350179560073
-835.9602212986775	130.43834824526243
-387.64846683771884	-95.49776813867803
-484.564038118467	-80.61586568365942
-566.5776506738212	-116.0484549411213
-62.56315703272223	78.19509975298476
750.884921327617	-49.56743078146921
-273.25494422919866	44.14539222328228
542.0761935858121	103.62149359160586
310.31462272559565	615.5058131194273
-192.03481289367528	15.497996585138704
-412.48863234770346	142.05156576818575
837.3933702842629	-127.25655555740983
-1123.0082834915718	-42.83180271598642
-779.38284247836	21.00157534313145
1297.536213178207	260.1839713364755
-2511.3700749409354	20.02865911928357
-139.48837736089814	-6254.250185167356
-364.52912783866697	25.386813650319336
-1979.4160943249158	43.64888895577612
-975.7433238066352	56.57416452520336
751.7558044527514	-141.10229928963938
36.61896979890108	-54.22613523453553
695.0195816424	-70.72626857858103
-639.4082909042123	381.84545624688764
-414.1273425414714	246.7234705857842
51.26748851162417	537.0666676587267
412.0023060494007	191.6852452070884
432.51339419969094	21.107903659560996
-12.503539106670994	-7.96411910907213
-369.32460579781764	60.19154876032465
-423.3389990459533	19.956457679929414
283.85887649590006	-51.53902525001173
-1180.9909175450055	-67.34202077386273
1211.1820254690956	299.395696306904
668.9898445596978	-92.10418990459075
-967.8189954656531	-68.51009379935414
12.124451443072472	-106.69845068413447
-267.07377794231456	16.066369124389333
600.7391359354997	152.17645036587373
-1100.776756088986	-8.65544094264758
-687.6084826663122	99.860583443499
411.1200880870823	-20.98258307647888
345.4418838272447	3459.0283711576963
-328.47831092770446	-170.1056657793967
-683.2095790817016	2.103046263994608
-725.3639931769762	165.21256442288905
-1156.596475357871	74.97304788111376
-1862.525263304693	74.28969174637976
648.0752570145117	-1.6085071080862474
-493.8370282116787	16.12798971485381
302.3658965086912	-50.277394819340074
-239.6544111592396	-16.559134383903086
378.5978032788045	-94.31775773284457
186.18951960604525	35.07464047864958
633.3591344637196	115.97952512178237
606.6101531331107	-95.93389003928561
678.2707946360833	67.14115467578948
787.2990911370754	21.78679344001172
-1775.3740405709586	45.44372034019799
-429.2106009790398	-350.44833878911504
486.7648421792977	34.16546759661108
-614.908364424806	-38.390115721170666
64.32635045942554	-553.7808608404624
1080.3480852176824	62.065772581980795
1184.7927880835648	-33.69936190565062
188.578396967417	-69.57902955963935
96.98151985694513	-2.689778887778012
823.3188641737139	-44.272105701536226
-145.27919391580403	-120.23375431671838
5.999667095909566	36.3649797888417
1174.6523232191687	35.791286852193444
-194.86459328321598	111.79871500835279
436.5061964968345	-4.0089903415195565
-593.9408220062743	85.09690964289628
-314.79192373076455	-16.76597151801007
-771.4465268378295	-77.93275866803478
-133.74400810607347	-4.52957103610147
-666.3820658855124	55.94341131067258
-685.8749323279061	-62.61205728008168
-56.31737848721042	226.41423429716224
52.82626278499191	-40.8327781235645
-1471.3618301219562	102.48253390720565
-567.0005588447018	-141.26660567782753
12.025528735745638	76.59751661005511
-425.18379178707244	-65.19711447242841
214.29376203382918	-19.35934482517476
333.11483743204013	-0.08756901960350552
1284.6224649717487	-41.16854553471709
739.749834127651	-233.74568639299358
-206.72282312207162	38.10160717758884
-259.7958290985578	-2.3694641949964974
-362.97251522661685	77.27488849359317
1312.7782272758577	70.9201420487092
-202.1026295280829	-217.07926741362652
1790.7560404780013	-97.21855816883505
374.94070978987367	-98.55969171446625
-1194.4228784640652	-81.87819003325589
-280.9261783627507	-70.6769323430595
428.23835339664225	112.75569951291982
678.6698653966229	77.03623260726795
-352.38946624928604	71.96430114887555
167.6056621392666	-52.24547904482222
-1192.8640778643114	11.724068187077966
357.25951660157244	-1.5920613887180906
-1440.6978847207345	-44.99562410263572
-174.4848054035572	470.1723674892631
85.63811703951336	-32.265835082468385
-840.7878030564887	10.731930957976557
611.3923181722678	53.06197707778566
543.0533635396832	-48.194552832591675
182.4641004799558	109.5853828488936
304.7723040522052	52.52485211514049
-227.86073631983902	-38.95236309670271
-756.6257169667638	-47.57997128055202
151.91596525954645	47.50158445158498
-1823.2954945616643	-64.51207392558786
363.48661212727444	119.27627157142626
-1016.4370830824092	-102.78773800920357
812.0594829645603	-69.45306341497815
274.700611173764	772.0478349202823
1076.6994498309007	99.44281656798366
505.49499518362177	-8.578843255211043
-1486.4779604150378	-184.69182062303375
847.1716354634411	-141.97452886364005
588.5210862326509	-433.92527303046467
-511.44650327127414	37.36365528135135
526.5799070039502	-957.3876522193531
185.22985087146145	101.6478183940477
-277.589473389545	1.1557895434489673
185.31022201494372	-82.68993676628774
-1364.8932897220855	-30.922382918873854
-594.8279255847781	-46.66671800458967
916.4793939460855	601.3604826430803
-385.74093262099996	214.32829592933797
-182.5516251247695	270.5957236273998
264.51576724197923	-90.28677146721178
175.49852743645536	-61.03532619491478
-164.60150661879456	141.80409428686005
365.13835050309297	61.443165893416996
-655.7092685265532	-11.743423879454884
-703.6618087729859	69.98670526708052
-1352.9527750593852	-47.3980636487118
98.97388867046773	-7591.151468977562
1402.9546407974542	-131.53817363811234
61.66930169050228	-346.55488381626236
710.7218242501043	-1.8500740610215192
32.40330309071693	365.6287606229939
-501.45330854091384	21.03878135443902
-175.80297868916134	-55.91224671781155
1356.883501330431	67.09297714522978
-168.03593056120567	718.3531972057257
1941.3822866910684	-12.182180691965254
956.2849138594754	-162.3111728043901
-737.8002981515306	17.89652994448442
-733.9182609859369	63.23051601556362
1591.547093690141	-190.5927912981947
185.97187171186908	-143.29430973114538
236.21650325323472	2074.983769747637
-780.3734967375863	54.031395200429195
171.2691876041714	83.91307172085999
606.0065038222461	-15.368593225668569
766.8341864017887	-600.3564089854927
122.0362426240539	-12.482810552489916
-852.1828230981063	-44.53823568583982
-1005.0032561487089	-74.25256859687315
284.01830338209936	5.7781376939181746
-247.67180130080072	-70.36419046771208
-890.0500105575231	59.88590644249483
349.51054820109795	-1.3889037518216554
-1019.4290497533999	206.58648094584865
1135.489937552828	7.089692588907984
-383.2730908191256	-114.62497905427966
-1225.887350523142	32.240823990388904
866.5221604832324	1035.4902325654875
-82.20869906526968	-62.167439663923474
-152.61774643737374	50.08678688865384
48.35518394795154	-61.06465808710644
430.04782490224466	11.998593810959058
-589.2203790190979	102.62133645786241
1091.5105725783078	27.648260945611415
495.3411666547061	103.11702224780585
-366.82202918516447	41.44050066113515
545.8251164960984	-383.3672642004737
860.3956074822215	398.929832935288
1124.805041441978	31.492151669699698
-97.78681134974094	14.30335384075029
-20.54735408892627	-194.43054189518926
-211.79269552206037	137.77136222602843
395.76511046246884	883.1142956456538
-1266.0044151929642	39.38663615281737
-453.4563937812827	-83.14911364481404
638.6483814006243	-2417.641161334048
-363.40349904032263	327.47333007483616
766.0730776285154	131.64552561941787
-1576.7940782690644	376.918319680209
-428.5575891237414	-34.750167309921736
1714.645327856678	-4.991784765728153
171.36552065472827	-188.7548403119879
1605.9767620455818	36.32538608273528
-762.5698691385152	34.39548328561545
-247.0748107110797	-136.7738003923731
-1751.584507092897	56.92865807926305
-644.7863120991298	-79.79934905013056
-471.41882917974283	47.38701639435983
-508.71040782285166	-99.42760211369887
-1989.5681635139965	36.00202425603985
-40.51027679170199	-106.91705158880342
891.4988317719775	-83.94543377611926
-132.93183689205273	-103.31180089846703
-1277.319036702356	-77.8478493247649
716.9317323972243	-98.29115292933923
-742.4644925476447	-62.11077218396799
834.9444353017434	18.383466452452268
-269.6627417752833	81.81127874574521
568.8760823262883	-109.76311052954088
352.54258715502317	-2.346480491552145
311.8512970744957	151.17412714949893
358.9728804731527	-6.66436306799773
31.89804444252834	49.12398935701529
956.5876537028885	-107.92188690524242
988.5583605669783	0.27018935195751836
1182.0189405205113	458.3715500489534
311.45952264028904	172.0506589670193
-58.64550662638572	-33.83255489400674
-1175.7623833061823	31.307314756377075
-768.0838861981136	-195.42337505503136
-1389.7669283866246	93.42672916265703
-1462.5116924230938	253.9628072306565
-93.05988848657073	-106.0674118247984
-519.22252701586	90.1224767064117
960.6055889790196	160.36800100631973
132.6319207657481	-179.60708629247148
637.7962923896241	-111.8309610756039
937.280854652124	-500.56044404893896
-862.8551503490919	77.75555816598904
1042.838004795028	-162.81561898930514
-657.7742844575246	-206.22760312256568
1278.9145970553147	-24.28195697518969
-752.9603395776188	-55.83968060868617
141.65799713765736	184.96078748801224
-229.4352521191016	14.096029648607528
-887.3288999827251	-202.45796967825572
-266.62005494646115	-42.911542671917346
644.6565189273215	57.228083951561686
2117.2676490687772	239.01381300658014
-385.60534120077756	12591.771196707297
769.3524855020237	-35.82385271470023
-572.726163780552	10.934810650848505
630.386514177759	1.8100168842381616
-616.4461242315487	-140.11182801927245
-307.894736756233	-136.24378363576676
-168.8490797351873	-38.15790663325387
-873.5259931653609	15.508788615470861
732.109491321068	447.3567660892151
-417.32565955562313	-199.7454059117803
613.0633889882151	-79.32128446999113
606.8970416332701	-47.01822873521454
-754.2021456325742	-98.82082943336621
759.6496279304148	106.43643459960215
-207.16793135791013	-669.7178773897634
-234.52328179678375	432.91874378335825
1022.3914839826725	-1.0502595088514877
-892.3427694247605	-77.40179572664844
-699.8272077277982	33.93157453066061
-519.4680490480945	55.96530823532149
160.30812183199825	-79.33889884232478
-104.86062358581944	-19.392330659432247
317.06480298555556	-126.77871971630424
-1074.1377992336031	46.424537218722094
-494.72105118238454	-4.387526272230951
-7.740975939429039	14.481922159718806
670.6581355068741	-6.941143277344041
-709.1586905995106	65.6808846234588
-2080.8685548916646	13.735712597355588
-197.4542833826413	12.505166523267238
-352.1146199768053	-34.747961333371435
1670.7244997181415	-111.18649948127025
-1159.0696305190052	-101.42050781716338
-547.3774725021643	54.04547912072837
-1558.6464480111397	-20.851854369395525
523.3583919140033	502.617416833861
1015.282706301611	35.59867718654653
-517.7422129910915	-8.289708384801495
-726.9803137130846	86.70033619943192
1455.937209973901	-49.82399055141531
-1172.9770443189825	-248.03455423583716
551.6268649430534	183.07317267880595
-612.6592701146393	-23.753315670143657
776.5136141026082	5.014346269765667
-742.7000884939039	45.65782354406723
-1128.251270724181	-41.2899139403154
-706.2907951760013	-10.650209478940244
-131.12534786569114	70.73887695873164
60.07265599227135	35.04757202077891
-638.9353581420426	31.645507001734824
389.0646355061663	-3.092511340489874
-1714.2303643848975	69.6758222243971
-1417.627536717516	42.35244860422338
604.1400374769138	280.13266881344697
-394.18344120362497	214.90244913160092
439.1981274789722	-15.37050178478986
-311.6235806684945	-23.99259901850024
899.6006977926004	-20.700643965224103
-518.0960191022871	-130.35431319641194
1424.3812391952733	-149.61617606818092
206.00546838393444	-832.341305475014
1161.0586906068593	-53.248410851890455
589.139481764721	-74.64567916942292
254.15539040655577	96.53096057803654
-1438.8850037760947	83.33611111162668
847.0119040315842	-91.25222932632498
-1085.270051176038	37.183612166535035
218.38715940332105	-86.72619678781815
-613.9369593407602	-12.049940243840334
-556.7490843503148	-55.58613134318474
148.99914177127584	-4.274525723959068
897.2616345729406	-73.87532409255078
909.0589854389422	-14.770477929245665
-258.3501842652661	1604.8010580558375
-1619.6715050847388	837.1431920188438
817.5720885680486	5.136634925901471
-727.8220076308643	387.361860424206
-184.34824762662976	-52.3258989170441
-2358.1088096034464	-63.73593660377615
249.00970398894358	12.392440696971617
594.152052476004	-19.25851982179535
-365.04653329288635	-38.31571786164061
-1203.5525507787577	-271.08796229816943
590.0947532314754	-259.09744958838525
-33.67192190054081	73.91318590723102
-1426.9942439122528	56.304781822640564
-269.08848406108615	-120.2850313260097
-561.502119447494	329.0345389762641
-379.4313407465599	-57.7699372070393
938.676952502167	0.9144479455813082
-1715.482151197584	-86.46846282861279
-625.2664147085582	-139.72834463504955
452.9490787269416	-132.8965249275607
-281.083065888715	236.08340825493326
-1248.8979978814189	-59.12273804279018
1255.7818091276956	-51.99323592010273
-1736.0865714561821	465.5911404499977
-294.305643819005	59.145621376768624
-1773.891596708178	-85.80255743428174
248.55423870822722	-943.0035578173399
557.5749690121108	-150.07816350589584
-376.20166730053506	244.8820685768691
112.87897284371331	-98.43494249365044
124.2408817474259	-81.6071884930105
-426.34318653678	-20.56977862835058
-1020.9527216589332	112.42835608593508
-667.4802666984571	521.672580743073
411.7949468721452	-2.1249473403751438
1152.6802202093763	-191.1301628163157
680.9571594384938	14.622052085909578
768.4372876505513	-134.09711015303236
295.7663422764788	92.20942277200339
-205.76412227307836	-32.306071629141606
-975.2661492477486	-3.455359622023104
-912.1617811765492	82.09312862937621
201.37689617966467	3.062313002972146
1156.1450411095207	32.217691626132385
-739.1651528174358	21.97584275405709
140.91777358427976	-100.23275466848855
60.24167859334374	-414.71543204354884
13.45343859235966	203.27733540102759
1000.8033823898201	175.7790616633943
-742.8594852274098	-58.505303235984194
-77.09319418599678	-24.26323492031722
589.7671744974754	-308.27498517419724
-135.36447116732117	19.715650326698537
168.1498948691795	38.41761913896379
197.81227645899276	150.14701926506305
-713.8954393878118	-32.67277321314466
-555.5357128326344	-15.693574559181512
-524.2680322404069	-81.51914273617027
193.8724731097852	857.0173579572299
578.6185520121369	-10.57399224381666
-419.9111278918763	18.029302859375512
-638.3726809517962	121.6095254837037
-1834.7389057780665	-726.3712801078735
-377.3900366716173	-115.46853842605765
488.22052990844645	-9.952311970296268
-88.34396331548726	-162.6342156167891
439.0818123398879	-1548.04159363216
618.2215189820712	8.03997273432294
901.5271935219107	-55.83967281621839
-1324.176679637985	269.671165982222
-599.7471443195341	134.17445995784362
666.3121297643904	-353.96041347740197
-408.0301685524149	-59.303072199691016
