x1	x2	x3	x4	x5	response	response+gaussian	response+slash
-0.8308306698607817	-0.8357184791649486	0.7625255114499252	-2.6481200563575538	-4.0359713234989165	33.282641368415085	-175.192749376681	-1.9118394682053506
0.507098172890263	-0.7640521070909143	-4.763476563360468	0.22743338069372765	3.9298533114838605	32.400260437788475	775.2902631947593	-564.8012684381985
3.4723077097918846	-0.09464945196494057	-3.6050124133674446	-2.8453701903498674	-4.523760511445768	31.367884473598455	-1058.3900515031355	50.422801860339945
4.4833411481306715	3.42337238901327	-0.08508662109260179	-1.6754202067802026	1.2898553252799916	-90.15770174682072	89.04808199043632	-85.52111351722489
-0.08639512565137952	-0.6870097072438339	0.5041064407024178	3.791379479619298	-4.945306638513223	31.942904205395468	459.1066291714276	15.33818623096672
-3.4611063759223915	-1.2165462339230224	2.1278900785183916	3.259091581363144	2.2290419095182035	32.033509367283	-110.31515220440345	-206.795633416283
-4.145143717447906	0.23804481305479275	-0.3320109573242558	-0.06003401204921399	4.694272910420931	31.978866073945603	567.2306678161831	-34.862202892960475
-2.538081317701627	-1.6763821831954182	-2.777702752612977	-2.386174787126155	-4.833968571896314	31.974782170757432	-552.6861816945528	-4.864228273574529
4.737398053886263	1.6024489517977658	4.318381686046942	-0.5860862773768281	-0.17311756574908355	17.582774361953405	1332.842677861746	1659.3612591084957
4.414191508498369	-0.07149563341937615	3.996486367068151	2.7511009160099995	-1.1304128701202885	58.4367204133211	-431.70510995036864	-9.066957900212032
0.8948712604083378	4.240037770104575	-3.956948737572632	0.01851276757954956	4.004671986432864	31.96972310563571	1409.0800902868298	-11.000033302034048
0.9255977210471951	-2.3802848931863183	3.318271989436015	1.2683675159636545	-4.617970208524488	33.26956629031504	485.81467991948466	171.03469467430585
0.7441262388089882	-4.580447510135545	1.3756000756686513	1.3561687005525318	4.820653830225671	31.817229534664165	262.1540531592335	-100.40767646743936
-4.52773746851628	-3.378080818986149	-3.3831430793681005	-2.976192465399994	-2.23546342324679	23.28230066841393	-753.5570880547162	14.889535911756315
2.7333925256963205	-2.5842607050023894	-2.807492151996873	-3.169531322517275	-2.1459478880041107	31.9622849937592	-1132.2861159459903	117.36914833072048
1.9061972120447468	-3.8340887561505133	4.296902161588756	-3.8884797560984086	4.41281825680082	34.966737612713274	-128.15139637557897	116.45587223456538
0.7935139337412274	2.686861038243605	0.6390517691384083	1.047310840997775	-2.7785953493306614	60.446810619520235	-500.9508965324821	21.02872514329568
-4.843017267033442	0.7076154166072302	-1.4172112208567746	-2.261826602572732	1.7185710767310027	36.80479592257836	127.54284171294782	-3.2480374246353634
-2.290466121524488	2.7268700673573285	-4.541876043005766	1.8766604749562212	-4.864413665581958	28.227986846488626	-190.2581273210885	191.04477661957574
-1.0249524516161457	-4.573916877085954	0.818738859134279	-1.599629387963363	-0.9206991175243218	50.146922301828226	-890.479555055933	27.853024591595357
0.34723313208819473	1.2945529465053855	1.3961167776343046	-1.1670564050890722	4.077039958812117	32.53121774222583	178.4946363160874	-137.9738548898343
-3.8493233473106523	-2.0069728616921068	-1.6487934185713171	-3.7495102651870993	-2.8817066380662992	28.86913142428343	502.38083751195	-56.50028632493575
-1.6453883875161357	4.318077144972669	-3.0135179772375675	3.8999083213381915	1.8993814627182894	37.394774425966766	-374.74594575892985	-40.35181499115992
4.7734332582404875	1.4723779344843821	3.860469285107264	1.0156499881528305	0.9305197563654986	37.82131768218377	-655.5620412543389	165.88377946952735
0.4153302182805394	-3.2993538533067515	2.2240798025430557	-2.7576627409992174	3.8411737617692996	35.991937691270046	1149.29031563163	98.86152731487266
0.37477862667231676	4.383011734172763	0.47652227351675336	2.5282904693958077	4.213269719258957	32.154786669544904	1014.6562500694241	-4.260209887934749
-3.2555044268999547	0.9118212215440593	3.4830012508255486	2.7189712587114334	3.194335740441101	29.7356198533228	994.3507588763174	-209.2291005443311
3.935268234055238	3.294682728991674	-1.1706327392210722	2.8473557780313863	-1.7023016359326517	32.79231773398655	-52.658791494288465	76.06176591103718
-4.04705348420486	-1.4288676205138073	1.3194765899849958	-1.9237599180293885	-0.234146384714097	38.21709596316813	526.4561455312462	1107.9562083603878
-0.01909605184477048	1.4610916301696495	-1.0040517014054129	1.3872880503250782	-2.07412502594591	32.01872330687955	26.854646894442922	54.91105079029367
-2.8883828908418274	-3.821244702085722	3.6432410420368146	3.030078270360537	-1.477019749481249	32.01011750749842	-1777.961515010702	38.232010737876166
-0.3835726155745913	-2.1590900793048498	-2.7029991438150622	3.500205415060991	-4.294759229681726	31.865674852894607	433.9178751224928	61.38726707320079
0.5511494105480175	1.2164289771328285	4.020141498912036	-1.9664052631919016	-0.5260446783355119	34.81373620413252	-545.4306553396649	70.18918579487459
-2.846805566385137	4.114773603332688	-1.7201968115629471	2.9283003762963578	1.6377558115417692	31.9909950057254	505.5526193060137	82.25903345070296
1.1434446394313795	-1.4441807843454981	2.7517879851796687	4.813312034824429	-0.771296100608855	40.51742332147374	232.7398827340237	20.80226104754192
-0.17633942276098935	0.9522191738658847	-1.2585825952196519	0.5933985053987376	-2.8851742471781905	32.978811796953664	762.2532387773562	-52.27517653892701
-3.6776784812405507	-2.472173754486815	-2.1879978270160203	1.1989962570255557	-1.5894791575396585	32.10793218555531	643.857394537934	43.504582619388415
1.3025646823934958	-2.4229233367256766	-1.9231523906222936	2.734777979716979	2.972992190776525	0.41549643957297633	-1458.2321543861835	-18.329529904277425
4.482144415608904	2.2127978890129265	2.9331592414033825	1.3658785992210944	1.5351481855347782	33.64197787512275	664.5465757564963	-13.06160504963129
-3.222956110050712	2.6639413499700453	-3.1157050123602668	2.642056304184547	4.332246093504258	32.103050039052995	104.41798850260048	-36.356682645483
2.499699547114541	-3.87263056531998	1.1380721628822617	4.378746893915475	4.803965205943442	32.66253427247453	2.122272849664572	165.7494094034086
0.05574224921705806	-2.4057117532199577	-0.036789391978690134	2.6356774934991902	-3.767198228203142	31.85823421915312	214.83729875869983	6.0079837206696425
-0.4094794691124406	4.159101536269738	-2.9041998261918014	-0.5684365271461154	-4.079549272349664	32.37677530216202	-1771.7123452809694	-387.2588116365196
-1.3565778771921764	1.2121088039553172	-3.5306902323093006	-2.2169103489019157	0.8226571710819544	38.36288694117876	-1018.2635500412645	-169.32603535489193
-2.5476999079672713	0.5168795229676046	-0.08503011130605831	3.0018770905217167	0.26221006527861945	33.867254477823124	-13.980300386892672	-11.9852955687278
-2.6732388980293678	-4.6696339587222475	-3.0555218517944627	4.645073291054512	0.8339041154510785	32.873904415621205	-198.08091721415596	-655.7434047187678
-1.6377726549837748	-0.16395732104741878	-3.270606029871914	-1.5945628835262582	2.0344058752457537	-5653.694272592936	-6687.491869294965	-5662.443395655968
3.144331573513462	2.517137986553168	-3.3497601561980095	-2.553854561686375	4.158419685122304	32.00469926089981	1961.1270418725867	14.723423389040018
-3.4393982570445036	-2.8534144788485225	4.812693125440553	1.0935183797919734	3.1854466315116134	168.8783203624754	-436.2373758120601	208.91264380677336
-2.29416763252443	-1.9187166586277629	-3.4359697929237	-0.9409649944912459	-1.1375851068362417	31.21813100334625	466.76210657797196	172.0477136701964
-2.3703636587948584	0.9559068491278193	-2.6026591687506393	-2.8348571560676303	-1.5454982843767242	32.016505351054384	279.6332085166019	-3.1339763377655245
-3.2296100966200747	0.9103489282370081	-3.457911687435875	4.4706694574605645	-2.6352658276228444	33.50421548651255	170.89572454291098	12.75617150981369
2.704999356934673	-3.478895912476292	3.066263197693983	-1.3184724611918188	1.7963707863526235	28.447146616121938	366.30854330297666	13.364886658196497
1.4102806677695456	-2.101983596753707	0.5367357080926203	2.6219418303351274	-2.3225799848541486	37.82264422564323	1157.8240867457582	86.41580423775389
2.0606285775648656	4.827616638132346	-3.9895953507091297	-2.2851378849011983	-1.7728157657577812	31.84617598097439	-600.7538309739639	-516.7076771398523
1.6251674519908974	2.425650391795835	-3.0642260636886745	-2.8669886005822964	0.5317775506490632	1.6566469312840262	199.7142009292897	65.62578197267779
-3.0118147952646988	-2.2797296370721023	0.8632456763379404	3.9132811558198686	-0.22962740524281955	33.39775434095531	-220.53549042230483	-41.78190392082475
-1.8854951249605847	2.804754647581266	0.6556170570354887	4.16854554376901	-4.61686670382904	27.82971284727403	866.8001070254228	241.37203123059982
1.8359740907305717	3.949817085167025	0.7741665722025921	4.525317555720049	4.353589491944387	52.910018188097666	-873.1190638951655	46.957823759414495
4.275064640739929	4.0978561713726975	-0.3132941217662424	4.072894355319953	-0.7719248783330626	38.254741130889904	180.26900905043632	-153.24403486935927
4.744252686923685	2.034586208928589	-3.81095674298378	-4.861930499246499	0.19230357060258818	-1572.7181489892791	-1816.0190534538474	-1615.728602224537
1.1106817285612216	-0.5506894877858848	1.5101276345275263	3.2047330835223455	-2.0641844803342337	32.33516198955058	-1699.4739379828027	36.4595344989701
-3.038146465734748	-1.7442799643245408	-1.9279328507089168	-2.7870554204751974	4.154373452596481	31.987388625362566	267.6123016508864	67.24455821433205
-2.6022625654638443	1.390741491391914	2.859822375773133	0.1964541863066156	-4.521650794634517	32.012559781337195	1435.3103582880258	-24.69740517080219
-4.118542541320654	-4.200179616699931	-2.587748648587218	0.251540286657562	2.873087304300257	34.33346984946455	349.60570380385167	17.48785942324056
-4.550800868704926	1.735596197539536	-4.591812276387028	1.5090805477949623	-3.3386080802808706	280.1438642640524	698.3763500558421	282.6014684717846
-3.90253454742308	0.06005909418074218	0.4774532310788615	2.02362077593906	-2.213836170107748	-41.16295883545476	93.26514620582412	24.285496708217536
-4.499873225516904	1.1220876921994183	-4.651559524455644	0.2834526505550725	0.3601070698584543	37.17876808787484	-296.4907739324717	143.9110021837844
-0.8377859551864031	-4.037438878752281	-0.1447501421599071	-3.2978456335619533	-4.071424713587282	31.68657641376844	968.995060408034	50.38800731760273
4.967575626584157	-2.7365811153624344	3.810147081502249	-0.9810668826619375	4.031976743849926	-0.4432078321905166	-1743.7047282382937	-112.79425283726894
-4.634448094024021	3.4870276874454795	-3.417804296738195	4.4711159794637325	4.082544866263612	348.18295275013185	168.7658240199331	1113.206232530568
0.5181666481450726	-0.9403956590689884	-0.6184746389735967	-4.76084700725321	4.626741179330031	34.20968631948721	-641.8331818342518	49.98515872699173
-2.8569554199876457	4.4182833200818585	1.1206056970168774	-4.274368174573382	4.954697837652262	31.859700611590902	-551.8789081545295	-34.4856355982864
3.4388767084047895	2.23874793110583	2.561357239434069	3.0088821307809646	3.684272653037615	31.83949628154398	-116.64679371127642	69.94566423350129
1.7640705915227048	-4.0509164458671885	-3.6139242083800927	1.42768222249064	-3.64462123579938	182.49329408813327	-629.8114514617996	419.1200943444313
1.7137581502564894	-0.26924240412820666	3.0937616966451973	-4.2932602819891805	-4.819063046170195	50.1528599716968	-1728.564774891399	30.39273390087343
2.1788373262038885	-1.2642359434591044	-3.9682587406246994	-1.3981154194862344	2.1270910747734098	27.13599103132171	-38.85399146659496	222.29627162331886
4.45541926308268	-4.0820146606501755	-4.748951299854252	3.8761567497819485	-2.1399148123678557	36.81316526011598	-276.97264635442224	-260.9750842247291
-3.4898742868873054	-0.8999790280743856	-4.389715836860125	-4.026020558945877	1.817658216125018	31.73410638126029	311.04717677353824	-114.52591376088458
-3.0493877029115177	0.9211787858988298	-1.8449335666575917	-0.9059465803569875	0.7006917395591694	32.318683988937245	156.74756477227248	50.984476482686475
4.139914311044086	-2.483559809052945	3.6967199725607145	1.0199446693188925	3.1100307156321865	342.52265996587437	1087.7732635066425	407.7323640474684
3.1108087831375446	-2.387327869649909	0.1287303136675666	1.7165802250080784	1.7089514072195477	32.093106937333395	-712.9713551876056	-16.04135384656444
-4.077332770263986	0.6017284306222281	-1.5199853245229775	2.38778649035193	0.8769728252776243	27.370656093332364	-645.3409502696551	56.386031578323724
-0.8409163157418744	-3.1695410319546347	-0.6590473773791503	-1.0311932087151354	-0.738730099264167	-187.89759991510732	604.6632751397644	-639.4513950199637
-2.7029543735124104	-1.6654285094770884	2.4168910493604585	3.9899142528086156	1.7786370883310063	32.03195868390698	822.5581849483774	-441.7487782891588
0.053125781508831516	2.8064473135003336	1.17533506610725	-4.693608393028176	-0.7848460785835556	56.41299787815801	1009.0213347772332	0.25315575608228613
1.2883528250034315	-3.977437528069343	1.265278889426103	1.785723629397232	-3.3009327334254	298.3513959805328	570.2697744178563	219.55593767843297
2.5911292936881978	1.910784988226915	3.872418788962724	0.23933055430119943	4.399932300916156	31.948663131303324	742.60914512866	254.92013098556006
-2.8013066468914705	4.963834601141798	2.9375233522958517	-3.84302021041129	1.439962314186543	31.969670991202367	376.4254448281305	153.3451095629401
-4.945657712159427	0.023970487143460062	3.154861542355537	-0.9006345645601952	-0.10384772001530429	-6344.096239008075	-6416.4801063713885	-6306.216668311452
4.555362090660045	2.2262844510285804	-1.8243004181767466	1.1294707266558053	1.153853070679686	45.659445906130614	-984.7704511104267	-259.063315365829
-1.6799584535447734	2.0330079572076976	-1.6361952780691347	-0.43670431401933385	3.7362912443110083	22.589110431414078	224.80464861855975	41.27583669846889
-1.703599382317691	-1.5817551040999356	-3.1245500829438475	2.8510446974586987	-3.517295645771364	31.81343309933248	-750.7156256201456	466.6075517093682
2.8758125372395416	-3.258094891528127	3.7632678084478695	4.405305481896271	-1.1332699280794545	42.293073984562184	702.1542110945653	-26.191179025541416
3.6628401205096655	-0.28597232942861517	-2.925802757949192	-0.4322665178037859	0.5316348546494201	27.40390258451189	270.37088317528395	-45.11375113481285
-2.6443751043791286	0.806378566713434	0.28931680476709687	-1.9852533940072234	-4.010332839839753	35.00142120902727	168.27902001533204	-629.209139001619
-0.43160761001023307	3.220059398210209	-4.940861775294584	1.7465586380202316	0.19194026615131943	-477.16770925413846	426.36106485908863	-470.74123168969186
-1.0930457522309798	0.8449576991064331	3.3448955460876704	-1.9648661213986984	-4.627074587928477	30.94241966650972	1169.7752032095343	-14.415238921688228
-0.1609613022115859	1.5477689192516406	4.906104938546381	-3.5925229211112732	3.255194674020693	31.95238919889513	562.0781574425404	-142.49385098893734
2.7239969987465473	-3.3776816781101626	-0.986303138116897	2.1901690000596865	-1.9741778073855754	35.312026051610445	-297.9674202998533	251.4616154972616
-1.5519149101965715	-3.7454099186154166	-0.02051377767149276	3.6106242625930864	2.8344075791416437	399.9278712624897	1604.8507972858838	423.31799436756626
-4.186007702119775	3.9053502427075557	4.062715651912605	-4.620571254053148	-3.5279265545131566	175.94406102556923	118.63599327779392	259.89529323547293
-0.7108824714468707	0.7123031007492822	1.734404186896584	4.39270958727511	2.213772054238362	25.230018718501494	-1394.658761360695	267.07389181778154
-1.09778912641561	0.2992479311203935	-1.370231090188713	0.6472099033651961	3.418983373872912	82.43878354673336	-299.4109608362982	47.6535674113514
2.983350053534811	0.5816150369603914	-2.424959370919905	-0.7165065367172456	-0.9484966430075854	32.45491834449014	-594.5707764999266	-207.5955351657417
-4.742088780175213	3.9019991817706394	-4.112798573812986	-4.868587427513685	3.170056528239222	-23644.432486772625	-23330.765175804136	-23594.803718682837
3.343951518997965	-3.936272354743502	-2.1715916193860094	0.4163670337441623	-3.6921285549712843	31.564738994662562	875.1057365133333	131.05095960458567
-1.8985865775810828	4.074620708196493	1.1053685495369265	4.845053567817274	-2.0689381938761997	58.64609702532316	-612.1458016403019	93.30974348125099
-1.6659878042138132	0.6453428474561385	-3.8367799732696484	0.7640666182208307	-4.908687843882394	24.047664922051503	1073.4892291306894	-32.69298800701105
0.6255252783845924	-2.1039335961116667	-3.690347186199421	-0.32797267335939395	-3.9758734724686584	31.60547996802966	226.1758536745466	44.494942834083275
4.3541876517083224	-0.6340336548231154	0.37235569548121816	3.3006090770888257	-0.6807893362743958	29.842115958075862	-302.64671294907674	158.10032486613898
-1.9417313750514422	0.12196071793731278	3.5644214162169483	-2.406646727633089	-4.711495275606882	32.05083420995702	704.0214891925706	48.06221889487951
-3.5407905364075534	-1.5403471369419073	4.479518949191229	-4.9359675431488395	4.467616545522251	31.957655762768226	1507.8982816310977	426.96632851768385
-2.335159943827476	-0.35757113328712187	4.289311199455341	-1.4961203570698456	-4.020576356305937	124.72505638332811	112.61181528195449	149.15426300263118
-0.6108175551757782	2.3328710918202065	-4.957973758347819	4.853115381246573	-0.6919740138071928	14.923224417287873	-1005.0556697296988	19.965499864704416
-4.777110661870559	0.764840662322948	-2.0882954407687437	-2.5829951515300276	-1.3217703785339618	39.665809640233626	471.2039086900692	68.8389098671984
-2.8471268119230198	2.542596346552516	-3.500441266771027	4.347800515129652	-4.747020608171671	32.12098808230947	144.34593788613114	26.43504521751272
-0.07435764909559861	3.142017871259066	-3.3903832364440243	2.0524736065576192	4.029586514693902	-785.7150470809829	837.5704734164749	-774.6104217576863
0.13834019984395685	3.0719591488468136	2.941627189299716	-3.958280986562878	-1.6096735416827999	31.752005703632573	833.7161322168155	-540.2657905911439
0.5225389609744102	3.116374319681327	4.458090559740784	4.206939270783611	-0.5124007152017125	-188.047051762617	-979.6170230053812	-112.27952955333748
4.454740117600288	2.6339132826326574	-2.0057586609835343	4.791390450247473	3.3946322644135076	-967.7035229443361	-1690.031543339566	-1042.5779207823562
4.978530409556711	0.7278586223246739	-3.452521385698174	-0.3527070959180909	0.1766128777285907	6.5278934535467386	1069.181085553878	74.27733825189148
-4.687231973274737	-4.133138691058303	-4.80016394128109	4.82699457246801	0.9605959772992358	505.7095065584245	1097.0052645538642	559.3043404793845
2.2338777094783335	-2.0080551993802978	3.7128392004885935	0.05250697114067471	4.979420015069341	31.97418701093867	-702.1237593885602	190.73118411578068
4.8959351742438475	3.551579612159923	-1.3938480937859952	-0.4280380213038857	4.1860450764889485	22.143006099694897	-186.96841326540107	-17.424879623312794
-4.479649895441067	3.428034057666368	0.5504439271981267	-1.4480655923112176	-1.8876079893429298	-82.20974366180829	-241.7036765460818	-228.9084524175394
1.308046607525558	-3.1609349078629645	-4.106964666200666	-4.047821809768206	-1.7991807883420896	-139.0642378528318	576.9487980595882	-7.599255159505958
1.9125474383697094	-3.375478337445349	2.0817678186509045	-0.7610920116259408	0.8214577308126945	63.37136519005101	-708.7237943937491	302.25531641641516
3.032316154255861	0.9281728458463956	3.6357492472605166	-1.5593184149463433	-1.6663122975322766	29.94332278240081	-1130.7556987329347	-9.97057778454771
-3.3287253177528853	2.061692659272768	-1.5298338543419154	0.5316363845485048	-2.9458953914429706	31.099160574913085	-276.4130795784798	-26.117174579421643
-2.0856858657285815	0.6955604521767036	-1.10459850807616	-4.187940766668924	-1.9453949302177334	36.31716535551846	473.40371626885263	-50.70643075703925
4.807397600002512	-1.0439301875748832	-2.15510537322484	3.04352200318802	2.680979736297986	28.369002577753395	-379.0123150521813	5.794928120544522
-4.724596414547105	0.01510122887467702	1.6887727478822079	-2.564857975077376	-0.07235791439616435	146061.30599946086	145287.32502456376	146170.5463390332
-2.971465273945322	-0.20039622449243133	-3.1834111570596835	-1.3718184464265404	-3.762062201088362	49.607263413305176	-191.3192447849487	249.36998087261975
-1.5522539261808133	0.4975067372599238	-4.250331919274688	-2.5927436841267104	2.7455696847014357	-403.6812051116178	1301.134848053069	-368.6320028679344
-4.272319088427299	4.085186553777149	3.484419113998845	-1.8221211624899913	3.448350644081147	88.78363708747113	-209.0261315248683	-32.13443059377201
-4.850135264830588	-3.747486137403474	-2.138317476262505	-2.54643942036774	1.0563564505229106	43.95311255939215	-932.9270179642934	111.83691675852093
-3.6359399015104863	0.7586564456570084	2.475777093043897	-0.4436987374297727	0.7103445188386504	31.05735565049559	619.7946884848819	33.91904869354808
-2.17209361719922	3.17605410259816	-0.29099145871140664	1.3375483828486132	0.38203406262499495	-1296.8875431057616	1.6138865116415673	-1345.7982508146451
4.9350515689285	-3.179753525058163	-0.8063344633123943	2.4973971286962175	-0.9302770918955865	-162.28254045873535	-1055.1807477763666	-162.69652996262116
1.7881597675735463	2.8749718547376926	-2.7701564208847715	-0.3584969767305868	1.7999813162305323	27.652757633500087	-901.9422525086638	23.655882632694887
-2.7619267843233484	4.600094060135907	-3.6246547243900262	-3.557656646141727	-0.7466712411856902	31.93554320016317	203.24091086696848	99.63638196454895
-2.1616645075178886	-1.625026527274751	-4.2803671715669	-1.2022955085707911	3.2154778728076234	40.49363337453295	-650.2940417448493	-6.235035385950852
-3.7017753880902413	4.218978635827838	0.21988377947905313	-2.0610810114294367	-3.552620802025089	27.65039343103077	-1722.6465737214128	8.06753348311008
-1.282903164467033	-3.542273817541769	0.053554889967656116	-1.167108527303352	4.8933611582198555	21.754957141891406	158.4365244373082	-404.04743351051684
1.2479283626495743	4.064156548659154	2.68494259084345	2.495109366189948	-3.4599894576449506	16.450412629644944	287.6014688818432	40.20999512610889
-3.916867382051125	-2.8842400388735623	-2.704668780785908	1.6115137026835953	2.708084045485002	624.3481604302644	667.19436115284	442.9148037871779
1.6766616322296208	2.489530151627654	-2.421436449540674	-1.45355319415546	1.4072975324629535	83.79374491978531	1046.4990171235108	100.62735202271918
1.7976875691954977	-3.9942851259522385	-1.6700875715819175	3.640575377986522	1.4689006783459035	31.367330847160076	228.83144185801794	4.202513432754024
3.141266003855357	0.8992041001832582	-0.6947218510189384	-1.3695942925936255	1.9389886478956022	32.00147327835722	-557.7079718325459	-14.25515291360896
3.9901765228371318	-0.24060927830628298	-1.0206617305429289	2.474490342013489	0.7151020384775597	19.4142264698739	-337.54095665598305	252.20736606379532
1.2906737163854478	-2.315275719430155	-2.3758094487969386	0.9083911415941026	3.3370324622567598	-30.223076287402378	390.7556670200991	-83.40169787659967
3.54883172901172	4.94715617264832	3.093889056851152	3.2077517342661253	-2.0288373222151646	32.01011008365362	-180.58420349361853	-19.907027902662286
-2.405190091171252	-4.268719146816782	-0.37232334463972006	-2.9350046707532886	-3.2292126443933467	28.916337701350344	432.04227466757027	58.284090245772504
-0.38797292480879086	-0.22006195934372386	-2.6044679408239766	-4.227011797370073	-3.1993582581435334	-147.69268429226398	-912.2005482584067	-153.5192450952662
-0.3111645393075788	3.2403518160217217	0.9721308566420461	-4.6449805904634465	-4.236990173501416	106.25184009793159	119.80887807178028	146.6472673961797
-3.982999695104245	-1.7841185003417892	3.2099003867144535	-3.889952123968621	4.5791974125812835	31.90954735662298	373.35341674009135	-8.979592859407155
4.094904027685022	-0.9295343934273923	3.8371796627307493	-1.5477227802192797	0.26693042092077324	-467.74087462130535	979.7331489351826	-384.85243136103327
2.9384304066712303	0.9687470288034135	4.760120763506965	-4.392771635202582	3.9809070675310725	30.848285050018163	480.8924262933334	-23.856144292771695
0.8396332571048157	3.589979660696512	-4.661400181658609	-1.1473078291489411	-1.1351388270820975	24.820824780383628	-329.06004443112204	66.47061405137549
-4.151769636381287	-1.5086848661787533	-0.7044754651754417	-3.560914963787761	2.27923912207676	31.886495023567424	-336.7668889098466	64.01636800910185
-4.946849188156738	3.863254754717003	0.3857122814604512	2.2511583158707094	1.9919644166834027	24.099285656544197	-30.49837838178903	693.9048261685309
4.95975078717348	0.8539115131144905	-3.843384008455868	2.9680072796820776	-0.9732355251093701	33.23560247619275	869.4988081269073	-153.26071838896328
3.852775865054781	-4.167099598075482	4.394665937290654E-4	4.681861479200606	0.7154270575918051	91.0885143036532	-1531.216048258155	275.4699445050378
3.2753815955095824	-3.387720918577685	0.8819231807820298	-4.298136999252042	-0.9004448314556939	34.898091262380035	-236.85411197882746	-141.19561008382692
1.0502805328009845	4.775605012558975	4.677863296008537	-1.298769616008022	-4.938993434623226	31.72617984609221	-359.44003870863963	-1.9699897595322078
-3.1914634618299043	2.3482882757354693	-4.128973739672124	-1.5983804783964315	-1.1420645078443625	34.44168390923666	-464.04130378770196	99.38716679828511
2.8766157892322557	0.7384859822576919	1.7736861812107518	-0.3013035485722124	-1.1114154437250479	32.13747556771442	-1480.3691870735129	-126.78951342744945
1.3527473491569761	1.1905568975647354	0.9409112191588731	-3.163681305935566	-4.0491369140067155	31.90658762398648	408.24026684165625	12.733200057485373
4.923640184908972	-4.270839085729684	2.490330297761801	-3.97850499153226	0.12016628944849117	92.71560419168463	466.28629138569727	-47.78499839945695
1.9568197196133221	-1.0696875277698545	-1.3591532330575196	-0.055205198339224104	1.5239905928436235	32.01046567837409	-389.97652880862046	-51.6808778816667
0.8216462084961416	0.23935149042794013	3.6696864911923495	-2.7444066750274345	2.9930643838091413	69.05811800091425	1090.7310189168522	-455.61842862745226
2.951752730342463	1.522428418251426	-0.5034913652192605	-1.6280692170894815	-0.9901216417206609	31.680674081518415	-282.95746012996466	39.2737741706368
3.2984646087996055	-4.886422579039299	0.18710615860349922	-1.7434693873686324	4.75444992368408	32.02013087463963	546.635799300171	121.72764772232742
2.6596430825491826	-3.98460840870643	-1.2094346093765775	-1.378787199817857	-1.2072863325610728	29.264136538462857	86.48650606625037	21.673926225489215
-3.2739488099725964	0.9973736372445687	-2.290225642444297	2.6937160750370284	1.6689375949480993	32.01220119983824	-195.97584429999696	207.61480544167696
0.775615039356544	-3.968858609739062	-2.8108002158519962	2.555252143241363	-1.3598041025922347	32.384890541547506	-229.7498130828509	38.515494164660055
0.11035352621991734	-2.4392583256076197	2.395994067684607	-2.4368717263569106	-3.252470607255037	35.00017408131633	1280.6838559658602	40.05720652737814
1.610691855787132	2.5916637808080365	3.9080396151689953	-4.6365720733038245	-2.5457049135464205	2412.1101660304653	3449.884097842133	2402.4303860387963
0.8078035299435342	2.6207509740455928	2.7642973815640364	-1.2788940915772837	4.6244727171558395	30.395699766064908	-710.8154632050813	1252.4181973598988
-0.042522703637933645	-4.329439604926931	0.37401548431389386	1.113773456883398	4.463845144578473	31.973461964670143	-264.42473571564227	71.70380492597495
1.6761421787543895	2.192087765425584	0.47805391323848134	-0.33793266905256303	2.4400143175922935	23.553298943475447	383.08505844600666	69.63837342731921
1.1138054268754614	2.672435135303588	-0.03975343450404267	3.8587994193595794	-1.8997931826569348	35.58378328423693	1788.0530340623618	-16.556007837618147
-0.46117789531824727	4.6669305661262435	-3.270961465205393	-0.04721129059280926	1.3945752503028395	31.99942947679106	-1589.427439681918	-26.098641839760976
3.6756730800750077	-2.02000661436026	1.6089441295147981	-3.752465526967186	2.3785040919935154	31.37374742831269	406.1764702521843	-8.804904107287278
-3.057376211428926	-0.16191043654442439	1.850102564885388	2.673843275558707	3.3176380104833836	27.597297527179542	-927.6287362873547	-26.73893246823493
4.974529553263183	-4.341388066160552	1.5535416297714209	3.5152893407280477	3.3484963097218507	23.874760930100983	607.6898219739094	66.56394457748166
-4.5697873109738465	-1.3146295779268447	-0.13814954602845564	-0.5853050882938788	3.6680376608545	38.24148045021337	-108.14122208617582	-821.3753415064493
-0.3485828650823617	2.8024652834614283	3.2280700715744484	2.4164130778895405	2.0594937393633135	30.543507671891703	-227.74967165811682	268.93004478501183
-0.32265609029670816	-4.120593654821035	1.0113998475639523	-2.3862027946464437	4.908032523109927	32.12582223217206	-958.8791332768091	-69.45985081718752
2.7787632174321004	-1.692029116815851	4.4127077573415345	-4.497245884207582	2.26263372309925	32.52601574330939	1654.3930577264034	56.733202857685825
2.633635164665483	0.23574553812416443	2.6745809656938757	4.901109257273653	-2.7406535320997403	-53.87175354131716	1009.2842001848236	-445.2773906776211
-0.6116451049677485	-4.9365293770130805	-2.90577509887311	-3.4679583716705134	2.7923177976711315	32.44577848288596	-543.8056731363662	0.23487169005838382
1.56295243046348	1.0720452107254221	-2.020825909174706	3.4412420984123635	2.0745306475823364	67.47263610915597	-148.1839981016064	156.6932447776424
2.250944891121738	-1.3258803524506133	-2.915285018091678	2.6476248711553128	4.048931822766686	32.39016345931463	1998.5041644608439	460.3283537516437
-0.05764660935203558	1.0613433089695343	-2.5898627516452075	-0.274259057277078	3.0918040794545583	32.54609163806107	185.68045022305648	0.5252750696852146
2.570053276752253	3.4545070388841843	0.5888318249402413	0.2668144426450425	1.3506535953669498	32.36474178271959	58.6535356983601	0.07275393226945681
-3.583631776647475	-0.005700659001134589	-1.2463489472183098	0.7388148345122003	3.86770188000272	-223.5068328151368	-355.26080265501105	-223.05031748647156
2.97210945744025	4.1065163669769404	-4.632747824817454	0.8436344110336957	2.0179539504169375	31.808321409263563	-248.92709185848258	27.560957831776907
-2.6834584311859757	3.404042011646652	-3.168199871242251	0.6194137596443223	3.9122453163240873	27.955974711238923	1244.118828977314	2846.4109350925
-3.8493563391158183	-3.624547773032684	-2.5779900000983345	-1.6415365206840504	-1.933662659377564	5.769836880031022	-661.3070967815388	461.3399309955746
-3.9237280006751796	-4.408891379055394	-4.588227954592259	-4.157568148717691	-0.7699078246768378	30.446519157773608	712.6564966216816	-68.74998231635377
3.8885450018756007	1.1939354153942903	-3.9812687501574207	-4.411485958792608	-1.74178916715386	32.61174063895659	-538.4988237612972	140.14509212774877
0.660933474516848	-3.183602734733225	-2.1883341433124928	-4.697248880384368	4.8736349373660435	628.1879532780201	1095.409611661762	647.8902779687526
1.3554803279198726	-1.9378845882024809	1.9339001027627223	1.0171974810091653	-3.7679673354365093	43.793831463290815	-718.8523994770912	98.35528645622074
-2.1127873101100967	-1.3081221789192101	0.4697938090116356	1.5488600089073232	2.0469078571477635	0.5123930696334007	-804.5000413116088	-17.84892710953667
-2.2453375060040246	-4.612722061388553	-4.074393653292708	2.2663525201623393	0.49584114520110933	31.16913233560141	-616.5920787996589	-16.070878263648126
2.248920654636697	2.758010972989629	0.02735955693182568	3.6001310288104253	1.6003582699114194	32.134698048604776	-902.7234931592025	93.42717317078781
2.0528099136583453	-1.5399381704568702	-2.791439271536429	-3.1665827449173123	-4.466094402061586	31.998887743264262	-557.7397367671642	131.47160198045543
2.1558755600216886	3.340682907433523	1.2584888182328342	1.3970566464738852	0.29513994536427113	452.6532782000438	-718.283336600786	1015.4147092683394
-2.0709142231159294	1.9536473254990758	-0.9155066166936363	2.8675698095361764	-4.798139418333692	31.94657724817888	-998.9841577621472	155.6637482676516
0.9157190610011217	3.7574915873052355	1.9609257194494392	-1.1384265591185572	-1.107976639534872	26.03438460928196	143.85337440948587	2.149130770935976
4.764091310133939	0.10306753498099219	0.5346753163697713	4.937528257157416	2.3307761063706147	2357.9246451515082	1981.8967960317632	2298.3647134642506
-4.535172427911504	2.3031845779385653	-4.779328940173726	1.95107813264962	-0.6340970641706836	-19.23901376524178	1157.858077022933	-3.1086166744969432
-3.2191430242602515	-2.107883778719286	-3.4992912742740865	4.973229832107272	-4.841046121438531	31.932718262608827	882.7201499278348	144.51186840056346
-3.065763451695908	1.9779578941851508	-2.658924968017604	0.922112169408269	-3.1748835986343638	28.10685319542774	-911.2333256994901	-24.587652705272625
3.949746393094289	4.01433700049977	4.522701948124695	1.5793973178551548	-1.7221460265333621	78.7081671989954	-1143.2678841444506	54.04133366535783
2.3013216135701704	2.202456506940946	-3.7307051844393166	1.5064873070244875	4.019519241470633	0.41464105251309036	441.8928695118687	-37.13978706055528
0.3630492258402276	-3.517361097911839	3.41149589876499	1.0276767732345915	-4.587324280306428	31.398388544743828	-203.12396973233297	102.36161157043287
1.3407969503086745	-3.356822525018004	-4.82027725998827	-2.146403721299767	-1.3221370944196487	9.06692681719689	-324.97794765794663	-64.49456454424946
-3.861237454253473	4.470872474896323	-1.4740125664322399	-3.2264947933812262	4.037304862357731	31.955872379195476	-1014.6156061025041	-291.4732340977217
3.093502492913675	4.386329085032214	-4.36461584942831	4.198842540896926	-3.119852220497683	35.98070388785812	67.98579557618459	13.592167711920702
0.9739605122971708	2.2430675813014673	4.11134309048097	-2.8167517496122896	-1.1926833977683735	31.529897205825723	-408.9900873298301	6.589294690881307
-1.6061173616163646	0.963076007899967	-4.373973147692768	1.3517538455319924	-3.167835583273153	10137.520559981369	9081.55701338465	10276.725778203578
2.9647066789760945	-0.6438430716322276	2.913760350897668	1.1968735269647883	-3.375460701591888	39.6437305853298	291.1094538296977	2677.447138200316
1.443630936808078	-4.158258291351389	-2.0114291488004765	-4.388019538897946	3.886522283174058	-14.82600146569304	138.0901001444022	-44.81532941682855
-2.24854212898654	4.2352544889167625	-2.911564571023908	1.3230831102050997	1.1445831727095888	28.540889459583155	833.4177275310534	-3158.128580954978
2.827579791853755	-3.0585131189522974	1.9958977763110521	-0.24825433164503607	-1.4025046349639125	32.503877957708006	674.481158937403	15.438174132213103
-3.7726473148416306	-1.2264284729510813	-1.793198277074577	2.130349375155621	-2.6917486568696782	34.59977507222774	-919.4334978455191	64.88633307452685
-2.892300378714742	4.246980601043466	-4.970968510617752	-0.3345464069989754	-1.3123680223963086	31.96475511887653	847.6217276725938	-33.203254835432205
-4.466064083195547	-0.11026644706605992	2.175430886492375	-0.7471908560347416	-3.5963759421727435	-172.17131592531035	-681.2418789272912	59.92415612964828
0.6024250793670447	0.755657985527634	-3.4677869911052808	3.3783226954882437	3.755162376729963	31.249900151576668	-25.7971851615755	-252.21402328832593
-2.281734166296813	-0.39725832811327066	2.1119924228614657	-0.10014639181625018	1.9138799057580886	32.29802448306956	601.9129214481504	61.56725343467157
4.093084807499309	2.5905785753013477	4.228131586963018	-3.195379791598768	-1.393062864782637	32.066232093556735	1724.9878966006181	126.46992111084849
3.871733335694362	-0.1905093293416229	-3.0256151694252518	-3.5008431943171727	4.42383891740247	30.447645098312904	-1085.2875912534485	-37.257932587236965
2.959865322987323	2.266169452796629	3.7107427985339445	-0.7879068961258362	-0.46265779135077256	31.07312031029902	65.63091273505363	-90.72632200079788
2.7303262864226117	-2.246736205671546	0.07981804387434366	3.0027141682403506	-3.1256989833478723	22.772567540266657	1233.9003062251675	182.63299015992746
-4.869354384193459	1.686036043483396	-0.06390287492809765	0.323525584443094	4.495984088652277	32.1617426448061	-185.65924187976066	182.09145047953314
1.285753899912213	-3.6331486220175213	1.9347908934163218	0.6633168046324283	-3.0227200125722344	157.11521006323963	-632.0807815783724	116.79929478026023
-1.2474411965395324	-0.35244200714097396	0.22905422401796294	-4.308701087138857	-3.2661711667239457	-423.0291929920373	175.88805582177116	-296.74168299778864
-1.0846867440286898	3.005035147317191	-0.8406923808005287	0.895216636647743	2.4282060194724107	91.57440167064857	1021.9923242095372	39.487257949114166
4.724938437930488	3.374418736105296	-2.3214436117325166	1.0198545378130177	-4.441953824078146	-422.85841180286263	-73.37960258427466	-528.5007502351125
4.645418691505801	-4.6764761420420085	2.1453445377028864	-4.150879529738841	3.2453635832974452	7.469919660697414	-672.3646986387783	-942.0001478511754
-0.7487339200853382	4.12408397122576	-4.79957602760914	3.868885842220987	2.6604392138730573	28.829547567618135	493.8587740782569	849.3665359109957
1.4603183545226095	3.5216745221730896	0.6377727233447574	-1.7289750582708443	-1.014246060073949	296.0310770829505	-1581.9442795821292	350.3407118195077
2.995995348582933	3.232273330105084	0.1298001871755332	0.3128752400819703	-1.9553161256251084	32.63331539146345	-1010.0548478183615	268.23747852000736
-0.1240251700176378	0.18235751814643653	-0.8558176187453679	-3.6791090233486647	2.364985202543986	33.230312279169496	-208.68696264535993	135.06703627795324
2.9200862781055017	0.3517177740966808	-2.4779348772412058	-1.892452188911201	2.82654100152969	15.048038727560332	-16.46698939084926	17.362881581743682
1.4228885837349736	-1.616715498805792	4.228102143248497	3.576137295819583	3.862735613180341	31.5115111109852	765.7690968825492	87.79820249611711
1.5983624342316212	-0.8098000079890255	4.97913669612374	-1.5505624791963388	3.6128821919647596	10079.874395140669	9786.623631456077	10082.179300617914
-1.8944282014669476	3.52038762638046	-2.141019732405698	1.2430743256490242	-1.0779658826156502	67.49504998079473	289.10529241854726	36.74352498686231
-4.994681578715402	-4.893437945125849	-0.10327292571157631	-1.9791866052660332	3.305179715932054	5.491143427630924	1708.0889079478313	5.1963744811635575
-3.5035531026746147	-3.1929256860766553	-4.595741197569173	-2.5154380691697864	3.328618376056724	-52.498464224463575	469.1300176926025	-104.15821739787897
1.1378785313548256	1.6178007748354766	0.697719597933669	-2.5202766466818947	-0.9223096010928931	31.834344056375382	296.1588202950076	3.4896234971739943
0.8254083766793947	-1.8437436666330131	2.1574440842019325	-3.8864701000786317	-2.954315258630679	36.427179600264864	563.1563981167625	1.974326840880309
-1.8007641595368318	0.6215691111268331	0.5590025664541312	3.45613344141203	0.03780211197823036	-121.89898116252363	-414.1549204345824	-175.43093539993706
2.47167643925875	2.1091278103110858	-2.1139822839309708	4.099906158072757	-0.7795106852964722	34.04360691682413	-852.6028988412281	154.6593362444602
-3.2960765032223094	1.14362569148311	-3.933244389457929	-1.6964053993207582	4.305054823666113	32.7266315463204	-1156.1757749869648	48.73469045177238
-1.3383550438941039	3.6711116485971527	-2.579636328139955	-0.6753764718471311	0.09474014237871486	-150.53616251078552	-74.76529552133626	-264.5751228392597
-3.881415042405999	-0.8424487960293678	4.392437254694265	-4.033679058454707	-0.40341613202679394	24.905086402197252	338.98827756854166	-45.838651675874885
-0.7838080826522287	-3.0921363545278044	-4.763126827736536	-1.2484015874113297	0.24404986806338158	-694.3250733277343	-1111.9710302874607	-543.0186614916485
4.394643383654563	2.754118526611564	3.244005374022983	-2.7299774858664594	-0.9382029778389089	24.84687345831208	1389.711312696409	45.080610088063565
0.9456649588050645	0.5306076467845076	0.04353763238064445	4.171029997011477	-4.172312244233412	39.06433492392739	126.66253760982055	603.0645021096644
0.8786267915910004	2.2011229560533385	4.820803257491249	3.4285846460184626	-1.719110150667773	32.11643299813418	-981.4656654227113	778.6578882271289
-2.886029220077119	3.5795046211721235	-0.935567839292295	1.4204640847256913	-4.48554366923405	34.55087563204937	35.42546857728725	-154.27007758493107
-2.9650815544983455	-1.4465392140505395	2.1240094571572454	0.5562162652246379	2.7744628043464816	31.891954645377517	320.42526724161144	83.08147332525058
-2.5803386980647716	4.846635735534505	1.8315252629029075	-2.429579625311995	1.4110215744215946	32.03542755958866	244.24143246627096	80.07725478619744
-0.35293712232357066	1.0513554736417419	-3.38333598885126	-0.7542161307776496	2.840405229036258	33.911160745306084	1579.5851239708638	-5.610040947205647
-1.4123527742153632	0.5481354964431207	-3.599493244886127	4.056908418549531	1.8839464958556382	19.049267241037196	429.09664757847935	-113.91161850180185
1.6716082416947033	-3.033397585682337	-4.211510189761157	3.8597234591862275	3.346026141845215	1182.697704451297	1111.4176366565766	1161.9983414315561
-0.8725879395913143	1.670944569988282	1.8653129106518138	-3.2270234327156766	-1.3542252992346615	31.993231739492362	-260.6353091913824	30.33169933400826
2.7281981560511	-4.511437275192066	-2.4073751517059447	3.9024312670271577	-3.4040016677171137	32.95017635231348	-1385.1030439032797	42.69551761152858
4.570920102736428	0.62769732189523	-4.511498671437107	3.345959790902098	-2.840177490537157	12.64605220086726	-497.9793995897882	-119.33614263821711
4.877873158004791	3.1306556173041233	2.9468860635166214	0.8058986894920146	2.4392007690473294	2053.6279207940884	1636.9910229193724	2037.0614867075449
2.815503351942871	3.628809261205646	-0.3923665475090212	4.407932718434948	-2.619903645327699	42.60119017340433	-20.99316650781298	65.26392310901242
-2.5437897462381773	3.712781373348612	4.025425249863041	4.548353943840924	-0.7296150081831048	53.475309898420555	-186.6147960570877	-33.63266566307181
-2.395036278546373	2.330526866218234	-2.581410844367676	-2.1730462678475204	-1.564485492695301	31.975795287278547	287.91688036036663	-19.352252714879246
4.408135918249673	3.7452226844360084	3.4330097884265136	-4.0952078326448325	4.957378065989072	27.11825858610863	970.9416091171357	-8.739027437932023
2.0081458342492002	4.6794347876325375	0.7538054003620962	0.3501204846388726	4.226099582063231	32.04083253035897	551.2110722112885	134.22660207066227
-2.032588953605833	-0.2038530910595835	0.6103010993050182	-2.2541849928217097	-2.5558155137422913	85.97450656259002	725.1435354917916	84.73541397835513
1.6018697051472452	-1.1831777453542633	0.8265585214721396	-0.3083542326783384	-1.56092353631879	31.8760841580037	-485.9146902450603	131.30031289950716
-2.6824821034083612	-0.25988610848829286	-2.9476907066791522	-3.1143589679299044	-0.16102459437681915	31.064646555244018	234.99695300661134	-328.16646672209015
-1.680878191192845	-4.169207905348062	1.6426129807266818	-3.9132470612584678	4.412092848942425	27.06304711645379	444.933518969145	76.55170302859699
0.7749021458238552	4.5125043755782315	0.7528027129683714	1.5412924373229302	-4.781029840085696	30.61362130878892	8.719742853923176	35.15681670406969
3.249792383750963	1.981674599751412	-1.7899016496901146	-2.936935885009311	3.047616912467742	31.687346805313855	125.47638863042688	204.18137636512506
-4.705660150407103	1.76931090033389	4.365254025407909	-3.2062095425678736	-2.271757376372352	36.897611287369735	-3.7044929101917248	-93.19517120408861
-1.472707378736866	0.7400970476296207	-1.089122763732151	3.5244480350354586	-3.1232951109556897	766.6443488939195	1712.5567691560027	823.2258123743879
-0.014961516480694215	1.5892419951760903	-2.9224734145964657	-4.389004133377351	1.3974344669399184	32.000432681754205	1233.173802025597	73.08189474007065
1.528608152282711	1.0610769969603542	-4.683310776701176	2.0984210828558068	-0.07719758565167645	-849.3358140182472	-632.4536470552553	-848.1509933275274
-2.348444843030345	-3.2470886541662978	0.34586732177501567	-1.6459874673145047	-1.404656625718168	-32.04871923661403	466.6463010465343	-92.17004052423778
-3.53251736073383	4.297165600082067	-1.492986482296761	-4.50123874892196	-3.4507020695063026	39.96312082272105	377.5659364876311	30.60723199539359
3.973632982544407	4.170467132730725	-4.8320180201966085	2.3796001977064094	0.2818044219151723	38.53615891729677	737.423818543952	-14.406536093780602
-0.138460561709155	-3.914415869179826	-0.4798492111246544	3.862924147272164	1.5917140909973968	32.00788745477667	645.7931253291149	-3166.9428219770048
1.1827385533849943	-1.5358122866830382	-1.7295531242704607	1.7858319878389555	-1.0492097948217207	32.67579233551167	687.0653293177286	-19.672059852128726
3.8764525187481453	-3.483614167523128	2.173016281327584	-0.36673775690883037	3.1614574903483685	-115.23209357166058	-834.3619569954279	-193.21821205643545
-2.619146419069912	-4.412709522684976	-4.250921708184272	-2.2754403797490266	-1.9548414719988072	32.25368275058521	-483.82902324494626	-72.18775997801889
0.047336462890454456	-3.479939589637362	-0.8717105446948601	2.5873394637024694	-3.771024695828251	32.34327577425253	444.2267563269545	119.2744530448854
3.910526969886659	1.4967846184614855	1.6700309965901177	2.5006024472286734	3.9340818197740823	32.158321968596944	330.7662158680174	89.2280614444389
0.9840592816025637	-2.6459303948818724	0.06094089652111112	0.6424510706293605	2.89723641773514	57.04851728229433	-160.1676478088238	25.724104103614128
-1.6127304854746436	4.400123071594518	1.7834867116013893	-2.846241881464502	-4.453692191511846	33.85837233462727	-1085.142986437121	24.436516493792336
-1.7007500835557643	4.50022738721511	3.1519826992324553	3.650677720889224	-4.109784665212447	33.8986943642943	12.226628778732195	59.70331178031221
-3.359832640930641	-4.152537237284818	-3.278817571527254	-3.0832709772304945	4.253651808739614	31.98797571506003	1238.6613882152035	-17.632072292060847
-4.147404322891427	-4.578541881403611	-4.730894824878835	-1.317415909491669	-2.2847777000595904	34.13231084496611	647.8454276338191	28.253480214405972
1.3995315085085958	-3.890468402700813	-2.7246073463054854	2.182144801266329	1.4374312574120038	28.428233168355508	106.06285248664355	-138.31989794396873
1.4611675366420451	0.2114753864017498	0.21642236533909642	-4.579611285677006	-4.996432190677184	309.49216865268147	-35.92300093191375	375.41032952741244
2.178099651091337	-1.1873030974169199	-3.946820306713137	2.998562466282884	1.7150074040821082	31.963572557789096	-628.8142783571586	22.25315908034708
1.242687759834343	4.97967456878855	-0.2351333971662708	2.926734313150763	-2.736610917854032	30.77146944282327	27.098203355849535	-69.33889580287604
-0.49732299894095355	2.9263368368800426	3.9599242967721544	2.033390456729707	-3.545346641699769	-2.9597292761755796	-320.9634502690201	-88.90843356983693
-4.222071732346537	4.152680626188975	-3.9918647870650825	4.935962601859195	1.5450471721377905	31.601145963311474	528.3825771806071	-124.27936498236556
-2.914737778962836	1.9228193406252272	-2.384281050670074	-2.943863276265449	-0.10379767484537439	31.51079593529898	-1115.1427160931182	922.4731167496755
-0.8779733383776902	1.0814300583436518	1.4049720508837762	0.17518802681616208	-0.041919424895930035	23.877600116189996	217.86876324314804	177.6745689228525
-0.6729264638752728	-1.4517151100657557	0.5038060509771807	-2.244504823019864	0.8852859483081366	31.70692208679391	430.00444231640364	241.38170618861477
1.4659712803308516	-2.7124711231408405	0.9267853139303757	-0.6621412415919767	-0.4947140826858485	-58.052573869719566	32.29521591869248	-5.16806411149463
4.907075240569883	3.2252949017791206	-1.0202550418505805	-0.16294020585070257	-1.5854492649997711	31.5631338564206	579.8112086587131	60.33934942299435
-4.166407763412163	2.265304625659919	-1.4288765652590838	-1.9904648337648192	3.011367505862898	102.38204923834886	54.29846142943464	55.10785504889442
3.331522851581836	-2.9902458643832053	-3.647449147493581	-0.6353363654436315	2.371457847504442	29.125313611090213	53.28077195598841	79.45295676418705
3.762110234081664	-4.591886696236384	3.4486564124842314	-1.0778108447200196	3.999255681854093	31.581980826302782	981.9296544770648	-95.78445510998878
2.956826885798076	-0.6209006745932459	-1.7649504321437726	2.998513236635116	0.1757579046655886	32.635902424234835	423.940366861265	30.011300930718075
-4.59707340950001	3.8119438245576642	2.3075351004304814	0.7585833789380603	-4.033588483046845	7.023982196350659	911.1354742222594	43.50059409397892
0.9200701373244069	3.3526100702727586	-1.0682263380852	1.7196581941918252	0.4383781661325141	293.6421489624216	-723.255263279945	161.32855519701792
-4.877623691611702	-1.579659297123012	0.1091006517124331	-0.25739109013036376	-0.3227608032497038	31.874504303359586	-1463.0505894432306	-552.0646912084933
-3.0735573654449877	-2.264927912068797	-2.4982156444078765	1.6664468836621964	1.0064059182533036	33.12267696725955	-1327.9227215732146	-1.1526238029775229
4.489397663590175	2.2375224513810767	-4.221095924213597	4.366487755926972	-1.3616463251894126	25.868399474210996	271.72737951756244	40.78251749336796
0.2885746461750136	-0.889545534458863	-1.455029271758892	1.4792327515481665	-2.573503924790831	44.319843067504756	-745.7997709061444	66.14564624214668
3.7994977012115534	-1.2920555168360504	-0.025867008046378537	-0.21562591505837592	-1.0355478546589514	32.08617304132138	-648.7436668460638	-12.288101835516116
-1.1416028941683507	-4.147504717390682	3.9890581435133328	-0.029293866861234363	0.14300215954370188	32.84549483894227	1372.0562345954495	-53.00216881451672
0.07428846020157831	3.42834805646606	-2.638643220221275	3.1382550914891443	2.2586451524722415	31.997923407304306	94.42153822450261	22.49686371862291
-2.561887727022153	-2.5948442031628485	0.00737729458398384	-4.2918670785588295	2.8603285446296063	7.022404970088388	159.9113366734896	54.317796087794555
1.1467418126045743	-4.75832792103188	-0.0032598584143395115	2.9015465112260035	-0.9116337730018618	31.942067360525787	688.0516323704459	175.78019717204927
4.3347816000681725	4.740046743567806	-3.4877012809868226	4.188965035211904	-1.814439456075434	32.090127256141095	-431.25788597821	-2259.919374017224
0.1289393714374203	2.6114866341425538	-3.2644288345699057	-2.714952491571246	2.083619532075801	31.830122262592873	-364.7008514034518	133.03042727397573
-2.604196463734163	0.8236980126809641	3.8152816704629178	2.472548814518616	-0.2972484871525518	27.726120194294115	-698.2981385349867	-81.52734895947381
3.677470659446719	1.6724736391461903	-2.2586379754800348	-1.0631573898147018	-4.153083213588412	32.20454905726486	187.900009990059	86.25487330069163
4.124312649815041	2.5096679941421165	2.422076433932202	2.4389753553513813	-3.6790489230542054	40.73231883175832	-588.6927967225604	-16.71456026277977
-1.7809453012709096	4.209812668358481	2.9704161839600784	-4.798525117224189	0.7535010708611845	-63.43005392489583	-931.7230256193923	-69.11986492037431
-4.65033551762976	0.1750077949511457	2.4724367272462056	-4.896211214942915	-3.577940053082619	-3117.6028710413357	-3093.2405849398087	-3138.7177332427477
-3.846087958900044	-2.717709810460801	-0.38960147028096515	-3.2653690978629157	-2.372579655119267	31.273502495323772	-671.0265795153682	33.256976076938116
3.9753320049389167	-2.9052307317096804	1.0006055944273928	0.7277925491351569	-3.1189760278069887	-508.44900104868566	-1003.6626304671177	-481.4554919645152
-4.723316052104267	3.5458994263646577	-0.23290476277756156	-1.5206684426695016	4.275937581153691	5997.450870400686	4376.256883324315	6118.540376098168
2.13260600108525	3.7205808718168747	-0.5200194291289648	4.709338688000011	-1.6598820492428503	245.48443144637878	869.8171099511897	634.1822402885655
-1.2147137233035887	-0.6366954758420915	-4.080521714878254	-0.8888888012504577	-4.694826998392503	31.763996493075485	-1390.035069043835	82.56824854583459
3.75261087640782	0.20959772997370063	4.548150530435956	2.5982683634595833	0.6227714708866259	40.3080244768753	-525.6482836835639	73.19773546538663
-4.39072741862201	0.3376839185332301	-4.2220875218978176	0.7969979620355065	-3.341475207009421	-97.52771743070898	828.7999119330655	-71.65343308478737
-0.7182868515530396	4.529352226119306	-0.556463556536059	-0.026639958097710803	-4.6665589641292025	32.000593157957056	-409.64623803026086	-51.454259602736826
4.984564075706352	4.356277593218261	-1.056373408665936	-4.7382879012571895	2.332333121703143	-115.14812941522578	249.15452705256607	-245.84003909300682
3.688040633498405	-0.18552837295310898	-2.3899196376815257	3.607249498989976	0.502564668075955	40.888459395582736	373.7219553978556	12.470390185799946
-0.3844286791024878	-4.0301497287949335	-2.779570369407777	4.020996878520361	4.927696944202918	32.260518367624385	-1295.9355645407768	64.93543370664938
3.752456227633747	-1.7735924346540202	-2.239061948349895	-0.6859304933419903	0.6250608520711598	32.48996245316879	-148.15695335593585	149.59166568295038
-3.9352192183810653	2.90087007068424	-3.605652303669232	-3.4357362433454797	4.57184154084457	32.532460378090505	1837.4966816557699	59.01751508690286
1.1500550799811107	-4.998015233540995	-1.9136648570586656	2.426558454900217	-4.83623618384534	32.212813010522794	-254.18368894894041	-58.62692702473957
2.641079157369174	2.628397743215727	-4.123083816583354	-3.884047257896013	3.546733888051399	38.229812080864605	-52.374338850092386	-100.58158335743394
1.2835012550156826	4.586764266182756	-2.5737219539920773	-1.9466654709772047	-2.866454793940073	20.489899869866765	-102.62746842650067	97.94685051178469
-4.250035448445109	0.8356006319497382	0.6880387828394161	-3.722477159571944	1.2377648255332376	30.763939776845763	871.3101220326258	27.8879026087124
-3.9661027496612498	-4.567829038794942	1.3185774544738527	-2.5230272793988617	-2.1332336709559687	31.78810402820133	655.7304072688169	54.529033165204496
-2.0689058908765787	2.5518732017166537	-1.9993620730887205	-4.21852574007874	-3.9164660467187518	47.63823344166333	1287.495180887345	67.70827926340021
0.3863011211364782	4.169598963035732	-1.3792413274806203	2.404212308722162	3.6365553569083673	33.23859365460005	139.66826848745634	32.99816388995559
0.4323822948594742	4.132371854817194	3.829039141906005	2.2381327233118853	-3.3274078179237954	25.87561235066954	-592.7378718303498	50.44626736216297
-3.365392871359111	-2.7799912678204928	-0.3336786104000673	1.6870605391217195	-1.8371766755156438	27.782074664647375	1008.9664849382041	26.07496405784926
1.7273257339086312	-0.11874103341270814	-1.3553258728777386	-1.8807561660511474	2.3791894160020055	552.9010952190483	1187.3514935954267	291.4522007522734
-4.025336922876717	-4.505065127535741	3.9580747803188654	2.795044091793213	2.859843552493448	31.040341649231166	1224.5096174646649	-20.69959170996053
0.7269445924188878	0.7602491219214658	-1.2439964834198958	4.325128243765237	-2.3763419845526155	24.837183596687115	1078.3295725401886	44.86217733024991
0.6868739959686874	-1.4834605793729838	-4.43815394303099	-1.7871266920892506	4.247721080290667	32.491352166089534	-144.83782602554626	17.664359806229086
0.20442348577998892	-4.1184703087716965	1.4855829412415975	4.08086418050951	1.4312936913551164	32.08062126867218	1053.3296425263566	274.8367479653255
2.753011778360949	-0.8660577314861282	-1.4881632730572814	1.3241153653879003	-2.481390874576015	26.657720425065737	722.2853445691578	25.326604869467875
-3.9447478293973868	-3.4545509755576633	0.5881897609714768	-4.81040076049029	2.1749996030745056	99.44213452898295	18.635041544049358	83.24471634988193
-1.8593385972711918	0.9252614658300482	-4.4252834012081435	-3.2388681652790696	3.628690031307084	33.40247271277763	159.93002457767005	75.12997993689916
1.155658856008948	0.6614028270008498	-3.6666119413110234	3.9567725535069798	3.731298625913821	18.128569759444133	47.577241425562235	69.19815444609054
3.6480694518576957	2.5156493534152222	-0.9252025170174507	1.9767739641681237	-1.683361332257812	31.394601669683052	220.36755669072292	118.24141331149653
-3.264091170874651	-4.770739465289049	-4.641366947585286	3.5381529868575186	4.547602107053629	32.00150244212383	-207.29806684359176	-138.64380604014477
3.188779851263128	-2.6416470917492885	-3.3797495936156716	3.5276874538052123	-1.5023337222263677	32.00722904903901	329.7502701756365	81.00190078261386
-1.887604542204664	0.9338249944956276	-4.799006956054232	1.7388114391607576	1.8831314865489643	19.11161766410374	20.286734945838553	25.665806293758205
-2.2027966437273703	3.24699975937161	1.4844206123692611	-2.3626998974159	-0.05031311179582332	791.1378124102772	403.429015929835	603.0132207135252
-2.6356366416956134	-4.87711581789048	-0.46592813053281557	4.112323314919438	4.600122409633023	31.954472581641397	-184.48036358945754	601.183205939056
3.072347393481964	2.962666170787747	3.112284386536201	-2.3053224900327995	0.02630242394591331	-16.42051531241448	32.85126650197284	-12.225318102200136
0.9198662639977861	3.8382487402020846	3.0502707297752174	2.82379232153822	4.980669927742698	31.574246095518284	974.7174677449443	105.26295832362229
-4.102301364585495	-0.7001706946324759	-1.7034142217216317	4.8906991731827905	-2.7369457080910085	97.98715178895898	-545.3249707763398	1445.6920011927414
1.1346866569973244	-3.982060171871548	0.896884226134226	-2.577906383405233	2.0438260245777995	30.135161948188387	-841.2649183008655	217.55473782486612
0.2623420938686669	3.3333320619793376	-4.410891153096043	3.9239370247723855	2.6828819272120006	40.352060362745746	0.07374654641074585	30.026224224077637
4.6921717979316995	1.38677738130397	1.1387171532462315	2.2226712387962975	0.43457040389882273	109.95676622641346	11.675973899549177	40.87723216876694
-1.925266780405873	1.5374868955338483	1.5989989456390896	-3.8650070042118156	3.8793446690461018	32.26242029273251	-148.81546154711586	57.33270823492014
-2.812670750895181	0.33366567083609766	0.2021789314950153	-4.7297825077779345	3.1296106076798615	14204.28368954237	14066.80710180768	14191.317892647066
2.7502187895988603	3.383192857030769	-2.8675401338535	3.340867466898679	-4.3814343969061875	31.651382677376485	-405.1532999367974	1.0871574940995146
-1.4676969465860168	-1.300239719058979	-0.7402985480992434	4.19971160608905	-3.285675049959785	130.4728517065894	162.65155873371114	237.22252895537179
0.8418443622539229	-2.264551226812135	-2.6718634050249443	-1.3875360252852644	-0.15910501690561496	-61.943229443051536	634.8153236586654	16.244691298553604
2.0610433132738004	1.8665876136034765	3.423580675942416	-4.854968642808947	1.8716278964122166	35.7019442087471	-235.94584081305945	59.72848340400961
4.377827899072942	0.9491867497721049	3.752962872966851	-4.877893241247461	3.180157717847722	-927.214863822842	-3101.3120176346797	-898.3215170867633
-3.5716173970026457	1.8624476315183482	-1.899020371939911	-2.9117250017926652	1.809323812581777	32.02350393103764	1177.4292219458323	119.61569163560225
-4.7938034731936305	-2.5055680620806497	-1.9116795601517644	1.6187052166958091	3.1023895800328862	-26446.02847626257	-26485.115583769824	-26297.88584090058
1.8837985948373497	3.9557112942176857	-3.635861943343625	-2.3370237989008134	-1.258838105784398	29.067305854672885	2076.2272234303728	-190.73193268327688
3.3966361878755755	1.4921845686759454	-1.1685480960199701	-3.0180204038631633	0.6788473908534538	31.99051411345899	-257.9870309869168	498.2953523034297
-4.67479206517328	-2.0371778766435544	4.440285748791595	-1.085346183842696	-4.886915843722255	18.580700790758545	468.3379731035454	-9.733299165745567
-2.488027985631388	4.251141489349802	1.168784049951129	-3.6387849996473443	2.062683903784337	31.667978638244637	1021.0447683404668	117.99016124465996
4.056658557940365	-3.6139494236929237	-3.0658294562738106	-3.591944379780961	-2.8039432512559346	21.489316635990804	-549.1535844304492	46.520744292441634
2.768519423910223	4.0846782223027205	-0.3159097493863481	-4.403143662317969	4.679146455637714	31.911317002455352	-641.9373993035438	50.216623956331176
-0.4794285043150417	0.661742605327297	-0.04655054306700812	0.4086134399076329	4.897697210240599	31.837473710826778	337.6967872855585	14.43626102314558
-1.781277194836023	3.9609320878872865	-2.7856402547681345	-2.2853290462645437	2.740877102752343	67.70184485005723	-1503.5185992278462	99.2195811632764
-4.133777113915467	-3.0744279004689234	-4.5142330324559135	-1.256026669389343	2.4051313840125257	263.30543836591244	-163.66248725710733	43.21347742539206
0.10516058510710558	4.28110788957585	-3.639755478605667	-2.6868185604488035	-0.730486548316069	32.07953572533742	611.0642730394693	295.33233896597255
-3.751274213146133	-0.4999496197902742	-0.9703644704964063	1.9890901489129407	-0.429060450523183	13.137587273519742	1.2937350371697782	54.18380448354048
1.477537720237649	-0.04169241047044192	2.8276789710176375	3.4579001735765242	4.680195647524435	40.10436956123965	-971.1345764468699	305.75196004979836
2.705388527260636	-0.974594729765391	0.24403321806228373	-0.5342860329609014	-2.916343132203351	34.450432256109224	485.47948474427403	123.74504521101619
-1.409647825750163	-3.571492110601533	-1.1144267813178477	-4.645923913261528	1.0359102869824852	390.28463510363224	1336.9977884187815	344.73410108767575
4.588746643422802	0.06330703770358781	2.1699347488814666	0.38574634397922125	-1.503617370793858	42.404258758141225	521.5019309609912	58.008608030163046
0.0963943878968232	-0.00468610634954203	-2.734457761064517	4.477962518228535	4.204255571587037	176.35284857488628	223.52881460235955	296.48757252203904
0.3888145339112281	1.9104247569772035	3.088082391944697	-3.4891603083361256	-3.524886268620734	32.390121276141414	-340.5444029215976	-616.4317543527359
2.739267395121141	-3.499463511702717	-0.6711901216995564	2.171063278240303	-4.218183744857116	29.31308172458687	393.8652385245907	-20.097203186987112
-1.3265554627301759	-4.89665746350372	-0.7103177776290348	-1.3081451264282107	-2.692776438256157	14.672417081699862	-505.7360883351823	27.880280376193184
-3.7229183359838647	4.514533753514311	-0.6606129025902252	-1.1103516780737466	2.2537940639519016	32.648246419078	1128.0608663378894	-13.067143744217674
4.418623237307429	3.0470880868542736	0.7101454449041933	-0.6332034368298602	-1.8039114812981163	13.76629198761906	-134.12804188950565	32.83304787409362
4.4210324523314455	-3.3741485905195057	-0.700765254592076	4.581598814839248	-0.5770216396976728	-461.30138184741145	771.0506324043579	-456.00279966402917
-3.4251419097746485	3.7568137200442813	1.5515165494381344	0.8412519714074325	3.3574566024871366	38.309293565156935	128.68277568443784	18.126798847527613
-1.6404069791152684	4.832517329994207	-4.360459810249607	4.044085782110489	-3.302024639140002	-8.653266529922533	-407.3288047165878	-639.0074376979533
3.987506190532379	-4.2023329340705295	-2.480922399603699	-3.7109649412352352	2.905305914711864	37.036957993349944	432.23509879529547	56.10106337945814
-4.7943059496801315	4.132183653613376	1.772846056013294	4.889734806478348	3.9324487232519783	164.18232309402657	-505.4320492438828	219.1045391020847
-1.7947375090268638	-2.8955141237971294	1.225333856962517	-2.2381429573795386	-0.7706121180798426	100.55270232597024	-1879.7210060463294	152.37126943489037
-2.2740920341558724	-3.908859391547066	-4.724788079355054	2.9880393826944047	-4.257112091269551	32.27798692557872	-2018.7406007808163	-185.7202426953707
5.486757669164177E-4	-3.0452154687971724	-0.445079552598453	-4.014228453947798	-1.4355627438408236	31.997239296945892	-163.07410242989863	-23.665486486428918
0.7939445040576292	1.1403432584220843	-1.5012442957720062	3.3063845205233893	-3.27877477770648	33.688014604084685	-1020.8295205035613	3547.563728092804
-0.9019922213207634	3.480965994495701	-3.4970666397617656	-2.2194694612410535	-3.9456062522687496	18.335199951155353	-25.58047471284474	109.06867885775267
-2.006408436830366	2.578507944720033	-0.5430473878689863	-3.914121992178763	-0.14912907285828325	98.23436085796017	1079.0845641991125	1026.711925799901
4.45372143241377	-0.20257122788018744	3.1440758201406123	3.0287241530755225	4.427465247292812	30.167286715432407	1086.214424924773	38.01196506208885
2.0477341353467544	-4.482203320349413	0.6533520002829736	-4.332704049598096	-1.5879258123754756	32.05840756823519	1170.8594714449018	-168.53151756339284
2.020397492465495	-3.8268672415926828	2.189289502667224	-1.7611976396796916	3.804206607857637	-18.570213224391132	-627.2590553955642	78.10522514888336
0.6706642764695703	2.3276663513488414	-3.5544409564545165	4.22907767012874	4.437818225267126	33.2065177797363	-642.139918768281	63.33909581826988
3.1261322923082897	-1.680611705646161	-1.9499679055706434	3.9151819534510324	0.8270239502771233	32.0045955112252	1083.4062609461835	-19.45713178384981
