77.1006279976008	12.02282848486029
-0.1861115607475518	2.618567919866429
-141.79014093002544	-0.7421980720723482
-103.19238314966887	1.9117038873833685
-26.330664185584638	-1.2032627609150768
-54.42522568250213	4.5234423503869365
-142.7529468227764	5.72317020323312
226.57881481188818	-23.514783032019107
-101.58527229676747	-2.1006623770989017
-156.83030036140164	0.7479893752295871
-20.5797219321696	10.785909550802298
85.13550124062873	-3.904601862907366
-34.83175991875864	2.766879383324627
-149.32175557727606	1.1023575598349478
240.478235025642	-14.129372130562986
79.21134360899413	-0.533248744501114
-130.13379861578895	-4.465374583388171
-77.19379529753733	-15.804024712160277
-229.64690718873476	2.6999949748232535
133.514129459914	13.129126794671626
-46.12391908411534	1.9215412145897115
40.31098138755357	-0.9898324351339232
-233.68297558180706	0.08075345367247111
93.28588318823121	-3.794236998835595
1.115807678926369	4.4137626804157035
160.2720001936661	-1.9011922529944698
62.076970558946954	2.7966407136551235
31.533839923202034	1.1282011421270963
124.23382790887447	-32.64311624158172
36.2192023301292	-0.3995441276443098
42.35136556563125	0.03395366577489828
-161.18831238332663	1.404950469274056
-35.11688558135575	1.0171650910589778
19.367478225445993	-6.888800038016776
5.479280386881854	1.9538056609106964
63.528111415071905	0.2767152521562372
-226.50403061331596	9.341651558850288
0.7781302507288208	-1.4385647735332803
-19.832699586696418	-5.120245951692513
-61.43463022504135	-1.3827606801175292
-222.16049622037082	1.513435460744822
0.40380372208008425	2.6946441051696004
209.64489051322198	1.0408899934981142
-21.587644841364526	-30.60275450788475
-44.33637699653134	-6.498832309149933
85.18031097261206	-1.642038939372256
-114.89851667471345	1.3788088772196623
53.42225258980757	0.41899314886330313
-31.747777900446792	-0.6036766160025983
46.64850498658479	-1.8057049877921578
-130.59764222906617	-1.5054177460209466
-157.89262531774128	-30.751603048024876
-61.66726277226225	-3.2492945876024923
-112.48018440100839	-7.714577311129016
-40.54030578549326	4.4462571462970635
148.66723168520147	10.050256310551886
-122.84609969971117	0.058110305550273134
-57.534694062871964	-1.4744653861096808
-251.8530083581813	3.373108554601452
29.34145186088495	-3.6488660334948415
-98.24156678889187	-0.031124263062438772
14.190950947282621	-1.612096093114022
87.15294230120722	-3.2387886254783087
-89.84535434566837	-12.59953994924246
-3.8289345000212536	23.197900790767463
-85.69367126175393	0.1511381275462531
102.2570793160723	-3.5325053436266876
-27.835767148346655	-0.892530906542611
18.048746398412973	-1.8654421580276865
-185.2571329874354	-2.5918076972754025
235.2467030492362	0.5394547377102262
-147.66667735642713	-1.3250496768243545
84.66236172208576	-6.026464970871204
-24.964818912726248	0.0036257067152958406
19.99062126949806	3.253188124660338
32.625374031597005	-8.695510822168977
-191.2622890048778	1.616188540412836
273.78560943102644	-2.1226015964982072
76.15273219253969	-0.6262594778512568
271.1123397820638	-0.02036145354732704
20.700848687466312	2.423659879750196
-161.6131234579412	-2.897473276077151
65.3851433183069	-4.122964811671611
34.98890876204358	-6.058440909205736
38.88353070060868	2.7184389301506227
89.1315957517911	2.977608372638034
-111.2681046853142	-11.955827714299831
64.49728523851313	-28.44376919969919
-125.6584435895727	-0.6070199858202363
-28.893280585668936	1.7475142884310018
-34.09457484953704	961.8206101222886
158.20159474396502	-7.822441506957529
76.70420511494632	-1.2993086901236102
40.53146634228391	2.1644608066663147
-65.4008464420416	0.1685807708938739
-263.5576103951535	3.7895205474141567
116.2733886624281	12.138365990684697
-100.31461615602012	-21.58994750227434
90.9923193073846	-3.023452269875099
-157.20542002352104	6.031835145947235
19.819322864942556	-3.421834781734183
9.539801187325072	1.0788301791766983
-175.37777404178928	0.06109855179736827
-28.06132680811954	4.782239571709945
217.91418751188888	0.30598980168360224
-60.4262626409049	2.2995135244155516
213.93028761425646	4.516679676115567
-29.325095293943807	-1.4617794828405744
35.99168190755759	-10.311892010801472
21.73016366782359	-6.488160710082925
-76.75555111930653	2.275435701619329
-123.83231132363412	4.011645439397195
18.67032448745296	-5.355919338503449
-81.61736111004006	3.6461296211607523
-173.99406144452573	-2.762873163527745
104.48859039645009	7.633108319013723
-73.80485211439202	-24.976669436234847
-111.764700091138	-3.4258691017650853
39.05386384774487	2.8867422796408166
5.952805822684659	-7.326515118019836
93.72634172098476	-13.955149690130652
54.33586653842937	0.3398700867702482
-49.106702679333026	2.1392731856118066
-0.5705064654509902	9.86128957491104
119.03066826440377	0.3801570065731267
-219.72670963108064	5.282436184790589
-144.75836415926804	0.19221740257842895
-131.35887553524284	-0.019488561166746108
97.90970934573797	-3.0979977937046104
-73.57636138469894	-1.1836898014161181
83.70507498625471	-5.053913094107874
114.92508611714847	-4.616408380360456
-93.54249774192716	-0.5229652847015479
-34.48382734317415	-1.6398869409100194
-183.58616371881988	-0.2726681811491659
69.58523031779265	-7.470241263682315
-100.4440577141596	5.017592931647912
0.3982314894820445	-1.568513682143928
212.8814653998535	11.176191389373384
71.55969720935947	20.477325355321902
69.4304036940111	80.74258746706786
156.3015664736963	3.6070804022443257
-49.489639201473565	0.008550134341914203
120.85136637186598	-0.06252500934393415
41.49054693373651	-2.789516397435116
72.93452092001813	0.7075019819845197
-1.8057432659250263	0.7999549643749657
-99.43439746377095	-3.256662076029106
-75.5280472684191	-3.266821902648186
-93.79101339044867	1.221181408462349
30.515181548266114	3.347531757229371
195.42031489045397	2.7986918085628325
83.29292921648708	-1.0470201204718679
-31.268184903213218	-2.6740749396015313
221.6506599461638	-2.561851863788587
21.881430365060258	-9.315567072522201
136.41305840111607	-4.715129659383636
16.677203478924245	0.49298764882901175
-32.03843333056206	-7.855182593040102
-99.39289102869644	5.511118315721582
90.75035140284862	-7.336026403087917
-67.97012153819041	2.419889378392489
47.755203787525154	9.139310731330662
-188.86633674040988	-0.3653994258193914
-153.30070365121833	-1.4333515836733046
-87.69311522034046	7.560473267561686
117.87995397683159	-8.371981263392396
-223.94409308577977	22.042776857876305
98.78138014329271	0.5786986070417397
-77.46068937002548	1.1755590534968634
212.6689933647222	2.650424746067639
208.226102992574	-1.0137482894081415
-324.86009473583823	-4.229007344967868
-146.43477834487393	1.2969532672250852
-117.31250956223961	0.19441984432786608
-7.655489552998929	1.2848610735281842
91.85500529093393	1.6927610720961617
-56.37704355308587	0.8715811757764482
-150.4031592652248	15.694071894749918
-132.48746910837124	-1.932770243758981
-136.35679435071015	9.076247668282122
104.19846365082387	-5.233179330945612
-1.4270677525202045	0.8421156282558107
-41.54589205730656	118.99552818300837
-68.708089679041	-0.38685852246642133
201.4792220053665	-3.6766415281376768
-21.504211438956222	-1.704254005341238
5.210454011896964	-2.356685880833754
38.80747053415535	-2.5664262437640257
209.9742402545532	6.885592876490116
-33.94457833674632	-2.1050039927796234
57.07042992509418	-7.467623610762325
131.77997976842437	1.4705758436040126
81.05815663357455	-2.526881546778913
-156.02911250724367	18.31091553168053
82.07515491774906	-2.275408567601056
-80.32654991089875	1.434839949057891
87.8981701808891	22.66423705376454
-4.811807308030915	-0.2798075524559577
-276.11931557924504	7.611026617064052
-125.17945331231111	3.6121588709809704
20.449576918236744	2.5379418824753683
-39.82617169650976	-1.5105906887665603
-179.61581000176054	18.62166221002851
63.257076495413045	-2.057006205055592
217.58552082527072	-7.787081230852279
65.22688630186023	-0.9517990629313404
119.96055278187406	3.6353141035575636
63.20105617087149	1.7453468772455247
1.8414823773756546	-0.03391297324858153
172.41214939842277	-2.0471038937830115
-209.42737227264305	0.0018182699706639257
-129.94671120923175	3.3524103334005173
45.0311243357844	3.386616300437587
-141.76993821707964	-1.6309047597466013
59.260668258659344	3.304538525576531
61.99759510927847	2.212878980731776
119.36896505731536	-3.88710216267698
-40.4619717599333	0.07490225638494133
-70.88968016609971	0.01065096967794773
127.0726932736347	1.1965631229369496
-186.35823613181876	0.42514918454816664
81.54963322376784	0.9286513942608337
-21.50969882851974	2.3788105436859657
-15.408381878745075	8.119489119562305
312.3643835999977	-0.7847890421303398
27.01014140817913	0.497176226548352
98.65386888208067	-2.815986003545429
-99.13938126640959	3.7090759788643437
33.53000521460212	-1.894799650765331
-136.2602847929634	25.560172443453833
-122.04975381717513	-0.5845448325851444
28.2866319578797	-2.1971287955858014
-59.35495761256968	4.101737207652089
-25.814204209717552	-0.5343246292699543
182.28857596175655	8.381175250798455
-187.9353921059487	1.626428129154379
-187.1452138523777	1.1713176585691114
49.71914114673504	0.49775369703499395
-174.40785026619014	-4.425998416682947
180.024186961324	-0.9303534781663189
-116.91196611740753	-6.85735560664623
22.781767082179922	-0.5101937601195001
0.056910465574885265	-4.092357644404184
-271.077428064804	-1.246673193195523
-167.05227366821512	2.357552774571487
-2.3734007528529437	-0.22916528032303793
-27.840709042845077	5.343388880981595
-48.04806510988205	-2.1353292293147157
216.57223672482053	-0.9212459985080855
160.20659756169437	1.850880642014894
45.502014663626845	19.16833198979766
214.2257106369422	-0.3990081585702897
111.6916499649121	-5.591183176143163
42.18281672512882	4.605400040772546
53.198821627362726	9.017226075712607
33.899777437628146	-2.045572703916807
266.24718352659835	27.18396203642527
152.94696049078667	3.9616622925772655
120.46767627793204	1.154256171523682
143.22967845291916	-1.8515715657576295
-192.38279133868514	-2.770285173937473
5.5758965948208745	-0.12088055923218044
131.7954906373833	-6.249152240244656
-49.15508727010858	822.5110809720771
67.67240332108697	63.53284278746133
-164.5410729257545	0.04529972560578428
7.932033672099976	0.8168657969637163
-79.3951785120301	-25.46719548069967
258.66200242936173	-0.7449375137445011
-72.42391208432957	0.5548919854538602
33.90413097492332	3.128453824925981
-70.68795915835818	3.4210111862315515
41.74272907770039	-0.9858874043904207
114.7151420066634	-11.652589134174775
-17.39788588003806	2.5158880873464744
-264.6113752074385	5.788826708851166
-5.626445632916546	-0.1833004531026381
120.1755875329416	-3.513203340202545
-182.58170923475106	1.5977023383153404
137.7635132774596	-0.9051727614170003
-51.67943500567969	-1.4039030303352953
112.9077135884125	2.620356453480873
-32.51677184899831	2.438622908632594
-88.14006867321625	-2.0034203698845
-118.10337465880048	-8.525784045002053
-164.02354263388779	-1.069674021470364
-46.25994055057506	3.5579149224000046
-81.5402616507763	1.9837008759093941
92.38372083653455	3.957665364613341
-61.19593041104215	1.2188398959797417
58.877749183962734	4.322614583402591
-44.2380025964926	-1.2676471278154862
44.46789998976696	-2.314530009615244
15.457643541796587	-16.91416503905924
-82.78320072949793	-0.5502817360557467
-122.95102853945887	2.451028016992229
-53.34509124059926	-2.6025221886477437
123.9266870751062	5.762590825613819
-0.5109128637397355	-10.589123766120755
22.46543247119168	0.24267374964828878
-3.714766525839424	2.8530572531000393
1.5576412976424736	-1342.1526034168385
-86.9735381004918	-0.2275402626382814
-157.15122877630606	1.4949274418825058
129.15778278547174	-57.780162582951114
64.09455237063483	-3.823399857942715
-25.167724467052363	0.09753483391013171
74.65322957669443	-0.2053886092607231
94.75237812623467	-0.6995439165865398
108.31534346518195	-2.2697879442097495
41.697272827356436	-2.1442829430637755
49.307120191382445	-3.0071833178204095
44.13744092555976	-2.6831258613472175
224.7828751276691	5.931656651135792
99.47489404920921	-5.467894383434958
55.46257653256194	1.663235688362637
26.623067345039566	1.5698466834894604
-119.23113024409182	6.664145882023517
-168.6134490019454	1.9215032755207238
202.72611247522184	-2.1355617293877853
170.94125469361168	-0.9622200572922556
-89.68345498871092	0.3007403540963173
86.53356273135196	-0.4913854239987884
32.7112815240463	-3.985589878476835
-51.848791465768315	3.7852578273480333
7.598774544294871	1.2541607228593465
85.40309499590744	3.902269439600741
-15.497784329743283	-0.2155556009577997
87.21942117919166	-0.28404439053367797
-115.82443144030883	1.8312683335713869
-44.73761764898199	-1.2748198525926733
8.207601254556268	-3.705751756994615
-84.79587830516095	4.228668934320048
94.49769812204308	-2.5259797925854337
-151.5728546112139	-0.27195963314865634
377.69630267685665	0.12336972086843667
-122.11106900402912	-6.147248730360617
-25.92922323463926	-22.00296274766038
10.25582260560759	3.291225725895422
-72.86571508697924	1.9126895812254583
-38.326438350349235	0.9743527475920822
-246.11450636905602	-4.884344604187223
-181.0169323120632	1.9862846146480768
37.724926435215025	3.6699888404153107
26.284124596052237	-1.1702307644879297
-53.15098490726505	1.287604140549379
-92.58883196200901	1.9642369827069246
105.44444372995662	0.1645922653103053
-41.63597355910829	1.0333040630340617
85.54463937230686	-163.08325828191667
117.72794896969918	-1.488397905483026
-161.8719114945577	-5.519014494556975
-68.84542266315331	1.1120524339577798
-29.61659833951742	1.7349834389789809
52.10894554045644	-2.797178153149917
-33.914039627008684	13.62744329804851
58.83499947413918	-1.4642683671529333
-15.929410526991376	1.5303569619057984
45.39164213691366	-1.5318296987870423
75.39050639242244	1.0501517600806112
-90.23657789638911	4.103164573705592
-143.25264957487028	10.550692796426658
-257.5203080288338	1.8813319754484492
-181.83939543442511	3.2617950071146593
-63.897402050481936	1.1830239364165889
-98.5558511102329	-4.886451411579331
-37.7474242841876	12.397374632101908
-27.72700154516881	3.159686298515346
20.745393612680914	5.858085311973989
134.03292868876406	1.7495389614854762
-307.2332963561997	0.56592524189818
15.674881579309343	5.74375125884954
-162.56978413010327	-2.0871010734929767
-230.68804344922057	-2.536819731104053
-143.2969536505561	1.2266550550605508
7.955343601424255	0.732901423208933
41.122103018792764	3.384975844458385
-301.3789351928879	-0.65970922226301
-11.417588206517951	1.9346791556353504
-138.636711527078	0.8171428851480804
-107.73683693389444	0.348415165422642
-92.15228723313162	4.995567174502089
68.10024380673099	3.3635930653503134
40.80665860319983	2.799118301492758
36.50134355420641	-0.281610023362797
-27.984044083553268	1.0676144688463274
97.40467380735383	1.2601001244081607
-8.294439276176735	-0.12546868371810058
-32.8053061317678	4.905529457549948
153.08301136872424	1.0510502866539764
-197.96225652462155	21.124746440443467
-50.120711713695165	-0.49599951918002966
14.632922815115572	-0.7371404825274633
-82.50073437546044	-1.0599709729174513
186.28706113231874	1.2029894916767754
-22.398701550430083	6.897413833757521
-145.43296191030524	1.054030305001279
-10.502450025367194	0.8010190190153665
-43.522156723409225	-1.4931628317452512
-137.50770028555817	2.2297487101213447
-27.518874291711594	26.370080075679788
-102.31752349930377	-25.22743809216261
-2.348426607544977	-2.281009660607264
78.37833905631526	-1.9081522582794237
40.77850441217734	2.8098771417003747
86.511474505391	-1.4588896239348965
-2.504352672905424	-2.128564964793412
141.4980783845086	1.22934969064896
235.22161143895906	-1.3086112450331604
-66.16002920499767	0.035998222160340744
5.021900422071318	-25.259635555662122
136.33447982597448	-3.3222493206356005
219.73243618209005	3.836511832296167
40.966392189173135	0.48279684602875494
52.57695477169654	9.247450217162283
18.374185248947292	4.2576725233655415
47.81935152549373	-6.402819950161879
-61.34570926941707	0.43108381301793913
10.768174516727344	2.2174702594390743
-18.164749228112345	1.4723648403583018
-12.5877687154444	-1.472579423350591
-83.2399718431738	1.6393566591084792
-267.3025508343628	9.8212239840568
-114.24966351612605	0.027554874042171208
121.12527473459518	-0.8748504641894885
40.90293901202827	-45.591134891943064
-115.93836501300316	26.24828859008954
49.540500135127736	0.12558085447457945
-88.36863839676403	3.469889616447028
76.94987389267067	-1.0521465290299348
-150.60628142332118	17.90959932738464
-11.043477858706273	-6.370326507270832
165.65320227946066	-1.2490731965474136
-130.1102683451063	12.411688357744106
-123.98501139841883	-3.065248847579605
-113.56800894948141	-1.6535372680208846
-97.59354607969574	8.622736579315895
263.7686941366722	3.183363471630586
-92.14895593573088	-3.933144131869057
-151.3984727914993	-22.00237824907737
-61.1169367278896	-0.07276782455048274
-67.37868206693544	0.11239274379725495
-185.5852746694944	-3.491492286072446
-40.17446501902228	-6.252874482403341
81.50793935800345	-0.04582500347895012
-107.51273820011129	0.47606317659321956
189.56521423147876	8.39192472031163
-39.35077445260432	-9.173325123972408
-46.622643272173214	-4.580090310733105
-85.10613592512848	-1.6475079680703422
11.622258100924247	6.211526120288379
22.62021449026534	4.301711767127884
-87.77593917545236	8.862818547788644
318.4142301114798	1.0537523426852808
-97.19252387558979	-1.4055532490217584
59.68442745581624	2.4761869275009922
106.37683396963078	-1.0229182475268794
107.71477332901823	-0.3259990679077704
220.0549552306155	-4.1110242426775905
103.98281565644926	4.436895035938404
62.527153949917455	1.978824303930376
-15.626706282434661	4.634413730765948
-95.59977542593602	6.131346384516958
41.1621645052036	-1.1290684636809545
-357.5897280674167	-1.971166834740209
-56.29073440897196	-30.12023525648781
-189.87867115131002	-0.4523938226599017
78.32589335323657	2.9286976171614554
160.3097492240639	6.412390554845051
67.19182520271133	-9.091610353626004
-77.40800378853977	-6.774171121940832
72.02414028920933	7.211953301159456
50.97266352912466	-7.3435681272962094
91.98520408936636	0.6090426088304983
42.46758683627518	2.44710228686445
-36.93733662903547	0.32970991213770684
166.541390597585	6.114646459390211
-37.42291034996392	-2.658683571478059
94.35806197632203	-2.612163375467681
-173.19206492916555	-1.4501521052011437
-134.28356015193702	-0.24182593350363626
-13.376572092738765	1.7269020907996906
194.6848544609634	-0.3904548410563308
-78.2858122188393	-0.6205271322031891
137.7689632131084	-2.027903449272558
-213.6891575990641	0.38045246293594703
-25.675108182093854	3.3734000146921894
17.407590006957548	-1.2648620116190936
-58.581833843735446	-3.1926137506564167
175.82868986509672	4.519176580230088
-146.03295493335125	0.3625970651408925
5.33435044539898	1.0080506772280893
71.5439985958441	-0.9706963543832802
36.76833772342446	-2.1952617241456243
-146.78926570209106	1.5922474893833312
105.28522195394375	1.3785584474103734
-120.20193260579272	1.3256190142657258
43.713725000797815	14.42140239462661
-32.301247159319445	1.7859575464006705
125.52719058218274	-3.3100636550048987
-62.90120691099406	-1.2805779193961884
-90.79824739756701	-47.7338674348332
64.60607675510337	3.4914878702357073
-6.864223414254916	-0.3111208632722786
5.444465860715607	13.189668462079837
-31.987028391376224	-0.38294020029943276
75.9507130015433	0.6653876155100562
-93.57791148290711	0.4334445665935221
58.02209971029964	0.09747397926276617
-46.858723260871685	-6.633950140951023
-259.21378449538145	-3.493014879782723
115.85698771772326	-66.88345379249624
0.12167514609631844	-0.32459403214114324
-8.616988326467126	-9.784018995787932
-143.30429140458295	1.2895874160777034
-83.92579749108674	2.25147142726524
184.19690807004577	-3.02351150206508
-40.82192371724308	-3.345254932808155
36.194468522141285	-1.3421653982207762
94.72110790086218	-2.3825664978774426
-33.38388942775895	2.3895733283691087
19.029537703239846	-0.7837095891806237
94.31165292703045	0.38918416185704696
-161.272803251833	3.940947192735649
-244.18638326170782	2.584785632510099
-98.61815167121954	4.053209456894939
-33.66879703796029	1.0938037599499113
34.32410434242168	0.6442280056303958
-12.06558536570959	-3.534991718503308
-230.2207270402207	0.8682641974371043
126.04739357008847	1.3563830881705217
127.77526528761688	-0.6403723552541558
-65.14794227086936	1.680002376830424
49.73868769815586	-3.3042998296775012
58.03788178438198	6.578685245865392
-144.2471321943151	-0.47821721899972414
-46.98773518645517	0.34885443811926903
38.342472950335065	1.7807585721865102
-15.575109915025168	280.3181048020599
115.59397466194117	2.346380263047995
-10.220745281412716	110.74739556367686
-26.786010909925967	-0.3655308439142186
143.4196441528485	-1.1155408083058056
127.63860194348062	-2.923094405428951
-69.20200643189949	-3.198320403593622
195.0004632749913	7.112007002712834
-94.43172489932816	1.2382973222585385
-114.19637168636216	-1.0053428474428614
-183.22508701336034	-1.9897821578093928
-55.55785777311153	-5.725283713792985
70.4678956973572	0.8929589966275462
-123.28460474372618	1.1112594560285656
-284.75815671377796	-5.288130759655741
-23.111680225897192	-1.7035074788428266
-89.01586675266684	0.17401530144239988
60.490604391462604	19.632822286698428
165.60028852737437	-1.651289636442835
20.33829831909238	1.6032299995206527
25.102845006210334	-5.547626361569574
-165.85632256980472	2.9340861122904145
-41.67773070942508	1.2217577387914536
-39.9244900327252	-13.80630365302926
-142.63248809285196	1.1222999017574813
151.97191602261972	1.7748743379120575
-106.94553364500257	-0.0237730694930537
-43.08247745547025	-2.417537556740785
-111.12098889485974	8.587532071492854
9.864371011822588	1.3302775256944654
-91.61073119033901	2.404851014499734
-240.36131783030845	-7.605735685820316
-61.795986459140636	-1.6741421285493885
-117.06529334456934	-4.938527941657167
15.99873649746965	-0.2825381008938374
127.95325094984572	-0.9435393535420484
28.52837881388464	-1.980501277575851
221.0474726717576	-0.30052002879860923
-55.25717331602896	2.4654463751321587
-169.09607314868694	-0.022431467877802962
-57.89189129244179	-3.1249040692603955
165.34773721775815	-5.435567287087353
27.02015243961328	-1.285456015415465
-65.08622246988726	-1.4194542269826318
168.61042733475665	3.4184547103549523
44.18876483109078	0.8737143270833045
7.225316325359874	12.981714299085164
-273.957692620312	0.6154044522823098
-59.4227965836552	-9.671336994053283
-81.61694213278022	-1.354009475696119
51.8798424663315	1.9129528815025487
-118.29460276178747	-0.6662823313889992
-64.33546446319639	-11.10217259893217
40.99879465839536	1.0961855759487111
-31.38779777776903	0.5130895052620696
-263.1291608730517	-1.416486818330533
-152.50956535427082	2.582978694316368
17.98717248904744	-0.6514198964362407
-105.07361086795373	-0.5280542117577279
-123.6716322206347	-9.2882578877094
-67.62037881570006	-2.189834079216426
-168.2705583257394	-3.049183932554077
-209.4253151558952	-2.8926995690768726
-26.915989080995644	-1.967731220907782
-63.34124644211656	0.028434422764366505
-71.63069990893845	-0.13730167977134328
-201.55460125287104	-2.6502359209317277
50.844191412294485	0.8524988150553385
10.680091934185127	-1.3647057782703624
99.47282368002669	1.211866170501516
-54.37814970152733	2.3968521672104814
100.99895967529635	-1.2433832616745883
-0.0020547322680466848	-1.1778615328707152
5.536004990686766	-8.004037344542848
-44.2412186863326	-2.5098318931827257
174.09565235505082	-2.3924994451833834
-132.48078614537945	-0.4161773775452521
236.83007700547742	12.316821566952326
-222.38429778332005	-0.24770173509277993
-144.1249814817714	8.029200934313737
25.379108555972483	2.0217823082660877
-35.53571814211355	0.5633531621735295
-51.78928234623097	-1.5153586513482424
23.107455673294055	-0.29052076907162044
71.764885934197	-1.0185781980388773
-27.07761023750218	-5.346156212696968
-316.1739879274124	5.140491978915232
-90.34525791458928	2.5540331796972127
-76.72747696513628	-3.3023374558376597
248.9161486035581	0.24384373961536407
-38.11721246375451	1.0188640677213228
-155.02553446486414	-2.8515421935268632
-185.40661700790469	5.938332893892908
-64.86375844580388	3.201198661586519
-108.34424471652864	1.957605168425593
-64.5402272384181	-0.40105007777303237
56.22580948486342	-11.43113482127325
-52.81748124848678	0.0900951407770951
-98.10140067922244	-5.913698852087737
-159.54970689008795	-6.125340454114793
44.37306863531943	3.660354917390442
123.46272385726259	-1.4715563144262394
111.7975421817399	4.929008260015512
-119.03300839294057	-0.6422741651164896
-62.46203349912727	0.5325390762719455
125.20243744636232	-0.3303423448109462
297.49617365093854	0.06293705921780707
-33.12699743045318	-12.830346289094482
81.42028789104369	-218.07021748843076
-143.94043501549945	1.638076917981867
-2.124795044556919	-2.1629884701140587
175.02825146029937	0.5528667381815385
-116.5855362305562	1.5501630464161633
-214.0462277169445	-1.1240034380087445
-33.750354703286014	-9.8236963416995
31.376313285493303	-1.1714482171284533
-2.114523112503118	1.0251704319007253
-193.61394599362188	2.31501586736709
94.97722250834204	5.070254393256008
50.45179590985542	-0.5078583020316298
222.91327894947605	10.742529097434232
-21.12800536915105	0.5739985862854321
15.879871265096806	1.7812104620568936
125.47150608265332	4.16876050900958
-99.21642565173224	-2.124995893670988
124.52635850197086	-3.9246093286342005
-39.078614125532226	-4.881639809785559
-170.35677835945054	0.0693443903535859
152.91434280387676	-1.0948771210675043
-147.5398707736369	0.5332025637081649
-63.8958608434523	-0.16668587225412215
-86.57168972482754	-5.632010850394588
-134.589062234879	-25.675948570425913
-29.08120689060949	2.8200653525326587
-190.61802002233352	2.1576985073306054
-55.919403612340375	-0.9173734486791384
-44.70348913657913	-2.5917618954745048
106.23965757964946	0.6777750979602448
-10.8421947104655	-2.3914092313270405
-226.57149667039977	9.439430643857454
37.95237946824268	-3.608835195935552
-31.866189617700584	2.202949599632156
31.76966545764358	-3.9226494512044505
-92.3623752401908	-11.297249984839969
-145.4566721833272	-10.337202746031169
46.2771516894955	-3.6209002780633615
-171.1607687954944	-14.562990989307968
158.59698573387274	3.7173856246434167
11.344033022982671	7.478057457600596
-42.542328015701266	0.9893027542870413
4.49368931616378	2.3496379927463535
-68.69617334486607	3.2233408927850324
-64.60758613785809	3.173465545799074
-219.7971901766013	-1.1539658837330544
32.59487187471339	-2.2823242608242547
-140.25829390106892	-0.47264197763335325
81.51310892807892	30.0424896025323
116.62526909016496	-0.6602566623340733
-128.9123311632063	4.6735751271879975
-78.03694666823611	156.9173200748592
18.18984458316261	-53.03841923854109
-103.57764843853035	1.2473963687360452
-64.06879623133324	1.0057867586949887
-55.122253406234634	-0.20785881158828112
-97.9024582963868	6.186805484507993
75.64009382980254	1.8751879515479373
55.67288750101607	-9.810699153730182
2.5299226700562616	1.3276607247007646
-79.65346113470929	2.2260854136227373
7.662322115682883	-0.16421947850843546
-83.70614673802359	0.55287230530076
28.480149059965083	0.8629944479516235
80.41807782970243	10.218581201307632
-122.67957240763322	8.429520890920752
-16.24622139686215	0.49921254759228145
87.92163752681995	1.5463764760812355
-110.09422656059165	-3.1359122525564294
126.29827341383556	-1.096975411410695
-92.32977721960381	-1.648439754468129
153.38857733654208	1.216374533676139
-138.8547039017226	294.5722981713504
135.1150337111666	6.37816071391138
40.084902502538256	0.7171827184216409
-34.96609078039873	-12.404097744359895
-214.11906060844603	-6.9871497133089875
-305.57284957591463	-5.870809547145562
198.60683436379557	-3.885490636720123
-121.04001726140817	-0.10783450486586255
-22.391224457358703	-5.478435213868547
-50.395098652925	-1.713736667054014
47.943937586508234	3.125600087198512
-26.836055151443855	3.934093370788151
-64.76570957066602	-1.5573580715012274
-13.875016031787993	63.64921173055334
70.73009711835154	1.0056809233592316
138.0507873881684	0.7715370234888282
-182.32492627160173	172.58745445791325
-103.23122620223462	-1.4217679386300113
-166.54052529418485	-1.3333305245686036
80.58110920446421	0.2744484641192375
45.80283466853184	-4.341562029378899
-88.98046556380586	-2.0179981928737254
-185.64843124199896	2.851655876094992
127.29114088116737	3.624653996415418
81.20203468035412	-9.071524993599228
2.1383384677728543	-8.77400238257993
121.36118191488232	-0.3089218113253303
-83.89804928793342	-1.0183539848509733
29.501613529002814	-17.910505926391377
-0.4130865286487044	-0.06227514870319601
-172.46832697776384	-3.9524581982028715
-21.792297814168535	3.51619513233933
135.37420694626368	9.05913893219055
7.888697128611948	2.9652862802078026
239.92680913060798	-13.279869877990372
-23.212432722412995	18.977198265701514
105.4125279605274	3.221717882598013
-213.03609466192265	-1.796297245675443
-84.84116376796914	1.161260119153313
202.90702188591985	-2.1048626029644026
-50.04225121336494	4.465380501477351
-152.3628694998906	1.4212980786534772
130.33454194984944	2.0152779791700155
-52.40759765548886	1.908466343103389
-98.42540934687923	1.3630247288013986
-60.0238913029004	-2.333047231385915
20.430386963866546	1.0137978523286992
65.65522327391226	-13.830667511286936
38.5013186014249	0.7591299323031927
-96.81619978578784	0.7413934542048407
117.08492602248855	2.3963346288363088
155.7734897537541	1.844855269154865
-131.17010567417572	34.54240120498624
115.74441882378095	0.8230275289406552
106.9798895277192	-8.39954897605277
-84.65451090195818	-1.6603656736755437
79.30387610765311	-2.0381691115459706
106.53082276139133	61.912942977296865
-212.751157162463	2.0427101264418157
238.6156311263486	1.5395484354281397
113.59376703618929	-112.23167045333558
-114.79744447879425	12.731812418292696
97.29612037796848	-1.6766809769095423
66.40275647773352	-9.374219775977409
0.16201439399072431	3.518086201403551
29.334288683019754	12.646618767336282
-94.17168678957313	2.881397300200818
-229.91123267353697	10.927031866330871
-22.5055745429933	2.3380139380110867
-248.852109544669	-5.119009597422618
-257.12490632422515	2.6057806750044237
-67.20469520089877	0.6511505898240878
135.9402802925819	3.7911361268957826
123.85241922454007	25.04029059218166
91.45822171161667	3.0070555672801387
-69.71225425037257	0.4352330103557483
-33.51297215717849	2.1090297220984104
47.22911580197829	-2.8166776693266065
-35.896579344096516	-0.12129854026668435
184.26296621933744	-5.421479064099526
-4.108448803665207	2.392501262948523
-60.217584089593025	-2.0877820057851513
-12.39601870093855	0.7285223750681104
20.65481719063543	12.15079206054816
260.2106502474974	6.165394299444156
237.83688200836775	2.4703990783896606
-70.93753287448315	0.368248633087164
-51.82133995946298	3.230769813364292
-101.75194979758975	-6.624831407188987
-43.115652587948674	0.643797933553815
-62.32531648273888	2.3337252663602475
119.00396479135867	-4.147196026697767
119.81383397217365	-4.413105758228056
52.6721644412931	-16.441366236830977
-81.91171197149576	-0.37739678806638743
-35.85937317197014	-7.608518729565398
14.484201276800043	-2.6038686942754508
-115.09342365161292	0.6261053535053859
-55.91257129692149	-6.031272604238656
-11.100741671054658	3.2036907618953205
-252.02191396720877	-4.518062206773011
-125.88386213909355	-0.1322480940277762
223.1754246066413	1.2513482184187885
-103.51361281014351	22.569482099289775
-169.57915778152818	-2.5544405127064045
-86.42757780170126	0.9239855970409016
-152.43998207536907	22.327991419070802
-97.87996003890098	6.883004601657616
-17.42124915133513	-2.6102723167583894
-56.53265678977652	25.057474045862733
-211.68929537055067	-0.14429282551191577
20.031202998186327	-21.340184835986555
23.097962414167856	-4.559090911015053
-5.7259072754503695	37.29126570679622
-233.44656579065702	-0.1916210394931445
-19.98594270159633	-4.205455948898954
101.93475910412725	-15.500001661760608
150.00541500499628	-1.702448683644017
-95.93417568063083	3.0294169314771504
-73.73089889599854	1.542372429767149
-56.33318873199953	1.6250668788334308
-6.480939784201984	-4.526229242827064
-87.85878563037797	-1.198913318408247
-24.98655925804575	-7.953945825683869
139.45019883659378	-1.8489140391780723
83.96797402335653	0.11852607921079698
39.43767283036847	0.12556305183016972
-229.60329646987813	-2.3829606498735423
-22.08628249987963	1.2362440854363816
243.88507381160875	26.245176828370763
-89.36335575271032	-1.395173981693746
84.07269572989746	9.232954371796506
35.68513657290579	-0.8283494838451546
79.95624769925541	-0.9264753429941184
71.13001975878973	7.366361490849107
28.183724992469298	-4.810205200751025
-106.07010424350862	-2.316823835146967
57.211281618571164	2.0409938410455415
-58.19046902199389	0.22725642660009393
-244.22292929145314	-8.448896195918486
125.1148411977775	-0.889644739224314
-27.29813032575406	-0.4086350500665421
27.16135683578878	-1.1914598897573978
34.35855868429318	2.3338026311061224
-145.18077445533055	1.711370436226127
-19.932657407473496	-0.24739899859335598
170.83380974975393	3.869859210803848
-11.873709805829987	-4.297828412805899
-0.08906320720834662	-3.350328141764321
108.15755744069698	1.2177663832493817
-57.869870861806234	-1.3587074854300176
-195.735006845772	-0.6834005874632626
-65.59869451338562	-19.601219362350577
84.81925580880846	2.0821708566130894
121.92403890163389	1.3192418823281422
72.38566678634875	2.33857928519584
304.9538853775562	-1.0308351097681832
38.174628864193394	2.178842167142421
-82.04639245095575	-0.5863897894310305
64.50848336164327	0.05722195310196974
17.090691672163977	-2.1936865991029117
202.08986874580182	-15.353459156709135
-41.89079512158003	-2.8470115907092994
-71.30023590606322	-0.010007313049938274
-237.4241505737486	-0.7704488123649677
-144.2998154644728	-1.778131061987169
108.67292975128646	2.220544353581768
-31.317629734095387	-120.35977216362146
184.0084233376931	-13.26070293107584
138.00745416950681	-2.7352880832832147
116.49000560957035	1.607761268298165
121.19759785450901	-0.46056392537673313
216.40723454599646	-2.5631238734927186
-53.06420696775432	-3.2601174794032715
39.83020914605578	1.5789674283443176
23.27386484426297	2.6726508796385033
196.79173057349092	2.4817987602424547
73.50523550167071	-0.11384310831769182
107.62293414544574	4.225079043332245
-138.43075704807575	6.5842000304390975
-105.74858218280481	-2.98264479160169
-135.86663837861025	-0.5376800785558339
-6.218375340610569	3.1416168239017304
-170.87915751905524	-53.1779960019834
200.6772185234218	-34.24793326995574
-114.2970411986706	1.641188108227119
-23.425056294801983	-0.37862718746643464
27.502496927764494	0.7894437169946577
-127.986148160353	-2.841482782734565
64.05381591414861	-0.24248463163465866
-59.11565852003975	-25.635971541250917
-47.06705929147407	0.20348661489235126
115.22754663500207	0.5092168576499083
62.287068230150005	-0.4684915903845675
100.18841365759366	1.721106602722417
73.25952355670877	0.35830809495180477
35.021210982308766	-0.3833563417925128
-88.92610747970177	-0.8758537599241788
201.92415724243259	13.792005359285241
86.21836284163979	-1.6288449036920651
27.472263375556267	-3.675430895629565
79.94194589091381	0.17145672830530215
-6.409271074039724	-4.107389732920638
144.38994916275564	-0.2528617438723874
-215.49761387343017	94.9815095383768
16.636275312140125	-0.4974140737274042
-32.54684852655553	1.2147455053172977
-43.00308382763801	16.500975050958935
163.34774329869583	-1.143775471765914
130.11163265630373	23.030472956963603
89.27631630978988	1.5054492140128808
25.275905330063463	0.8550733084746029
51.55951297144151	1.5301664107817916
-167.06812531520578	-3.6738351196286767
113.70055895991383	5.200913352349409
88.18180495091212	0.46172554100611085
7.128294264011662	-6.5035534552166325
-117.34148026691561	16.134973006602145
19.65720368003294	0.8551442127691652
164.50973611336104	-0.9222481159563332
45.79158644565863	1.4453263111852341
-22.11724132998942	-1.2550114837106656
115.70305707016182	0.20000342378892194
33.101160331777535	-1.7007982411305254
49.973215582077756	-0.36929709865092786
-49.71826502693608	-0.7288998757784901
75.15387751999016	-1.660771350794422
-16.20463814969625	-10.02322998671517
124.70488766453437	0.1878537954168098
-21.6056262344913	138.50536076647907
212.5094084324146	-2.7624402802581423
21.355109907558244	-2.19861990510325
110.65171116465338	1.3915083695392383
-199.65897049613795	-0.9041306710352518
-168.80812686377635	-2.3604509489199286
63.60730167631292	2.2046026227288773
80.21491661897639	-1.9094636299065644
85.85477265307551	-1.0997381226038925
47.71612715535603	-1.5784240179206717
54.58929510230654	1.0868206232143356
327.0951491635082	0.5435055681867581
32.63877837150179	0.1973901835485799
9.368916047021372	4.503837633888883
-24.028457721128575	-22.71489719983916
-143.0613171518548	-1.4421310398758589
-51.167434462171585	-0.8264051091723723
53.450482376536876	-4.6720282317681425
-27.69904487614163	-1.598018981442426
-74.53747722409834	-1.5952795200075844
218.3909504200132	0.6639798179634767
20.636019903039248	-3.083509836940026
7.41678560398524	8.80679035164672
-18.93560535520459	2.336103013174665
108.73370897950603	0.3487548269751915
10.887522188310953	-0.3496049442209501
70.99009887953412	1.6181143535890083
-117.76742754736752	-2.8658137134821966
-150.9646133030007	-0.7486947769233797
-10.699163091697967	-0.9609641707163691
10.663276194117659	-2.8234758425269866
-223.42482961715794	-0.2840699651539651
-129.94161562836848	-9.283987924555749
245.6471994204342	4.742521257219458
102.46713420137628	1.8169813252190627
-24.54978340100103	-0.42801412284750484
108.61944954025758	2.2537810719145805
96.60992689780004	3.885338926033301
116.28768468467143	-1.5303135558880547
38.422447820438734	-5.008303480583272
-0.7655635958822706	1.9848087651739073
-160.9612598809934	-0.2855338557808936
133.58526009663694	-4.126011802711334
73.52243960313137	-3.374358094958321
-153.56235452325322	3.355873036848608
-61.91991125417879	10.539580876686236
102.0774068123255	2.026970944037815
160.7626306426604	7.281111511074194
48.52194995805899	0.7816517695842172
-153.85041698654703	0.5813381483444598
101.82359423948108	-2.2543107298208866
16.951661642764776	-5.188230493264139
-78.62386292953187	-2.388238433488741
125.38531724909143	1.434155589877821
79.42493877617801	-1.348170119110124
52.096313694142026	-1.8593624555154076
-40.98597428385563	-4.043262383053685
-104.74492770195992	-6.718021589911632
-5.617426203200296	0.7786432132216065
-129.7568683667558	1.9580902213741669
-79.4810502810949	16.443029465778565
-111.54577379826024	-132.86078052121562
-52.96126870672294	0.11196646007634285
16.130550708433432	0.6340719024360295
-58.01224463066081	1.2578585808060423
-59.97824647455186	-4.758125892159795
-10.522436888384881	1.0549364527428038
-134.5485044565045	-0.3592520532149423
92.52134686081851	-0.8550237341097672
-82.46488200249507	3.1266287092108143
-198.05611887349323	-3.5205033557237253
113.86566313484965	-3.4808494058415143
-48.15205793575647	1.9252838820975358
91.36674624887827	-0.2558093530858301
-70.64167549056914	-11.981549418679087
72.54181811743396	4.2400661591629465
62.446296489032434	0.9329181856382224
115.15266085798021	-2.774663802996787
44.380689978230784	-1.7012778249803262
-196.4646173901504	-0.4040865178128702
-60.08008454616361	-0.23750415098171493
-53.4639500168584	9.45271903538747
107.01612702130944	0.7171264593749508
31.14055056024346	-2.9438408625734036
-26.467140457749807	0.6377147396563142
-7.082528907487892	0.3912408145710923
0.6889429364265767	10.677985355709154
-104.24049403641223	-3.3521511854877564
110.9063939346738	1.1304693873471992
-0.37284484290732606	-15.20836601134438
96.53562620982316	-6.337791693696165
-19.86348349751909	-2.995973190205561
227.14769386671472	-0.46724759998809484
-40.01000834811377	3.6627452060990615
-51.270585087607074	3.790591067373639
14.203836023811917	2.53711479855644
-77.31398236979564	-0.2633143438192653
112.98927119347732	-16.20435902060808
1.6252520912817365	-0.43112988769211064
120.00267555139891	1.3434644837898317
-147.45240829966468	-4.854004082880613
26.584265462576454	0.1950913104886921
-53.59507457520141	-0.4711723132592739
-81.51640915362786	3.1193900915334507
57.2881431061038	-2.779407000369456
-50.03092559064107	1.0884053587358533
-33.031623529847415	1.0338042304789228
-222.62399732865507	6.682822346873327
-14.105659778447038	0.3248724285574219
89.0621490874267	-1.0661611908664868
-31.96750931297405	0.8106756673411631
30.00531458019275	-7.0629809358526074
58.23008481978344	2.186861073037965
-23.668800930699266	2.1983611132671967
-71.49481136367018	16.53208318328182
14.36575546032912	-44.43126095509869
115.53315410955801	-1.7739271430132182
-168.07328196631755	-24.577699543752953
-218.0221697943121	1.558833714907502
97.288293034574	1.332861878008034
70.78345426020057	-6.140982268635187
39.87518907878089	-7.331765485241888
-78.97052312613313	0.7850383262826652
-97.10623685118604	-4.9261344333586665
13.364523453555458	1.143987721331954
-193.7821351594405	-2.7002755731070267
47.824153538523696	18.812419698323513
-141.25430420505086	-0.24111951479957583
81.64489261289184	8.329426131126528
93.91507543258076	-0.8550459253272256
-99.30327930545556	-38.35818754560223
-75.00574604484768	-0.07972294414133838
-62.87456402602015	1.1606694743685524
89.31693565209714	16.55334869407518
60.95680741020046	0.07801648050510093
62.60832284719004	-1.2023302248263992
-104.2332491856986	-0.14875678242757484
-126.00072704440116	1.6674540770632191
119.89463209560957	-0.7771016556309857
139.79675252225624	1.2517588858794426
-52.14143775303048	1.3703389401399446
185.9741903217695	1.2013895108373638
-62.08194455574754	0.32222300781067076
177.83042019907984	-4.9045057473337925
-214.64257542502835	1.3678525447700565
63.65399680900701	-1.1888099037334863
-40.47541766546681	-0.20564973258911057
17.82444680815074	2.9824944247774714
47.90523938468431	1.0931887636433015
153.4699316612374	-1.8219017127280979
-159.4305153452633	-0.6840042796724427
170.49804602352307	3.384525721037926
-86.4022938046419	-1.3214544710876206
45.33395271312443	-4.859796963008135
-277.05940155566407	-1.777470123926666
60.48614014558864	-1.1932602250317896
13.208103335190785	1.26339494040841
156.1211266538891	-18.227636942126
-206.09284278873025	1.5547243531294355
5.221399712871956	1.4851865718180632
-14.107147408781481	-3.359771502823492
-79.4902497652839	-4.839308929697209
-25.418807127247547	4.461022231552441
137.09844222105778	-3.5937121075714447
-70.94346964493879	-0.5830284672798649
-44.61135014192774	-1.5756490515961858
274.161190910339	3.3232895115089596
-15.798419926209455	0.07576512542661228
38.250495861830295	13.263599468746023
118.34243014630242	-0.7570351676833712
130.16543518049818	1.4917084538910734
-171.44657711387094	0.9859792842639566
-5.037558952637011	11.059243790359186
-52.42170342027418	3.8264694575703184
38.86654933962497	4.980699250139591
-18.88667437303059	-2.5314371773066933
21.63792039032715	1.7139118758992826
-52.90106446942519	-4.946601044285347
95.0200971787242	0.15992783154036877
32.12175146857724	-0.38426573688938703
160.91628247183777	-1.006262461311159
126.29061461558868	-2.863380473762866
90.59101141078952	-5.498934090082356
-40.77959719288644	-2.6107684008234244
-99.12587430451403	4.512760439519086
-77.44787568599605	2.0269066286512762
77.97610701450076	-19.84832975026302
164.8685167179246	0.512934022258125
-59.71798200923297	0.3175526156786859
28.275290536239996	0.3607295464535004
-95.21005129334277	2.643020075849691
187.80256678015027	-0.044107513166985746
-8.091620200179088	-2.0689651160918086
-66.6455207440997	3.0953139185905667
-117.42015193024719	-0.37234813027294555
-38.53478106108436	49.87855760844309
-21.054031267624513	-13.197304710648408
-85.60350687906836	-1.6137085251329042
-42.331681235875514	-4713.035267887187
53.78874910520074	0.2809839269742373
-238.87231913056482	-1.2988172566305665
-54.400798231932946	1.9113332441809237
188.01882299451702	-4.022298057517522
-196.98658943648203	173.93845423721453
16.33781040514782	1.4121193787809814
183.98656382984612	-35.01270898925954
9.984212883182888	-9.712460278027304
17.190861002584743	0.6673453663332924
109.08668909293917	-143.97104296954424
155.53939377343718	-0.43201901452948993
-59.68976021275646	0.3820948428642279
78.67004053361782	-1.5876313282088867
32.73703413106423	0.5202468441017366
-13.131827046297014	4.815824900927233
124.01669781163476	2.7951152989156713
103.47162581901556	-0.13089247442830823
-137.59756429208585	-22.757310428487347
35.21149078179067	1.798488792341003
-30.96886975925483	-1.4903023041717514
-173.01607323919276	5.674461256317945
32.24206797969437	-5.082404407508833
47.45665622583538	-2.1758159812766884
-153.2194914725818	1.3500371838324745
-67.63559423343014	-9.000855781866619
208.75856625131595	-4.689756114175901
139.45374403962637	0.8143040558958097
-135.7012855667644	-13.666669094647308
140.00412524493285	0.19400658282231045
-112.82818425822629	6.627091498260671
-0.9425897231754033	27.83416820281534
-23.8404477245451	2.7029108180979495
3.500902591991017	20.687158506816584
-136.37047464522115	-0.5259863019999663
46.147310618215705	4.315112373763095
6.207024912413698	24.957302042833994
145.20398923751037	0.1062460382201324
-66.65633953339648	1.1813237424084049
55.7003369390305	-2.422191364696718
-212.55188842494942	-0.031182224188459638
-56.14577727607026	1.1989224904745346
-150.18789312851206	14.311393194578633
98.64648302522211	2.9324742019625023
-30.730005488418197	5.981230831285851
-105.38532051894629	-0.06415230999772129
-178.03674517343524	0.17038050719822462
-254.6921804081938	-1.4231997670129952
242.92386551703058	0.890068241047558
-69.57014028976377	1.8958792908594682
-158.20592323741988	0.9670526478618201
35.17553229810705	-1.3762044753295415
79.62068517431187	-1.9773074001967363
55.774347387398066	-2.849705002389058
-62.397760818882375	-1.237889325766764
-259.9891911204575	6.409163631497712
-39.301726495180915	0.7923134244130963
65.71546000533876	-0.29465286776557637
-67.19666732128937	-137.6929704342996
122.78194552685439	-3.188531053293956
-15.301181507743685	1.201535488470245
41.6190072084842	5.6806762715703645
-6.169845328365748	27.169353422288562
-225.4878391667219	-4.233603556749687
45.37027811458751	-3.612134797627838
24.611672404558988	-0.0787802907281543
92.25706307414897	-2.147219636954338
7.133793564538977	1.8133797436383063
-42.79241148129334	19.17596908080261
200.24578923975906	0.8249767051237328
-168.50700874638716	-0.6523044914496513
22.553234236058636	-1.314417304947684
-181.73418648912823	0.004876524426301001
-297.1686852520511	-2.1903663370278954
104.77949575635333	1.472593001897034
94.43880543341741	0.4106784263396087
-125.39553663609819	0.8397789185171869
129.3734346385798	-2.654027540187766
165.0169973583812	-0.1418245601320859
259.67507339661836	2.067549098402576
-117.20560940261892	0.32871467763391515
80.70928068555361	-5.097304846074236
39.19800489148817	-4.319499565001238
-26.62217180613154	-0.779528440700665
-95.9950442688953	-1.3751190565596034
-158.39669729371528	-6.606406819185595
12.759283317993578	-18.81001484160779
83.64119946322512	13.140411272544519
-18.154377461611414	4.111628108413192
61.234124474794775	0.33258237643438726
-164.72883413133903	52.80633240578123
-55.00372986947922	1.5920007980128343
-120.42653487502865	-11.550509084994212
-97.9846468409304	-0.19798006385182945
123.15701799144313	10.325056540484038
37.18662908285776	10.853980909625475
-84.02385958048217	4.67307383933318
142.85951566687086	-1.0892422473306707
25.94033126516153	-3.3046274179279598
111.58920808719492	-1.5466515266500163
63.43449970851305	-2.1769819333419385
-49.00264073141639	-2.5211227477396077
-0.6431239287615695	2.5186677802441713
-145.39274138050033	-1.3946467611095803
-115.61335877316178	2.1608055667964687
101.54401295448403	0.2893300776567444
-119.85418343461774	1.2018523197494526
107.91114582945669	0.5155020866261171
-216.16598369535097	-0.8801692368438377
132.30192596099332	0.37032692897080743
151.10202051820184	2.120123815524702
-203.54494445326088	0.8186467805784655
-36.887466670954495	-0.00240299216094797
26.39935188578826	51.104690445430286
-42.21122088429876	-0.4042200119431896
114.74348086995859	53.28362053511392
21.334192705869548	10.548262870627426
31.725334304424127	-0.6488768078749562
223.27715968829528	1.8042815107768502
-170.93798166790003	0.8203541022540183
-28.066053097672672	6.690679824045379
24.05896870635876	-1.6437836991725414
-27.188534967461152	4.208240544838726
-109.27602468979902	0.053823300591575494
-100.94771392756458	-1.9690634386078452
-200.6340992602694	29.536706770853495
9.997626629876503	-5.012747767990269
-138.0513639830463	3.2627406615827534
188.21328923074714	3.0018359082148143
132.1562295934254	-0.4484773658066968
-8.086878869053955	0.45757043241167883
2.5221340784207653	-0.061164636192121286
-42.96228282856412	24.24310629306818
33.68722094176294	1.610382962012318
128.98395219080115	1.3987883462579596
38.310463204506	1.4059922170587489
-7.814789979056686	5.404886966721034
29.91047204426355	-2.473521433641749
-16.77011980747044	-1.3779783371730714
-211.84788546040102	0.4759504749216548
88.46141336367519	40.423710649109815
-197.3888484078715	-0.9899019422664687
-257.7836773193367	-1.4808442712539227
-47.440000319756486	-0.6313175720553195
11.626790592339308	2.969751228953527
68.4532916052721	-3.1274339933390274
134.19011876645558	-2.357314150014933
-23.93149429791086	-7.677265351969191
-148.7502690263745	3.400394980917698
-29.044239980677965	0.2856853248519059
133.11452798205855	2.851366812886091
-112.6560589758269	2.7376576075696906
64.23331122662994	-20.05992155759821
-189.06059340442948	-5.261970842952275
149.39527683066407	2.250585736581706
-107.68239953228162	5.910358493490138
32.20507171301084	-2.5170573721805614
43.25163291341086	-0.8691728053440231
-84.31923332689183	-2.889160617891374
64.52448620406197	-3.0204502598345218
159.01029475911062	-1.1871614384722546
-45.04480018236885	5.5286434411675245
-72.67930487277052	1.1812729868064729
78.615978345935	-21.0995319197933
-41.309664024526306	-2.293193855079705
-71.7688350970307	0.46161509092642844
9.222148308324153	7.269199170274559
-104.91899177879282	-3.2654180889753888
-93.38384457673496	-3.263024759487017
-166.94439449540712	-0.11764218586063548
154.50809401720295	4.251937664332748
51.370660693710434	-0.48026717303940153
-172.14077231490705	-8.058122152267183
84.98355399043895	-0.7626542524175877
-214.42045039607007	2.2013249068701755
117.13104954321348	-0.9687466765790707
67.98692769942227	-66.5674168691361
-173.81759291053646	-0.2498839223831514
-166.02485246259207	-3.232332763464933
-18.271145492187202	-0.8144343810966816
-62.18455044263825	-5.424669401268863
-91.4866278832175	-0.44206343860651304
-65.49287869463839	0.9658712755941282
234.5012602773914	-3.1063805074491784
161.30872894949633	2.0872927321754697
160.3580628292094	-3.7603230113069213
84.28633649970288	-15.368643214278448
93.1968820765767	-6.7662441266906574
-203.06938805426327	6.578600557097688
83.60943348338047	-129.77505071383695
30.569440738933295	7.089371318869429
39.469375088496996	-1.380984134542166
-159.9910425312025	-2.91971154571382
160.04818749556173	-0.6593836292513043
-8.156380722750196	0.935085717193346
179.54181156846695	0.7004403691044508
115.85017258772112	-0.9842154475020243
41.63788153767116	-10.265882537023488
137.365038316611	-3.3171845729344556
213.58547859090547	47.22824843637923
116.65623279587152	-1.096994939312716
-16.024461502129245	-0.9768936313344543
-199.56361917733764	9.171199113803905
261.54082312364267	-3.0949205632527015
-37.31749036106175	-4.240160550173827
5.88531008483629	5.970923292508899
-52.06013048289142	-4.44802998279036
98.42943476032202	-3.3515609211366892
-204.64882925878283	0.49566327217288664
-81.62911531762798	0.990555961691771
27.95015224062617	-2.426367082329438
25.117370770285333	10.54126545058194
48.80662568267771	-2.0976038396344228
3.3196159995188563	1.4539550780958792
-18.65099483156491	1.7135802636768547
22.642148815418942	-3.865667172079654
-32.92381207880846	6.291578302401254
-28.972691478101012	-1.4076484529020423
151.89800915903848	-8.190109463629858
-20.635928342152358	-1.1639786846512434
-180.6912938738029	-2.9850128367400752
15.900274625591258	-2.0406789620837587
-90.86112702944988	3.5001097231613016
163.61010132921464	1.8581868230288743
196.44143251000438	-3.138357743176807
-267.4181914989021	-3.285017810697431
-143.59346451541222	0.7752575061716657
-7.221485586066881	-1.8917220294741128
-172.19162218650467	-2.906332868001751
-255.6552253459865	2.3300255988677643
-75.20404295155008	-0.9519914728337809
-128.38180715401035	4.4231448951089005
101.65255445241257	4.907949252988889
116.67031206384502	98.08970234189859
85.24614300851857	-180.00093859380246
100.98722712202013	0.24859408968300858
-21.871267377950122	34.85461622829266
-90.50060020104718	3.631359788236658
-46.82852174927961	-2.8058769338754113
11.693103958779652	-1.2646447843305793
-151.0725124576426	-3.3885848541698573
-24.6189248514671	-1.2280768208290371
79.88027568932667	2.2387944165721954
-102.14566335548285	-1.8041079844429242
-354.90193613724796	0.08481630409001746
-52.836693421631	-0.9965700668489378
114.20488295050995	-5.72906449248542
-197.39845406173907	4.336476141707487
47.769527428459156	-3.8547916263923496
-93.8461872396533	-3.1053516119387274
3.08509450230877	7.2867617964783955
-135.3550599430171	112.70777053662967
79.87171461640216	-167.5975393137638
-33.55688989480156	19.48606850135106
-145.35414028633176	3.4353074137371147
-210.34178453239176	2.654155517151057
-84.01753557744841	7.6523304789946245
-78.90011050311142	1.863702036715772
217.30621371857123	1.472243598012346
65.71969779546754	1.7809015309370586
181.4580453347838	2.0708103094725927
143.63971553223104	-1.253827049796076
-79.62089887830369	-0.20383508711944692
-3.7852994007049565	2.7557376701614116
-109.80883527457993	0.4339441970576407
126.41097534499673	0.9679435611913281
-106.90795663085025	-1.396926811018404
-68.91903616532304	-2.4744110641416435
-79.73644315955214	1.7320401517965853
238.02369824402	-0.10595505311011497
144.92777580807117	4.353175993989999
82.27447456859682	-3.960694280921866
-47.114610602748776	2.2193562860191496
-268.8376330645226	1.3225224597483471
84.5169705669435	0.26869211985509633
241.7713930510092	-12.76512456748856
32.98449165249013	0.41179542262372154
81.38212839894376	-2.462292127590234
22.774447561370618	386.32171909841054
145.14743982812948	1.076190407734583
-147.38288776936864	8.49120381362562
5.5865145230956115	-56.16417504234138
-24.881960158387827	-0.6697491216089924
47.60415518481791	-1.6632651779341086
-251.28732216270365	3.243396777213865
-32.678611458202425	2.8654915484485053
68.1374178781828	-3.0958081698326883
7.249339228686979	9.452377953558537
-52.66712746706751	0.5423219307811554
-87.06591674583028	-3.1404183406761192
-59.401252489201404	16.09987154370101
22.37778086960542	-0.8078643830091724
-7.030886019582988	-8.192578914064466
253.01618468017355	-0.29222256786298695
-68.68917939373027	9.039702212218037
209.2633217995424	3.8598775618739767
101.41649867118768	0.5698239076894223
122.6251541925864	2.482189718622904
17.03502733144886	-6.679444737451093
-0.5844854220484093	-0.0834917605459407
-13.876630911481046	0.12719886323890303
153.92800643417738	-2.341104242103398
-176.4131555233073	687.0170797848536
-52.45269791831519	-1.1680464631877512
-223.47336366992644	3.1353467442223484
-30.16497391977406	-2.401583396707391
109.57648241526205	-0.49573931184544623
-86.29892424467998	12.964404737281336
-111.57035475938886	-0.515801642566822
-28.05992332707579	1.580112085931993
12.587819871948929	-3.283205710544207
-33.51731065030231	1.0317389095431726
47.71200490190811	2.1471498015890527
-57.18608848309822	-0.8883152894630171
12.997194442691617	0.8454646241186957
108.76075697395422	0.719361622332798
86.71789702845828	-10.669199833471149
-150.44858908880005	1.6162266077748628
33.10563541887603	0.16308202690432883
-100.53814868797	1.9540976888078938
-88.19047683534757	3.544757950645552
-262.36651715634423	-1.7609696705844426
176.42428857789693	1.089471331795865
90.48246435897592	1.0522917399374208
-11.985021178042384	0.7991427154755504
63.46610285916672	2.57443366392153
-68.17897186094393	62.993262588699835
-203.95467037457567	-6.397571684068174
117.0466948241524	-1.1244955568581203
-37.344111541137224	-3.4099315537580464
208.1279166257558	47.97381880284654
45.4205325679275	-0.12546285226096757
-99.09155891585445	12.2168481361511
-179.0172279829031	-1.3120164120407833
205.68262437960135	-1.4400496612961438
21.2795236666877	-3.5538048745258304
91.54739450532762	-2.1913405385174514
-62.80709289122111	24.416408703084457
-1.8768064929477282	-2.326671628693264
-134.99357699474453	-7.460722039453791
-40.28577244773165	-4.011415436898023
-13.166334670316292	0.8805719557943283
13.099793394068337	3.825467152708836
176.94730526423757	-2.376032334661001
-9.170969480424215	5.45009221611654
170.2976442127622	10.901046545765595
-18.093832882465016	2.0748938359626137
49.66970444281407	1.7638303310444523
-2.2365213997158997	1.4113992945817562
-196.03351616229287	0.5787172579666819
90.62039778067668	-0.7105352331769829
-129.49020723069978	0.9616583115173583
263.28759143248175	1.0371306887551104
-176.03963105986205	-1.333826109413262
-117.52897002505357	-9.92000614086166
-120.16670267521626	-1.310782830312523
-117.2865644032982	-1.1782018048006304
-134.72367895026403	-12.05951366370918
1.3882448269658214	-1.540304136665212
-29.428455259845386	-4.902984022976741
-155.90812133822206	1.5085422353769034
-119.49153952369096	2.967134012020309
182.81619478082033	-7.187715617549412
12.747179192863403	-10.029511353282185
127.11993449673523	-1.85373059240166
81.983860772228	-0.28959935307345164
11.26991728057454	71.59170621928298
-136.1649924613484	-6.2638614705241915
120.09959867960737	1.0203188179591638
144.18895755109932	6.847000127234776
147.01341023587048	-3.7801993552758213
-121.5801156217658	-8.993621975992308
-118.6501547061345	-3.715885494651112
137.27934745055705	4.586663241215746
34.54190049427139	-1.905781620150373
-105.61744131368677	-3.062809824438066
-18.927193420301716	-427.7948113938561
10.414348593684325	-7.967514053021898
46.050374522004304	-5.224598400057397
257.9519869663603	10.335563695403694
223.4299734574435	2.84394430315105
-7.4558000140596405	-0.33428219331550024
59.29784373009263	-0.41355721687749797
-48.64458751396094	-7.047723284712588
90.48078671622557	-3.004927538540874
-75.63107222062801	1.8481201575152626
145.7748150405995	-0.9932371152473295
189.81159917326957	0.0027039975308190438
-11.918033945051077	-1.2828639659008003
115.23793347033765	-0.19656643965621548
45.81784331069455	-0.9090876508154004
-139.89155266024196	-0.9034907257089859
77.58103726313483	-2.527343438953392
152.76995498131754	1.3612112886919405
247.0203745168915	1.6498299799217162
-55.56669312336818	0.19584125848407474
143.7300561646157	1.9292228016242754
-89.6996197897668	0.3783128730895925
57.633462168734034	-3.6049814585969475
-18.529197942525812	2.102208033257257
53.207056785100164	3.462543647075666
-47.82799094501557	2.1413738990757314
-19.131766484815397	-1.1535555748169581
-297.0311632148848	-1.977548165738052
143.20984439414383	1.5925247578042758
-61.60758447936806	-4.542321597467374
109.1975630360731	13.710155396932606
90.70837049583987	2.122591038274274
83.91144108548154	1.1281746903009744
-49.76141284844664	1.879097037643369
24.42386922641281	-2.6266049974082417
-66.72653318095463	-82.90922054138504
-28.384745559516475	-7.801416125673227
86.0557040289428	3.50460915961802
-229.20421400571377	10.808160253522644
-23.103305417279717	-692.9217548954227
221.08317199968613	-5.103669337030737
-6.0860364933723625	2.7421504526222953
128.66524883770455	1.6601869230832305
25.446010746284976	-1.9968430743875114
-53.16921436964907	3.673058732807273
-23.874970249352952	-2.0013087466227812
220.02471211013383	1.0755905274767463
28.964188795098437	2.516446792603113
35.579788994548856	-9.508822439265701
49.056544270261355	-24.598050881677217
207.34435089626467	-26.057272468122225
164.8851255200795	0.4369633260173149
8.621121175763985	-3.6990383067191503
15.279430979449966	1.7633644987267385
-176.21716902489052	-0.05682253224505346
98.77928273316236	5.267689035014774
-73.57603928667545	0.9555016654658611
225.16809904919162	3.1467722054380625
-44.651681361743826	-1.284788204457652
-78.51398335214822	-0.6936845515525661
54.43132561028124	1.5856762284198054
-142.1606388897444	13.193994438306044
126.25719434323534	7.5485568387413995
-5.867621882578726	-2.7738490206688593
147.1240054738518	-4.712783795477474
53.11626998498407	2.298553939619587
27.480888418406067	4.742385417900602
128.64885957347113	-6.155714533403694
-221.42581285070696	1.299858092805988
-236.87150382050535	-0.19887464742678498
170.97228987185147	-1.6146540778293157
-29.822601673016138	-1.66905497545852
122.46688321542281	-4.71953458786153
-392.5103225816512	12.077972672252459
165.34810738433748	4.083729041413791
-141.1865235457836	1.3202116529047516
195.99990417080295	2.210764600133811
62.98825186372143	2.8949649044810877
64.87301090930578	-1.0206581046604077
-178.08575750229903	23.087208632724465
-38.57509968169561	2.523118814150207
-87.84922234154882	-0.7708559479038894
13.555313577135312	3.34583405883973
14.288177894740713	1.6450676817767322
-54.54704072864676	2.7046304677715143
-44.927057640944646	5.14175390809455
-207.49781073270304	-0.3000345572442602
-230.36853728352798	-2.0329092776575393
57.77058072086908	-1.5806568095784872
112.82666651040599	3.99145115385588
167.38107640015514	-2.4062552960329295
-57.636731872460835	-3.0668333941517454
-194.849498568114	1.0146371311242128
105.58549695652081	-0.8922563734425488
43.51465309611225	7.970383224274669
-6.325137090590499	-7.678587605389139
66.83978550773088	-5.608134256474476
120.77169971978473	1.8549093512013801
-33.330347053921095	-0.7093683935788894
10.504350104440256	1.9726130223869298
-128.80786567179302	-0.023675246033136806
88.29642885018335	16.359104156673467
-9.667476096548528	11.610466708007904
64.6046997368211	-2.944465279339313
-8.062076941315002	-6.782469982677258
-48.71196914752554	-6.5169071581530815
208.83590382247783	3.2571268444560397
191.60746569671966	-1.4927527209528682
-50.70886917605727	-2.7327335417161414
-94.32794864152372	-1.3870508364654752
124.3768072620492	3.8511634053373607
-160.26686818592975	2.163827628123084
-95.96795079188674	-0.46251561239221967
-28.580872076409666	-5.521992595554487
-93.94198869158615	1.6924091215543242
52.02055760459668	1.109620754856721
-83.30496555629837	-24.651817350993916
40.86488120639154	-1.6959472204684092
-0.4754363595394175	-4.4570141837998865
-69.89813751453083	-5.634582382240687
50.171755869495165	-1.833136591120474
-92.19509273282284	0.7663653665593736
143.31491602720757	-5.177410722335836
-198.73856558264433	2.457478202540484
-169.86447418806344	-0.6149571580735738
120.52764918073231	2.1160373915120796
5.530475744007327	3.2279493515389186
1.7057446725615102	1071.9742745398307
7.957639200120247	1.82269395619492
89.00287143972537	0.8431946288304619
91.65436367285733	2.548294822305913
-211.43895998618444	-0.7115265783089159
-282.2785161340163	3.8561474433163894
119.07524640215023	1.4664590344192283
-109.31277427980265	0.7524992425616162
-90.51951948577232	1.4674784572807285
-18.972087652635377	5.895466824155468
23.934883257334235	1.8421518547520264
12.28964040460299	0.73424302007098
-10.2097248961732	-2.333408247601112
-79.3389483109311	3.278715066463277
-77.24265750205318	2.8416532479591896
157.773008724104	-1.3268240153499267
31.114603319187832	-0.4221069378497644
162.4925319675115	-0.04088807964558525
27.451969241000977	-1.1471493871004768
-209.31524409335185	-0.46964426342744386
32.793551188560386	8.027187339137798
57.70540920868917	0.1562216362670618
-73.61049863047522	0.10317233716928335
-325.40385337911596	8.049972663408118
-115.47630683943714	1.4006419148041493
138.0805090552507	2.0693127476475364
77.89033334548967	18.38564683742473
234.16879270022304	-1.220774912552016
-33.66237495760714	-0.216467011561146
187.38006795431335	0.654015460529281
219.87152576456776	-1.1900453850490686
-41.93984842229117	-5.902573133082556
67.35047725903271	-0.13099960427042512
-92.70465169884612	1.1003032522024607
-92.32662413085339	0.8421666182736373
36.50133148607612	21.32473795092115
-11.07111784779212	-0.8324539282114645
-148.1898552799884	6.5281410117397085
-148.78360119447763	-34.163596072060145
-17.18788815666539	-0.2629978511404766
-114.70786745176888	-0.6121483791157302
66.14027611127098	-0.6373278409639503
-74.38061192683875	-0.23567616948755493
-63.829963297864225	75.12914433997678
165.62596210647024	-3.6694156297217297
-134.24869549559017	-0.6605032701842545
16.80528084376125	-3.414994613985004
181.2412321348101	-0.8598723670234677
77.93148149659119	-3.8734342865783393
11.377650929421653	0.39430215953786596
46.27215847896368	-1.6310253097636278
23.393516452387242	2.3887762178777563
148.9491625483854	1.4071887901702422
145.85937502323114	-0.6606144537093334
-77.25970045564203	-2.2287530800988455
198.36689883465536	-2.0381492666803944
-91.70547403139213	0.2685548137528193
72.16486688194837	0.1312841502536488
107.79006065787843	-6.897559118086253
32.456560420831394	-4.12039299104063
192.63376279902195	2.2956743773177655
257.4662055793143	3.2851185151755966
-255.17180272083775	0.7332988979818856
-187.9011414461568	-65.77394076135495
-63.61560134497972	-1.4450981152713693
-138.61128133330072	-0.38542828280553976
-104.39029694017057	5.27972192827772
-160.45858728875365	-2.7228141789396405
43.32265757615702	-7.355875572403464
-83.76767580348245	-0.22073456211578332
-67.31487506724524	-5.907615688161634
-27.337141500513944	-3.725048157270897
-107.25981848662322	-5.7028349199972945
1.4557982475365794	-1.8373649724237822
-110.8855388377958	-2.232975213567596
147.68734542132214	37.86045126551493
-101.97507530228515	1.6499958627629523
-170.6646320314638	0.8672646072563718
-112.94326172809542	1.1816615086132922
-124.888339595497	-2.691634390736495
127.65184750682894	-2.0933524963369474
-97.09834500479718	-5.475937161257279
34.93158495119653	-1.7544934239395629
112.67984180589978	-4.67231279408688
-61.56840614793559	23.072425581364804
107.69575649776635	-1.6508078563696358
159.43004252639128	-8.382948407943204
-131.4179659841488	-2.366241383082301
230.32391009118885	-0.5992885863618226
-7.564028340075791	-17.285321758815307
-11.024088439589336	0.4032879133647038
-21.819529675443654	0.749243629180794
42.22111977237498	-1.2897471690719768
-41.437182763556564	2.5188895996064247
7.186313668532652	4.792211344038206
74.50562821654331	1.259064515841208
136.17538768918212	-0.7269274486342923
-115.82784215210202	0.4721140053327808
-141.80569650173206	16.138398227188677
59.439295002723526	0.1787571036971792
143.60270234820618	1.3482715202269564
-204.100756530752	4.363505443820723
-54.91736021016325	-0.910779742170525
54.89585056303817	0.014148720275212178
-74.14134103594448	0.17648879427908198
-101.63496719957313	3.7613472925166027
-17.24237869046812	-0.663420945547558
215.33150025173381	-18.97058197164192
17.415828636849998	39.51226225606336
325.8748289486894	-23.171410602190214
10.489484655191454	0.6332179954850591
77.29790569849676	-5.558506253074839
-67.78376942576516	2.3772568452697587
-130.8082866686498	-3.8064500402396555
7.478877639309966	-5.642473642517731
-187.10373495696027	-0.3649236273860101
-254.5369267283462	-0.39213573062544355
-36.76336574160325	1.909873621233641
68.20276527036779	3.977109505817764
14.142774674982434	0.11187949309860891
46.06955818150602	-0.6032623115815992
-8.3606453832834	-3.6159429454263994
46.678856957867616	16.561742991363975
94.08803596030468	1.5652362723762623
-75.77262456171701	-5.288699680413611
79.4292595606007	17.529801827346695
-29.08378063016778	-5.8505865930867245
-209.36982952233691	1.6290928411076673
-43.61556491727248	-0.1239095713961899
2.248605479572083	2.8570261438112294
-19.395707787706783	-1.4628349167857366
107.00886394301672	-0.2748577668613289
18.30164244824133	1.0860031112044337
-248.61139431022798	-2.762166023264307
61.09324151222058	8.257122320327095
42.742607177447866	0.27054718624231333
52.52966403860336	6.068358955258422
-113.48522205600734	-2.9717761907509606
29.531042268018574	0.6836573016363634
-232.04296852517444	2.601245919493424
107.57672717434866	1.7065601842327112
8.16146970560199	-4.788659208576658
21.205980480473947	363.68398701544265
59.275444972931595	-0.2528966712807732
107.59045990733408	-0.15043524639914574
-63.16148926398055	-2.937013365715376
6.819459084192433	3.7557234376801785
-12.406529005081405	2.907175376013095
-85.06850095307726	-12.821023911389869
-51.10681525152184	-0.2897678915619401
36.6358374211061	-2.4807982267193425
-99.4454086855711	1.6507967971657516
-50.00354798519704	-1.8169254117768512
179.30842260538503	3.220067062249598
5.070872758026203	-0.2412465606518176
208.0078844575504	1.4165678293137136
-116.91245347074984	3.8798554967084473
-178.71004603309018	-8.121808970360263
-53.19378535045421	-0.9409218931112263
178.3411235947286	-26.633873623377287
100.87596276620715	-2.890419032770485
84.7848025567633	-1.0473098721492804
-197.85104151805325	6.945076769019096
-41.94177427078176	-1.218151122665706
199.28830804690674	-21.497865537816672
26.88158373328958	-3.324157144423095
14.94269053122764	0.5432735673995829
11.929460681280482	0.1963650796384705
-31.44653894886176	15.961114862340304
217.8119800540977	-12.920973924151655
-181.41443136526254	0.42061219859971244
235.69717381544442	0.6636126344502755
120.3445226712541	2.28065057165367
-122.22899814954877	-0.3702083326756877
-65.185579594961	3.581901792450354
-75.158234410805	-0.6786330690651662
125.53575102619794	18.054545392150875
27.68262966088649	10.318068320911213
-16.26092447589248	-0.9316437617124134
-1.2491489066445212	0.6969556095155169
-106.48816301622956	-0.10254538517771852
130.88377066001172	-0.39589343094760643
171.7387841678282	0.8670219607424607
-88.64246732467994	3.968994465086833
-101.66799161160456	0.5173110662232103
164.7055979117144	11.184243238072474
-49.50164977284741	-0.9006970482296867
27.12747119623399	0.07270520545482681
-68.23479758016481	1.7919528078948037
-30.869760586785755	0.7116947825588369
-46.440477885377504	-3.5127202136758346
9.95130123224888	-5.984637101383442
231.41060571473048	0.6224208091730395
111.50426519432978	-0.12498678818893831
-228.51424369445107	6.2643201933103825
47.569288823910014	1.6305074210168384
101.5423844477247	7.814666225390371
-147.8303003300448	34.72802163543287
-178.2131852808601	-3.5616664723131763
19.983556647875094	13.34652024226764
43.67247637155718	0.4337857845354444
-45.388489450026704	5.245262670137672
61.002331028960384	0.1670703680257775
95.40371948138312	-1.6733494535538882
-17.186184546043904	5.691460977341299
40.54722692681019	0.4166667553403571
39.7525958735883	24.901285006482276
78.81728518675602	0.5823707905947176
-200.71812124956855	0.7179279665153045
96.2896080521569	6.176555188123274
105.31481139500438	8.839799511061786
-46.61286730819715	1.3226572133704209
103.88682291376404	2.9656587251665036
-63.37662661935655	-2.3408736571668496
-6.625108515662943	-1.660610533488644
45.64769447148599	3.00985183433598
-43.36907850161242	4.313519297867903
-239.16819873935628	-1.4217491787474246
-28.304680060047943	5.01749824790145
341.30214992088406	-0.008376800804738904
-165.64636523069814	-9.425550753646077
-9.204961607988993	-2.4419161051963627
14.416936109508445	-9.501726725982063
188.15334941660151	0.436224019480943
-197.5172074100591	3.242651871025686
-7.271935821300369	5.506076091817768
141.9560049550321	-0.14848546007185648
-77.72593699796732	1.7087283448692576
68.10160306589441	-0.1396253807676611
43.431404141662696	0.9998030132229787
-64.65129116310418	2.2780970810415613
7.490527394867302	-31.561209442534302
226.22213498637655	-0.018238060719183016
-207.05278951856036	5.960445957796703
83.37128835183947	3.9031221045127253
11.232143738181822	12.400464504552623
-64.5906807711084	1.3952499510195249
-104.99984502756949	3.738450357553612
-6.764189000953407	8.337469046210876
-157.66716476356376	3.9644467036489583
-2.921140577609461	-0.017616484989492948
184.60309889425713	2.9622916189821997
57.70932060630629	-3.120101649056065
24.69284534775168	1.2861204676682838
27.80382308686924	-0.19342159687611823
-174.56653214511394	12.036918491350269
72.67301165668087	-1.7308331963291914
-155.0091098004319	2.095146658801609
174.7440097752771	2.2721427430194105
-15.328473578590364	6.714451360454499
30.410664606547833	0.15325677230504986
-0.9331172959643348	-1.0973216685383906
64.72694261384842	0.6877221590649797
43.418135515555065	-2.79415958837247
32.516055397521434	24.898732109584866
-201.3876362789368	-4.0099555236215485
211.17707575357971	-0.8369637146857966
84.97757265789149	-270.91202704491303
111.31165830891825	-3.6557610638260485
-217.27096042775486	0.28994664119075864
-241.28716323234025	-0.7823151152185476
170.9333287122794	-1.114082096641685
-53.61526462369488	3.7966548983913797
40.15976538833645	-15.252292637618561
-27.217622131066655	-1.8849977347024804
56.07039736265701	2.974593559546543
72.92832951571049	-0.17431972174733373
274.33634890010734	2.7108079100797093
-2.8300502791947393	-4.604849711901211
-243.6748276973405	-2.1429592390306365
-82.45976887377294	-4.716140580778537
-66.3700647227372	-0.6219341992838576
-39.01936249170092	-49.23141745899864
23.08652409219043	-3.0397875419362714
-283.7760945813747	-0.6479109055757991
-305.039943336486	2.5667374644437944
80.24500661629777	-19.30432218861602
164.77075230023593	9.740604267797975
-6.213732511289036	-2.271160924945507
55.26939030889355	2.9000961109322905
194.18896818530425	10.130147757587695
79.457220395495	-1.0390024706828083
100.7378680519554	-1.7758906579950962
-38.67827898271713	5.268906459534927
46.658193835164056	-102.50555405562426
78.9323770366371	4.030783370358679
44.66967516662053	0.3383789525637161
53.20410302975592	-0.7877644417013849
59.94257215730912	-0.692692369690424
370.3077499904729	-1.3859600456457333
37.71082162510722	-6.745824055186235
25.69144257261389	1.4802886128261104
-48.20805664577867	-4.390417667236062
57.37047912752784	1.8911656276792386
27.574559716450853	-3.9892266031383845
-229.4202107744324	7.49041314855752
-152.32807891487187	21.61894578817572
192.64762894788993	-3.3237749542018693
-121.80972566366691	1.272020263345797
141.1830539537413	-0.8515656484205987
58.97972140834954	0.355785709045042
-126.24063459265824	2.5949311541330022
204.26243325031515	1.9788262924613653
-115.8125318573149	2.2182621892318193
-154.27926891018822	3.1330461468460604
74.41693514854063	0.8971916278946204
34.33078315279664	-1.538177197718395
-228.81198948821006	-0.08187554251338951
-56.762492508732585	0.907251603868861
-81.49827990013193	3.8458503535138076
-18.799362830423814	-1.2332537590178798
8.698132202284443	-0.9673064949506263
38.64879458113174	2.1478199789535783
-85.2379308807251	4.068807871615727
-47.213680858948315	-1.8053465253919518
-287.74126885290957	-0.690516802417669
96.8731244754204	10.911165271745485
-115.90012002735898	53.54053624596601
133.26316418556164	-1.152835833030796
-94.87307412229096	-2.9550518924167415
-158.83592205225	-5.645064413488176
204.93474229902324	0.6058671416301503
-104.5903043122164	2.000003808574758
93.44369703800521	1.5242899724006669
-161.13621184025106	0.5123747370756464
-83.19444595740131	2.829578731991165
-232.63612356934132	8.001184662795993
-137.67112945380552	0.4964867874463893
64.38730617286375	-3.473918340997629
-1.4815337387898806	1.7199432020892467
-11.42112904241934	8.010072471852196
-65.67618121821609	0.5726938025536901
49.02302223376007	-1.0822942387642047
144.3316936786759	1.7310404305045823
172.2616173866591	-12.382625575830806
46.284814464412925	1.3494369865637914
81.27644342595731	-16.849470603059302
-187.91711694225398	0.006622560045504485
6.385396911568439	0.14804306913559706
-9.14682270583373	1.2708971984727258
-175.2419046076659	-22.279638310623245
-134.2466226386172	-55.8462048638756
227.9303483409426	-0.9174070595848629
-97.11823023192343	-0.30204891174924936
191.38047937161687	-3.343704982674456
153.53950492530228	-0.457948894495562
-36.78459034701549	-0.8488086125272015
-79.51648272254832	13.175403082822918
-26.13792648819513	-3.252081248465296
127.00083264046492	5.864013319130574
-19.224670195454426	-0.1317332651893865
