x1	x2	x3	x4	x5	response	response+gaussian	response+slash
3.1833909479081512	0.6212855966565325	-4.41296285700184	-4.540633542611329	-1.9053722142416785	3.9846578467425537	81.08528584434335	16.00748633160284
-2.3194689689662096	4.404691791716127	-3.812012455625158	4.594159798099589	1.2291309118501932	19.81586721969249	19.629755658944937	22.434435139558918
0.2969169248897643	-1.73270875975338	0.7865193778419108	4.88610133125303	1.9226302522679877	27.204768710952656	-114.58537221907278	26.462570638880308
-2.0590471858996717	-0.4701649387694644	-3.5552401122459476	-4.361802007106235	-0.572889654592581	11.694643533888959	-91.4977396157799	13.606347421272327
4.746338122139468	-2.7533444186188927	3.895346015660465	-2.767752341471689	4.797162836823226	29.796139226067634	3.465475040482996	28.592876465152557
-2.0988191031361483	4.881988543868893	0.8314213765419831	2.160029899268743	1.1836904465586588	26.09755072100492	-28.32767496149721	30.620993071391858
2.8838138721442084	0.16972436916305345	1.7050362105430095	-1.1077828876546358	-1.6926361782289847	-6.517909859461021	-149.27085668223742	-0.7947396562279012
-0.9566028877302646	-1.7670788921620897	3.2026406833417234	-3.919269283061303	4.835014836874334	23.083109455561925	249.6619242674501	-0.4316735764571824
-2.378181970365877	4.634432090491211	1.2358917220556398	-2.694309815894899	4.922637145970903	34.559392600173574	-67.0258796965939	32.458730223074674
-1.8761403017988574	0.8770820443670777	-3.8117510202411853	-2.9501267796442443	-4.101191163283138	29.303358582052848	-127.52694177934879	30.051347957282434
2.4525096022329294	-2.821144667190697	-2.6662348468635146	0.8591357211161545	-0.7279050514763776	15.57006589035334	-5.00965604181626	26.35597544115564
-1.4094297779642595	4.131377895417263	-3.0112605622912025	-4.448182865551285	-3.5891487102902464	15.402899010249545	100.53840025087827	11.498297147342178
-4.06167701100578	3.9602986838448633	4.915636300991794	3.796012845880611	0.9994625528863752	1.2051893262759457	-33.62657059248269	3.9720687096005727
1.5408934064500333	-1.7511532050376664	2.1391819826164884	0.2860960161884911	-4.33351261616644	20.254411315908115	-129.06734426136796	21.356768875743064
-0.9278795241749211	4.764301306981713	-1.111242267843624	2.125522642299858	-2.806627718459407	47.73500491632409	288.2132399419661	33.6056327857611
1.02724514786824	2.368904036332765	-4.323365517960861	4.294987154953706	-1.8538655269220392	29.53592011815871	108.74726372715284	29.002671373657595
1.4193995029518414	2.122767651080096	-1.673176319298102	0.4364440993298846	0.3028619577720484	81.32439226933707	-48.80940634645188	76.8590176859489
-1.6262650331810988	-2.8991854471951006	0.7925194211171336	1.9685596511860837	0.8515285152802097	32.65873578170639	-44.535059515830945	16.854711069546113
-4.679137551233376	-2.764368742585517	-4.507303679151747	-4.272541164088377	3.4321270286778365	-34.83194466401374	-264.4788518527485	-32.131949689190485
-1.8602869415728316	-0.45643572935660437	-4.572540030578689	1.1366885304206873	3.3494419456664772	154.45050868611074	287.96463814602475	167.57963548078237
-1.057820901411902	4.60167042491452	3.1979629472016295	4.821339109266022	0.07065914229408321	31.92889792151034	-14.195021162605002	33.85043913610005
-4.673343619628605	0.24413483941676528	-0.3529171888516611	4.874742910195	-4.306581065923876	15.88123704633292	56.19221843388649	14.891404611198997
2.6812639160858716	0.3592389556601958	2.513489559023135	-1.8684136398191042	1.539615092126576	28.660214485312697	-205.02276109649435	28.740967938985168
2.2731361328820174	2.3283389907587724	3.829959229048388	-3.8978537303969674	-4.715379776887066	15.664313957925394	108.9501971461566	11.870076959089799
1.7353532010979293	-2.5641566672284988	4.50198640255061	-1.9780554018950536	-2.111398168952804	48.02589543722404	49.1417031161504	52.43965811763974
1.8503697770980612	0.1261201738432245	-4.45893325900721	2.5192905164061425	-3.615731272690698	-22.064564044472455	138.20743614919363	-23.965756297466925
3.625390319818724	-2.1428642010648358	-4.775620031851915	2.7983252297986994	-2.3936822562787485	-78.13264628865078	-16.05567572970382	-75.33600557499565
-4.479028839519606	1.6600733714576696	2.8250161312519753	-1.331867847833971	0.17785289185044828	26.92293114838697	58.456771071589	28.051132290514065
-0.41030010443601306	-2.3474098588256673	-0.6512088480661014	2.5869515502041063	-2.457842455231205	22.402617339929474	146.63644524880394	-10.240498901652249
4.55011598162748	0.7566650151323726	-2.066749997976196	-2.0437792891170004	-1.678203973818071	26.579571179849985	62.798773509979185	26.180027052205677
-4.8100543783797285	-1.5701825007266788	-0.8823420340227379	-4.398897652494344	-3.1162629676405285	-179.6001951200975	-137.24882955446625	-179.5662414543226
-3.813181855632082	-2.0597534558663746	-1.8699400216407804	-1.824831642571053	-4.885353920735343	6.974494429276836	-154.2138179540498	8.379444898550892
-1.3015885472573707	-2.883732433797901	-2.1602328418414607	-0.7678984900703671	1.188355502534244	14.802382748847055	-20.314502832508698	15.819547839906033
4.520013533530127	-1.8722840029352539	-3.833470008879872	-4.5238106494465455	-1.3038952784462685	19.68605984555106	39.05353807099705	12.797259807534285
-2.883489640097532	-1.1386304830419682	-0.6142893898767996	1.1998003709234144	3.396923798687272	37.58323975429869	43.06252014118054	39.537045415209384
-4.45243780267976	-0.8148788232888373	-1.2365003710138267	0.8220765118282882	-2.1111967913115404	33.807371299988965	97.33548271506086	34.0840865521452
3.551112744578793	-0.5393953904431728	2.074798624693398	-0.12338294438886344	-4.179606910777514	23.598875715987525	-202.90515489732843	32.94052727483781
4.895239095740646	1.1463626207168982	-4.470236889200362	-0.217139471825476	0.891277008421647	27.14874332821307	27.92687357894189	25.71017855467979
-3.5299423293428864	1.7434936702590322	-0.17271630251935033	-2.398607423873659	-1.5840361473771338	21.989198807281717	2.1564992205852995	16.868952855589203
3.7376967580571687	-2.880523793396618	-3.7833847596155223	-2.8713234354191375	4.468979316442706	22.940740233154422	-38.49388999188693	21.557979553036894
-0.32540142322444865	3.5291340646718226	-0.7223757522799978	-3.89974841250977	-4.320634472645378	21.797668633294627	-200.3628275870762	23.31110409403945
-2.5141342281413914	-4.80999158729724	1.162401708495329	-3.7734325808765234	-3.4324367903134956	-10.385400291395051	-9.981596569314966	-7.6907561862254505
1.049290133743904	3.396153717294796	-4.2565327013845025	3.3380074669694935	4.367536597449918	26.77112213078093	236.4160126440029	27.812012124279047
3.4282258069380216	-4.172735935130527	-2.169907584399998	4.77782794466105	2.414416297153407	34.49737484167794	12.909730000313413	3.8946203337931884
0.944961012910456	-0.42962054362232305	-3.6566756806073766	-2.4267365865242185	2.511616104267752	32.35401061223237	-11.98236638429897	25.85517830308244
-2.0090427970431533	2.0424705726327064	-2.8625606352249	1.2300917182231395	-0.2627822146737362	11.9065766028314	97.08688757544346	10.264537663459144
-4.1347775778091265	-1.3339458453754194	-3.742938463221569	-2.047582884025	3.0430526933045456	60.02059017950341	-54.87792649521004	61.39939905672307
3.889563180712045	3.7541752309014633	3.0046592832569523	4.3358990139286515	-4.7000176966557685	24.856793932922685	78.27904652273025	25.27578708178599
-3.310081940301118	-3.6807939888324093	-3.987900733003946	4.552639136924839	2.376847566956906	20.351716898530253	-11.39606100191654	19.748040282527654
-1.0112200737234822	3.182751902286821	0.41169213716508946	4.1605273167454	4.656797154291146	15.963258673918657	62.61176366050345	14.1575536861265
0.4898298164889612	4.450179391589117	-1.0793812196681696	1.8032266563584312	0.7977689215719339	13.05692574944806	-117.54071647961811	11.551508003427115
-3.9936382626709666	2.6012351333492827	4.0100439707765325	-0.498861860865353	4.001647611981955	27.21200364656695	-130.68062167117432	-3.5395994014579273
1.8567962023330935	-1.9569923811184866	-0.6636049916165341	2.141402025252165	1.081272229951412	20.124065033341406	-41.54319773892084	16.874770445738914
-1.341241624867032	-1.826386146224154	-4.25154556336774	0.5828368982766907	-4.0690002921155175	17.14841954148951	-95.33176485951887	9.433842230360494
0.1644726685586937	3.020139376207691	3.47259591851879	-4.413209122757409	-1.1643335912219333	28.10841001412904	-12.431895771364221	32.5546671604261
0.8532190699981737	-4.044804844894413	-4.646258117588791	-0.7576853823280763	-4.452952511050629	62.2528257492257	210.92005743442718	72.30308205977758
-1.8592436950083622	0.641174614553389	-4.866187338246142	1.6738611423963343	0.24172354942678176	114.38574866870131	-8.460351031009864	114.44385897425158
1.0130697905642396	-3.7650264759062435	-1.8039127762969933	2.074850557622554	4.857894304338297	1.337669620498989	-56.19702444237298	-0.13679576561069173
0.20819424521075458	-0.48591821024560033	2.1576943783052123	3.420160239147215	3.637770840636735	43.02115956833846	-208.83184878984287	46.39426812293991
0.5437228439611896	-3.6293751848913667	-3.0691563193614257	-3.534617673066837	-0.8481979652805869	27.34350788359735	56.6849597444823	23.69464185010251
-4.850500966314909	4.958543057170521	4.706144959927304	-3.681829382206032	2.480789157123181	-1070.8862229358006	-1169.1277897246923	-1070.917347198863
0.30053561380895744	-3.0124620090142007	4.247114368955366	-0.40990588556697016	0.7426477735136974	14.802948444084315	28.993899391366938	13.190852350970292
1.4788867145007085	-4.683554095569374	1.1466072228046826	-4.160876663617948	1.1169841345153744	11.522891701183461	98.67583400239067	8.284103075705152
0.23131643772640942	2.0502493981819487	-3.5015577155101063	-3.3161829821650834	2.040772057900085	21.60096435572581	-68.24438998994256	9.00142440648335
-1.5751787940560877	3.60829943186107	-0.7447417761747586	3.7785842912209695	-2.690333458524062	22.276767375557814	18.44783287553656	45.47466816632527
-1.807268695865031	-4.185023172011442	1.405910642468342	-4.276021344695808	-0.3333681702777378	105.56279923887963	19.8691279771257	105.71393736642588
4.415703071498408	0.46185030391713955	1.2720278772259954	0.6376725925303584	-1.8296137582842498	16.244485849950316	118.50156516602263	12.711980506323627
4.368977111224334	3.264218605066052	-3.597096909292914	0.5686605822010691	4.694448814380065	20.913958286607894	-6.921808861738761	20.021427380065283
-4.5519623040282955	4.797076594313932	-1.8605616441313688	-1.1666946086396202	-1.125415865616437	34.52562407455449	52.574370472967466	32.66018191652681
-2.62799023300611	0.31833062083105723	-1.4409112991670279	-3.8294797771638365	-3.978950058620411	70.60718815723584	-114.64994483019956	68.01538045996044
0.5289890998030033	3.6779221747372866	-3.458079256311286	0.10999147409040333	-3.049642210024995	19.333696160707625	254.58039920994383	19.87315089841785
-1.3742804043229153	4.20563481402405	-2.0644529636905338	-3.7827945281517295	-3.7358075053648507	4.4356166582212815	-143.23106069820585	3.1105669813969268
1.6254244429814673	2.9047448944149012	-1.6107922512020325	2.3598508797962916	2.9242720632095374	518.7667770367309	603.4291387588166	512.7403120658597
-0.7866097549546636	-3.0757641577513297	-3.728795236645299	2.150901994479919	3.9989919768783118	20.203447760289894	-4.761371152436354	20.20707346700519
3.1043963818699414	-1.7771115538117854	-4.302306497667699	2.953324330953386	0.3887639360731061	-1.0923222875658745	18.898298981932186	2.1608658370944633
1.2114488794490281	-1.9011946577769723	4.202058968045412	0.5046330775240069	-3.9339515517365955	27.799151609293347	60.42452564089035	19.10364078712437
-4.3185232754968474	0.8936630510857171	-0.26049170414456313	1.4783577399188612	3.100102447482918	-59.49572590576173	-250.75801491063953	-57.879537365348895
-3.6129666214809553	0.8589435849188813	-3.0805839229076772	3.6518285390317775	-2.8129053356201252	29.694209163175795	303.47981859420224	27.57160756667759
3.350731296154132	-4.722728943936528	-4.5459509787291505	-2.150141872171295	2.2838306546625917	54.224854154863735	130.37758634740342	53.59859467701248
3.7777044851225163	2.0583292528767974	-1.0367935667318804	3.970819286275729	-3.708616163800811	12.445809212512108	283.55814899457596	12.425447758964781
-2.118079830955825	4.006927214752585	4.835538751733914	-2.5157163857208023	-4.042831472137744	61.28611361317654	81.98696230064286	63.709773492926736
3.40529270776935	-1.5870030352244893	-0.5657570212083183	-2.069231847468085	4.407744615046042	19.36115276388602	-142.2519706940552	16.46367948780887
4.246482759191796	4.315036206639981	3.988939707756863	3.568005406936713	1.5972359973579273	28.37288254060439	93.7580258589113	24.24991772893278
2.5403545627314585	3.4412662523617605	4.539210082953325	0.3449056948107563	4.363606061731238	12.105032710153916	47.09394147219749	6.04659180094818
-4.934950139189579	-2.33758665062103	1.2324259736791943	4.345463713676821	-0.006298118331910629	-2334.932905682765	-2296.049374982156	-2332.2144667526145
-0.6019083041696263	-2.3031762054894767	2.3296003634909717	-1.0731886857432982	-0.9649687406146406	20.440616268107284	109.57221201989839	23.41822464074532
1.9278633188319985	1.608070154734329	-0.2538172658400981	-2.6917491700877205	-1.4906720664743913	21.07253682977546	-90.19556785553874	9.116709115475627
4.811308682254076	1.2412763222197487	-3.4326191974472344	0.023125733474134158	0.7237409478720256	21.90861923164321	86.40590447015634	-6.535149968055979
3.5791153170321603	4.95918052414031	0.3342965354334657	0.7045008473339198	-3.602121666147143	22.591285885886997	-103.0671577036857	21.98426590006676
-2.277354404968004	2.9253926212583963	1.6837837578528658	0.9600228559490986	-2.8575814757604547	109.41986838132469	80.52658779565576	111.1673826697557
3.611588120423022	3.8088662210503124	3.669939193467256	-1.0340152990396758	-0.7567262123867122	28.495909064148947	-5.598665785388093	990.3165191864375
4.729844156740356	4.4427605068726645	-2.8375996401954096	-3.4092274082700325	-0.7563420146119091	25.54244358704944	183.74403833101445	17.720002080091913
4.905109837299074	0.7850646995519952	-1.4937891826603722	2.555985904921335	-1.7848062556224162	80.03996093319807	156.7441660481444	78.74065224307446
-3.6016870729794883	-2.3295333450942204	-2.225896741497142	4.4088009129451375	-2.9626246420455438	-24.92816451490478	15.603301827379134	-22.763703708238463
1.758509764288105	3.4098221225404153	2.6094003199177953	3.9935107260268197	-2.305667158624126	19.876438079484675	-45.524408362556926	20.04501885037855
4.650141832694263	4.184673195796213	0.8508880227665578	-3.1829269376442646	2.9442535305762014	-13.0953638942146	-276.6529742893681	-9.305843346800444
-1.0115393088897298	0.14905872732455894	-2.757194033668063	2.059058597894264	0.19624102474858152	9.815292067574548	126.08868073000265	21.953658058259244
1.804623479960016	4.481887875455984	-4.828617803005529	1.923895452855823	-1.0020348661786347	-20.002393832147	-120.31700998816711	-41.59234133442134
-3.5403879196506938	-3.206433145644673	-2.186338164727818	1.6156878745597245	4.488337380090162	12.399884984377685	103.39220429176228	9.376432714502586
-4.6298402760767745	-1.922183465991938	-0.46333861810215105	-2.5478642273468086	-2.763088323594661	20.255109375079183	-136.95031064844187	26.286944521026417
-2.890235956459234	-1.9406584228209098	2.4903945078548695	0.29933227631453363	3.703852702066868	22.917507561431425	42.736830426373984	19.49567277969724
-4.40970012484665	1.804706324348425	-3.7334505866329093	1.1693840500222938	-0.6513372074843975	24.514648087439067	34.05444927476414	25.593478266615765
1.8637624808447129	3.5672478700431736	-4.819089448327913	-1.711575217442368	-1.7561398658414982	63.02257935896758	-112.35519468282169	63.083677910764955
-0.8220290751128099	3.076069906147259	3.7003680401880175	-3.3819748309420614	-3.489914883842633	2.0736375972437884	-25.98768921087575	6.855877168953733
-0.5061631907139663	-2.972417405129507	-2.0053583551559018	-1.7697723084897135	-0.25978436757518786	70.44708171653804	288.3612692284269	70.75307151822165
1.3133527186306608	4.206867057910067	-2.5699327253903306	4.075040969172171	-2.602566641008721	12.779102356065454	-47.647160284839444	15.078615880481006
-2.1329906429390286	-2.085274656994555	3.2326888725249816	-1.5134863410911779	-0.47457272942652917	26.866699678106116	240.7969872923626	31.38337935422168
4.545225061014239	-2.078855981447293	-2.953075111742259	3.6114053590313446	-2.4511551371323703	17.54014495331228	-11.784950340631529	16.078365470471706
2.788014158063347	-3.8975831953350526	3.883852127113757	0.5022698990902041	-1.601288403499784	18.7937453456201	54.78542725317769	8.481853334818627
2.9670943701291	-1.4174474999029405	0.29595772513467455	3.14117528817029	-2.796629043515905	20.117162078611173	41.84732574643476	13.629001368528249
-4.753897435991956	-1.1958619924007232	0.653139058079617	-3.8329432364536786	-4.749458712686909	20.32479502733545	-56.43075609197108	22.60023072895478
0.21339291226271673	-2.6379038071452077	0.8864734736032212	-1.4769135160485525	-4.99622724861558	13.71689716666464	-110.11541415696948	17.728542606061836
-0.9652523921405631	2.2197450779567243	-0.40172824926317485	1.429921697671432	4.851867286017743	21.321127104212213	39.99145159166517	15.965207765708763
2.2441855184914576	-2.790826671887656	-1.9842975584319578	2.4561535353848516	-1.3460356150124761	8.33792794839539	-73.27943316164468	11.984057569556143
0.9443058745665578	-3.945678505536665	-2.3352235463926685	0.5770040038246718	0.15115416071438226	47.211340043223686	-126.78272140130204	44.44846687969594
-0.6030201030705697	-1.905022907193744	2.669320407924487	2.2302023217897036	-0.08341974191409385	31.00316602960152	135.4917564260516	38.636274348615245
0.8202075849521613	0.6047901370614559	-0.26128806581941166	0.9490443042811822	0.35594775734360873	12.286885728730052	-61.517966385661964	-12.689783707504795
-4.849411064177149	-1.6886126641392982	-2.2566931577398384	4.768470635642032	3.903317028278039	13.850628427928305	-97.9140716632097	10.424759326163219
0.3054629150375696	3.4920686351263015	4.506473387355786	-0.5419161473313512	2.290631386400676	6.183917442992522	45.237781290737395	9.070659722633339
1.8689063372528212	0.67462545943979	0.29260124835828716	-1.970369264934495	2.163354274002792	24.336180630524225	30.288986453208885	17.00966551250439
-3.1002661855086986	-4.029410046088218	2.4331879011304656	1.0840851192634195	1.6843591507632354	21.24194044620218	114.96828216718694	7.286790756071527
1.4035768543885654	-3.876581854288772	-3.9086626176038717	-3.800640250327124	-4.142578753484588	23.10705688458312	77.44292342301249	23.446926971353367
4.702661788383917	-1.2767523052584062	-4.164016170913722	1.1496784829871656	1.6001365246398134	15.380157534193529	-33.7265451451395	17.519430719805335
2.796766343946447	2.5197634313509116	0.05616859516302064	-1.5433325548256693	1.5923470136678217	18.66797073766116	18.09746427221017	28.5292603125722
-1.2173857657306941	0.32989329501677034	2.4081570948548716	0.1726165284643848	3.8961782429938445	23.93588598689835	142.9665542513021	24.316042993471477
1.9326967402154862	-4.65866237783254	3.8387523472696152	-3.0114121826630145	-4.910154384305163	18.20123676680395	-201.52547286427668	23.483672951594542
-3.7792537850570715	1.3943006028953029	1.9984757399071897	4.599956561716249	3.9237508126551486	36.11679410911984	-108.6415700501482	36.309011511698266
2.3646949885961286	4.564190793532813	1.4674754691606848	4.670846391192125	0.6117414463096971	93.59793398855956	-37.760941546683284	93.57844542739281
1.502818131913136	-3.6278288005733828	-4.89866809413367	2.885857436045111	-0.5972463382674844	-23.9435903373304	73.96611900840756	-27.04158813103501
0.7498753730548211	-0.6801341083187271	-0.22513358139981854	0.03520922305864538	0.33096406385767985	21.54215460395809	-52.03420678074085	20.35846480254197
-4.172703471575741	-1.76333584240321	-3.21582399373891	2.867846070628631	-1.850458630195714	21.492096496684503	105.19717148293921	16.43818340257663
-0.5559118226823241	-1.898990023983215	-3.5200168985501135	1.1911964219899165	3.023841309482151	19.764439737118998	134.68952585426746	15.148031356758542
1.1089443087130144	-2.4452646575774395	3.8659315344486593	-1.0626689841553705	0.9144753693557304	15.11038657301237	-78.43211116891479	14.587421288310821
-2.5354065533138592	-2.606370946162717	1.2298038795692374	-1.073293465371857	-4.503879946509724	9.514452184111775	-24.969375159062373	7.874565243201756
-2.1953906709689464	3.6651712700991617	-3.457619422014686	1.3331917067023564	0.6541763334868218	25.23702717199094	-158.34913654682893	24.964358990841774
-4.132563935427006	-1.0765361301384457	4.1968972918404575	-4.273887629757799	0.005646967171840878	-937.503265868763	-867.9180355509704	-944.9735071324453
-2.724204843387681	-2.683287255417388	-0.4083672735835675	2.287823425878102	-2.9685562559711265	10.909333020210829	-89.53472469394877	15.926925951858742
-4.207656065490144	4.290713520768735	0.5703053375948173	3.644070052764752	3.1028837715247874	135.87479326312103	136.27302475260308	134.3062795809771
1.1155847322497863	-0.7574953552629173	-2.6742840685243383	-3.470291067682665	-0.4984223201623452	20.053531203599192	232.9349966034527	31.22972259297258
-4.7869540276517855	2.985098289884646	4.581794304383843	2.368408202423197	4.301799111953134	-16.716188130333563	54.84350907902591	3.761137224988339
1.871614153518859	0.14689995939251865	0.9053615249504512	-4.366673169306817	-3.0140872685606803	31.4069490178042	100.8373527118153	112.14953648487207
1.539341343632782	3.756740174818722	2.7307794394086695	-4.8129748040737	-0.12517225004671584	34.81876205095434	191.12032852465066	38.42584245319867
-2.1606746566093884	3.9252914014771783	-4.8923159237693525	-4.72488725968701	0.6114925199285022	-23.39557474853683	-72.8852139500104	-23.387024614194917
1.4244447560200033	1.4836105730854747	-3.710030008056852	-3.485986238622635	-2.0756188307371968	18.523523916292785	139.37489028815875	18.460998906948852
3.309179292102577	-3.378727348131818	3.515467726822532	2.0036633539385216	-4.648980599933702	27.536714650170367	69.02726158390688	24.747198252735252
0.743717727473749	-0.7794279492422316	-1.2970031711735852	-0.017254052093544026	-4.6609914463392315	22.30995656097623	95.24447748099436	23.01745854296075
-0.16236012334607342	-0.32655684471804225	-0.9518419744302866	-3.4049349879036273	-0.5482430182216325	3.096254979949247	1.2905117140242208	3.896209944324213
-1.933230357337019	3.5168822783953857	4.3691061647564595	1.513162398572586	-3.0549061286496304	-142.125857196769	-241.56025466053995	-145.3825192727981
2.065576949612028	2.973208433632241	-0.7742917687236917	-3.5969954776017454	-1.600542526668348	22.032836612486673	-53.495210655932425	18.766014709838487
4.913212127304924	-3.391833375643195	3.823842975394916	1.1230396103613147	-1.703386259187388	15.896941238737686	-77.89407215171099	17.118122647200035
-2.5984612067095467	3.732860475575709	-0.7243565589112109	0.8223464022598339	4.708413407185951	22.155017425850872	52.670198974116985	25.50254918308024
-1.4365308626233952	1.2663334894700187	3.2751164059758384	0.27581286012399886	-0.6811729070071593	22.296888172569872	217.71720306302385	25.095579981132705
4.874621271433625	3.269231149806016	-1.3291422769555314	-4.410485875803961	1.227386853721347	35.66904939605136	118.96197861253845	34.62202927557949
-4.378383573189533	-1.7510349239950243	-2.320937505463135	-3.7808756816778955	-0.8190081267448681	29.19340346339663	-2.0747814398165865	26.5193285237951
-2.222806636942299	-0.30736355869772414	-1.288246256998009	1.199929795548985	4.850733133149015	37.5458140279277	259.19647397409153	34.98396216413911
1.3601532713395903	-3.9681190961231727	-0.5911996485075077	-0.17156422739535682	-1.9063307162162135	22.004640480819564	43.88607084587982	12.689073408297363
3.777530745936165	-1.1646395576258284	-3.0863406739957124	3.319860277579549	-1.2469813611140879	23.501349225919984	159.91440762703607	18.78621956653635
-4.888983594664925	2.2196081338513576	4.481944508227672	0.9697643733973891	-1.485446036144431	6.642934006420608	23.32013748534485	7.1359216552496205
-2.8162746406150028	4.2714128214079174	3.082494031543371	3.3263937760524165	4.53359299438109	20.43487907666151	-11.603554253900548	12.579696483621408
1.6284461620256216	3.374417414110436	-4.798803131327763	3.1571856375223	2.8409120535883066	198.8537064382787	99.46081540958225	204.36482475400027
1.4616075171254383	-4.786087399665682	-2.306789857277706	1.675355802953411	4.255950027821763	17.50535902328205	108.25571042613068	10.169332620194133
2.9941216828638018	-1.567342407208029	-1.1105923320511843	3.4076695919798308	2.9357992151028354	-19.443495659600337	-87.41361719779076	-17.023606281207847
-2.7894143588461997	-4.296448269907918	4.442584630803152	-3.1456175335701397	-4.632466240392954	5.124293905836776	52.87949769336193	14.263604637167438
2.851210723893245	2.1158773649585	3.6602979371208733	0.5728732381289516	-3.3203758645997574	35.31314495663215	-153.55319178377772	34.94774553081276
-3.8766885532460615	1.6278636912229407	0.3277775049960283	-3.55999694571464	-3.7575334608813957	19.11794495448748	-134.18275869673084	17.684593370814177
1.6607554762890615	1.3033903139831544	2.383970755697171	-3.77929853181341	0.5899812950080152	31.12633790634927	-56.56677731399119	38.686811173910954
-4.679834443267019	2.574307186540161	1.28319955243256	1.9875827020890373	4.7372317429350534	4.90763543799666	122.78758941482825	-3.4643458253957355
-2.578467573337032	-4.996413690935797	-1.7609564445004278	2.296038868011027	4.873881338055401	1.5045722295198836	-222.4395208562599	23.54734908739619
-2.538745482197098	1.68965255941964	3.0504236015282995	-4.083265018739385	-1.8963298708472376	22.120300618557202	120.90168076184992	22.698999225598943
4.564830226720176	-1.0843745189337484	-0.4214044092923084	3.538573977489243	-2.9382983900010053	41.01739492024676	-36.44329444977872	42.19295397374362
-0.41832026600485506	-1.005805117470607	2.6001328873393277	0.5189542287302658	-2.9380049339016203	33.26200442483011	245.93099778955232	35.91242917089775
-4.75864001047169	-1.535260770169835	-2.1057068239848964	4.985823328206253	3.6467565977764487	7.663103125625003	215.889206118199	6.649354836216862
0.3362907749312116	-3.086432612188802	-2.1062869552738595	-1.953338808176298	-4.722567254859778	11.171353889268321	-313.6887408465699	6.942346544300453
2.202906805483103	0.2579349480659756	2.0924199236798477	4.132374948832499	1.47497608277315	10.584517025019805	-135.85026131985413	11.88147029224489
-0.27474952744917847	3.1062708867693907	4.168547350613297	-2.587282376072735	4.167293124825266	34.88536403323415	-82.42714552900546	35.079783877562015
3.2217222145918374	-4.941511172322494	1.27872196147643	-2.4757826334514776	4.583692222991246	34.93894413830861	27.283454585309677	36.22380521183679
4.1300098420131395	-3.5243758921360033	-4.859836038717545	0.23713692730530944	1.4318111057878067	29.562727352305327	121.41773264323926	31.255488424401488
0.2926999162313102	-4.685521889443811	-0.0010987198190406389	-4.906623415604816	-0.1039083554999829	23.0431951515688	-33.33384840151707	23.914776327345248
0.1305095021285405	1.0860509758806272	2.7021031834105234	4.254866768531363	-4.725785387084823	18.069443233136774	-132.333716032088	33.76351512788669
-3.4350483150952282	4.977269430192786	-2.8576289163257798	-4.48232979317986	0.7888846194757395	21.822136126718036	-110.66533298165321	19.889365882959055
3.8895849643548193	-2.38788990492937	-0.18200273485224994	-0.09200096587667161	-1.4432935378260945	22.21176350615397	-114.14503084455617	31.288011174436093
3.419655399626487	-2.429909839350338	-2.7360854858683625	-1.2607595238008673	-0.2531654056926964	38.93769282699765	143.13615647782152	33.70451349605204
-4.54807203988006	-1.9776864008892883	-2.431600310602536	0.28173806446446115	2.5141440111803517	24.46519468989564	23.038126937375434	25.30731031815145
4.750363427938645	2.2556186797964175	0.21783177473976068	-0.3090844089047886	-4.188161058134003	20.758860768401465	-20.787031288905094	139.75438895140985
3.9660726390535075	1.0577354313477176	-1.2528728123358213	1.4313197092271759	-4.2178124295113815	6.9776586008555395	-61.730431078185454	6.590800078389118
-4.758005239999816	4.827149854754273	-1.9301387340791019	0.739867811648014	4.570432631441022	15.20085225921595	216.68007426458246	11.524210731078274
-3.766523488256912	0.35804769752851406	0.2893085023796127	0.14343944707743272	4.838831767928717	22.38537456851997	0.881163129563749	20.681120563178734
1.24835257256069	-2.7860973206364603	3.1228208705915304	0.6232789572554722	-4.722747311510163	24.135457722907553	29.345911734804517	21.778771842073798
-3.9651101933467015	4.996594930361514	4.2282269446412695	-3.13145224950381	-1.7639628829950302	28.911096665327285	67.71856719948264	26.344670421563258
3.229383916148077	2.1321342518380746	-4.537137239923848	-0.7382164194519714	3.1898283766290074	-257.845834398516	-47.871594143962795	-250.96024152202588
0.07810190584545662	1.924320383637518	-0.8260840627494197	0.06869875415101845	1.7214298977090428	21.78476668130398	-12.159811655442336	19.67976268852436
-3.84611198349467	-0.9040101411253154	-4.863838026250422	1.1156073077890944	4.129918820617748	-2.0546334062172846	55.0157965188769	-9.522257016979609
1.1313480040073607	-0.8660879928931386	-0.381902193904776	3.699923804079834	0.3097261587308999	7.556894349149363	139.33687411757373	9.027470192753377
1.8576492989013174	0.07266873392346085	2.3636251300487787	3.2990843289920875	1.0576547828961216	12.46805734306617	93.52621397664072	9.941175796287256
3.7129070248701073	-2.9841431092605997	0.11343070711808156	-4.330030451361113	-1.868049499095533	26.837036578754535	-129.19207592848915	45.147952110435064
-4.841101142313415	1.854059829086772	-1.9120410393609912	-2.1236381716287136	-0.5526626362978231	46.066058512990395	128.14121343073947	43.79064994538934
-0.3592443715198135	-2.3061948860429182	2.7474518570089836	2.5945696250984627	-2.678843693287426	19.627663223087072	-60.69888668781168	21.062503172144964
3.1917357214222157	2.7312631507367344	-2.3514188770227684	3.290618923411529	4.419564146443427	13.571975903459078	101.47014608434817	36.23621295722362
2.628800054937175	-0.5643607805892339	4.811556769694658	-4.737618211597018	3.920998384897848	-43.0989236269705	-47.91073093500142	-43.37873117942646
-3.425935988517592	1.5903727821513156	-1.9479910952033466	-3.82169786398443	-0.12374375484576206	108.47669440251822	-167.64262117672683	116.08772101958228
4.051743660973052	-3.5919269333933346	-4.587379267681816	2.1856676166730633	-4.255847182718782	-10.199030426368111	-135.37848373867922	-6.586871555387141
-2.1386439273411684	2.169817747103374	-3.2635720634068424	-1.3827849365602631	-0.2026908647228174	30.11582538396296	50.5654023021997	32.65376726643833
-2.1262179919712496	-4.023154243463116	4.530470453109444	2.2674066332883536	3.9585168388735053	-12.238750871107072	-52.06492256761683	-13.749341559873633
0.4640278057128855	-3.7150301143649234	-0.9617285131537621	4.662578819450104	-2.0846343501099596	24.862225461212894	-154.75358454054765	43.483887671241405
-3.2868883594526688	3.8832727586202473	1.0105816610444105	-4.206335754207392	4.918833634892216	32.00072390242258	95.25780039783562	29.943717697366985
2.568558890874902	0.4693781842204654	-3.093805651548198	4.629402421328379	2.2452605648396933	17.462168731677473	235.0476895569482	9.675087500825192
4.041919361925769	-3.586027136442751	0.8016819676445035	-0.9681420658439635	0.14968183496784881	-18.77895680895692	46.44792949290331	-19.73075587188826
0.3760867403128598	-2.880092881921057	1.4554732862888287	2.5549452784063664	0.4948929659695569	105.86626495674818	225.82681773862225	109.50157906030574
-1.1713737525903154	2.118119342394338	-2.2129064373881047	-2.9185577994984024	2.463617364410524	9.633372326273252	72.83442849714474	11.378719203518777
2.463696029512672	-3.9375002780256185	2.426492688289846	-3.5247756648637063	-4.1562065592132855	22.83332831358921	24.674810690964865	22.799415340340627
-1.4745482481401595	-0.25901164106807606	4.482698869129969	2.2151265847584414	2.7879609546015818	61.201023513633075	233.61317291205586	59.153919619850065
-1.379096438006525	-4.04522310638177	3.748693645286224	-1.7908109982093223	-3.4051425031850147	1.9721268086704136	-207.45524546397263	1.9739450786410775
-2.5191452007102177	4.390510998042531	2.1306179796455176	-2.271070320274249	1.4787750383661447	27.282196720250223	-102.66451448898152	30.63460705365074
-2.013951431064541	-1.6290177482093107	3.4916173945796594	-1.8206291864703172	-1.034748117127732	23.961996306680444	68.99312064246485	27.34861260711803
-0.31463631906715417	-1.877109755772378	1.0345577539965216	-3.217695741022154	-3.3942450667946398	-11.230017504721836	-152.99995572180148	-12.860922264468437
0.6048183425880085	-4.685096910876764	0.31404646110319057	-3.894228735374361	-2.002739267082384	23.626955260838926	82.88762351949828	26.93149378641546
4.594244983032828	1.2432403528823635	4.870094939499852	0.38061880824286654	0.06307117043103005	-137.9950001150866	-75.99740500580813	-135.78212113435484
-3.9123788055681086	3.5996187838647185	-4.061324884152099	3.1690086059757654	4.982962190530811	23.80506213421193	143.1740271915273	19.91795997153495
0.7461495627640833	-4.181946368557874	2.951920334935468	1.5881220076619122	-3.654079099004224	24.473482948446254	-15.988488811487045	24.548385204831195
2.3168502609006065	-4.377260603572642	2.5523315531160486	-0.790940226255791	0.6835050813085006	23.48824597785962	-47.40143418824009	23.498896947537567
-4.570686111051624	-3.1302745993792014	3.622532443854924	4.347994442401605	2.65918044027035	35.77223104968582	162.84492432332053	36.96879417262277
-4.856601859493875	4.936998942044305	-4.239057342193902	-3.2516819224902926	-3.708968836500625	38.948727629606154	-147.4095085022126	39.37387681415432
-3.066614779400616	0.1822674200114296	-0.10341884612002783	4.546393936082087	-2.2971246810579906	28.106482140207437	109.65611536397527	29.03513353446827
-2.260511083565464	-0.6653560306237383	2.745800576881008	4.924422724065808	-0.13315411706232094	60.102525813912806	38.59282698539307	62.48133635759877
4.443940080689531	-1.1641445234691927	-4.1132387812064755	-0.16012004367322774	-1.6997936060844965	20.749398899731638	5.341017020986563	28.86888801929394
1.2986008857377076	2.3772918804619056	3.536166122171114	1.892897530126846	-4.237568071230287	27.136891640788434	339.5012752407862	26.352102598658096
-4.351885892569581	-4.218621926541228	3.2668640672859723	-0.5480798478216995	2.0698561008448815	20.56790858950656	47.57804999768569	21.06508481605491
-0.31910041156504754	3.139337968098534	2.3269465991879272	-4.203150074179569	1.1907017175243109	22.272505217846515	120.92637409992719	19.456519214301085
3.164402549341288	3.771313797766137	0.7925943781277933	-1.1527732834555193	2.9487697050442776	-10.704455278142497	-109.84383654455209	-6.995379299278153
1.5132701499097356	0.902329163528929	-0.9454663930556748	-2.833176054878156	-4.904853432337484	30.51960901865032	64.04961423325244	28.62480936788499
3.309943311992525	0.6179716029063878	4.679538586988416	-0.34342901340344145	-2.3206758686139284	78.18288509724738	-58.077399695716025	103.74305754070122
-1.682827039872048	-2.5689977643436492	-2.944508847092461	0.5556509022698508	4.2271597131053245	19.507158915145105	-102.54259490203003	18.92261408255996
-1.9220566898831848	0.4235032531616749	2.190022508972513	-2.7751114003646538	1.801772696791498	31.909579777443152	60.19621173532285	29.71245098185735
-4.8632530204228965	0.8511999617407202	-4.340440656338057	-0.4406878809556112	3.8808964823035623	13.679461186099925	-45.67549642646975	17.781198393752014
-2.0988626700377933	-4.48145924999543	-2.8524881679196934	-4.00145967337803	-4.563634406923286	19.76626393459979	-6.04794027511776	19.23193930532984
-3.413226738259172	-3.1108970786342303	1.6295080077843815	-2.8648218915938695	2.076031787665526	98.36074374801866	280.6493197097752	106.74191899881711
-3.50972647826741	-0.7105293032620716	2.1009689767163566	2.9914392352358545	2.678091421531926	-1.0315887112038382	-188.96698081715255	0.5948394179505407
1.4794025598884888	0.9549520023968006	-2.89385301632512	-4.405455108290292	-3.3217368135373304	29.60939144570744	-157.53582240667026	30.780709104276553
3.206891094831347	3.8311029712849205	3.605708040046485	-2.3564814146344415	-4.979645289913619	16.558925148606452	66.27806629534149	17.056678845641446
0.4953522777232866	-2.8213196220961887	-4.671109486750296	-3.1105948635934655	2.5933279125886557	208.70839020363806	34.30053993744792	204.28239178695512
4.78558799750715	4.925986532857095	1.4565135124931388	0.4091046852250324	3.4130808422450443	-29.61559491992613	150.40859204139787	-30.54594839809245
-4.45377175448899	2.726895902453469	-2.906397645152974	1.1873928707943895	-2.118238002127825	17.286400862989062	-99.62556525441846	10.429045256342832
-0.7276558302741911	-1.2507533772276478	-0.13082221970114816	4.818804136663967	-4.331977502310256	19.982022927106915	42.763790009286836	19.471829166987416
-4.632394422026403	0.5289729928217692	-1.5758682587520054	-1.6314112210735843	2.569036997049704	-1387.5347734783531	-1387.4778630127782	-1391.6271311227574
-3.4167150676573534	2.985204587633592	4.505392404186569	-1.9906011066747875	4.552926395446908	45.56239576492878	-225.5150322998752	44.31572257173326
-2.1433393839382795	4.674389222509523	3.047389969961241	4.399382478384631	-4.2492991475208255	21.73488337309177	-145.31739029512335	24.092436147663257
3.684804638927085	-0.19289915908474597	-1.8983799838270734	1.806138534516279	-3.5485327361938115	41.71737656055573	39.34397580770278	41.48821128023269
-3.8761218061255387	-2.7451079687052946	-3.7193417648862406	-0.2608719208789019	-3.972389870831724	21.607570174660623	-6.233138868184454	26.95095905564222
-2.0952625635929456	-0.9669084390411342	4.304966291219621	1.3960667358675218	3.573508875108919	6.476408818326007	-41.571656291556046	4.341079589011292
-2.9027115669060466	-3.8641236919967548	1.201939350980254	-4.506590292307853	-2.4035821728232554	42.82665098355666	259.3988877083772	41.90540498504858
-0.05997683970239365	-1.6192624603787662	2.4291522703806496	-2.9936888178250456	2.8275391790015982	33.02969240432684	193.23628996602122	34.88057304634173
0.7627223980899984	1.1550004627177204	4.348713324704592	1.2031287856132131	1.7405677381167761	29.907745235606395	75.40975989923324	49.076077225404056
2.645095132739331	0.2800837929863622	-0.7062612160027921	-1.6145451922701284	-1.6574019322698588	14.93473900388749	229.1604496408297	14.5357308453172
-3.7611526982875167	3.447341237993019	-0.4221740873888855	-4.507660952569478	-2.176236086040234	24.576010475260777	136.26766044017288	18.98482729911761
2.3642663727771227	4.385034359403919	0.45328534259635234	4.398352095691347	-0.23958530714979975	7.691878500667867	49.87469522579669	12.297278541440413
1.3966459602666443	4.15129302027173	2.551066123520477	2.6120673878607503	3.0191610812557297	17.29797695992397	70.49679858728669	26.31520303563658
4.3892457891226435	4.488188992150155	-4.905095069576354	4.835444081517377	-4.399179189789342	45.60365679867354	79.50343423630169	43.55808409475674
3.6961776111685687	-4.394765783459906	-0.9498398159219654	-2.1842326083545007	-0.7175484122196307	15.239311405536824	281.4864949321352	42.423273441962095
1.8393155532443197	2.7710378789959176	3.098720086797714	-2.7116084611951816	-3.1929289324010357	-50.14323848203371	102.80372200875296	-46.18157618945644
-3.5832107569052463	-0.46978820331305204	1.9655716010632185	-3.1306534097944985	4.896034196690657	7.9916824946087885	128.45935877254084	9.145938666132471
-0.08230673412958645	2.5160231184093345	1.413291692138773	4.367596200305513	4.856003006651473	-8.15044758915057	135.0792308637686	-10.002019154908199
1.1195857030488874	2.61830778991298	0.3710447656632221	-2.49912546663976	-3.7938286067290172	13.430561245434939	-178.9522300932502	10.660276071497465
2.915414281470172	-1.0926157823888594	0.475708237234322	0.878032409102488	-2.794239417628168	21.521268927679557	27.097165522500433	21.400388368447377
0.6532936772924094	3.7009755182228083	0.14688781006768892	-3.3205844719031044	-0.09164848186792085	67.5675066557205	199.3629972931038	61.31835441547585
-4.38273589505723	2.2230324634453202	1.163447658924559	4.103179103135902	-0.732888781324565	3.6501163695970966	-45.50497090051148	826.1611973416742
-1.5216869956261956	-2.67129680913797	-3.262533656242441	-0.9925825583610717	3.90212466301271	25.557988094802354	93.23039141588933	89.09083088226367
0.797578545339805	-3.5296487292807575	3.2433687172487886	4.879348474830071	1.220477122404323	26.595258655427394	-137.9458142703271	26.640558381033177
-2.2483608686328225	3.5064387453830363	3.9414118190556326	0.726527212239966	3.8608705299536705	14.227980202395255	22.16001387449523	15.044845999358971
0.4431825985167146	1.7764212157910855	-2.195468382010355	1.5122547924775507	2.8381736156780875	42.29440200271959	-37.100776509310506	16.827206522019925
-4.768414996788697	0.6330082351217738	-2.712994492164462	-3.336423151703941	-3.6990947730290094	24.76611441431422	283.428116843676	24.02117690056972
-3.846429242501271	0.0706299554705172	-2.6705078059484633	1.1633850233008953	3.7697940301632933	24.86828452782629	-47.55562755650328	25.42317651328015
0.4012371977856777	-0.19666039312779215	0.22176489894225426	-4.545908239695297	-2.824047681791523	11.843102062013411	45.747233036936734	14.971555886939392
-1.926796626314795	-0.21093482223978022	-2.741967250968551	4.516027267647889	-2.450810860568149	25.66085148918201	-45.027107669176175	29.081862675413564
3.5799778600147185	0.7469046720602464	-3.24272952803375	1.4284898502214318	-2.5135825622888017	27.322281146156744	69.06501022385713	26.336393741766322
-3.2827669903319876	-2.4890821516847605	4.793996725706416	4.251304444018221	-2.2936536911456584	85.99995942161264	200.71510142827606	74.34737028743787
-0.46890634583499313	-1.727067061875014	-4.398075459041966	0.2659745247275378	-4.271478391456017	18.47533062007483	1.0774447400367677	20.991218707421304
-3.5488730073239294	-1.8360354317344383	2.7472544680784425	-1.91383788326036	4.920184938362279	21.367155047907595	-243.24422015953093	27.15598175675876
-3.9503979904389306	-0.5675897168954789	0.4609663231857546	3.828959231669362	-2.602217896832423	24.831233381310366	19.20478774839382	24.647932928207727
-2.751237060834745	3.296956582827665	-4.882645221972228	4.342087434371596	-2.9863799832244773	-162.80871082326286	-42.63312329032125	-166.3219141634654
3.128355646124259	-4.770348360681297	-4.108635399171313	-2.8160203272445328	-2.5824976622896023	10.145154576193953	-172.4365546585571	11.742856914509293
-4.963833280664147	1.030547818208988	4.42288008685291	-4.249190226393493	3.9362120982125752	38.72456324617963	176.48807652363922	37.81939048476263
4.983874664298508	1.944612441251703	1.707035160095792	-4.328042364909308	-4.970040137628203	52.08651835765036	0.4070833519706696	50.68261532731507
3.563908850523676	-4.184353110309101	-0.7480645749520836	3.517961346348608	-1.350397811353309	23.822381723623494	136.73009531203598	26.442738177104367
-1.0609100704140841	-0.4354280224999352	4.806329443310023	0.7711542073919286	-2.858731442038389	134.26830141594053	101.75152956694222	136.70692432457312
-1.2437272862197055	-0.2695914699977884	0.7268281790674802	3.6455747205758975	1.255220160963077	21.67059610999206	-66.46947256322419	19.66717574010756
-4.097587906809824	2.855182610415934	0.8393137510276816	2.441194117185667	4.657068903203353	13.409760523482545	-104.69361413531793	4.883976478480491
2.0569471535794737	-4.55260855805527	3.3933594111919945	-4.2215017275113	-2.2077665167565232	24.17416784153159	-139.8493747923562	23.10449382006123
2.976638497974329	1.8921051063958894	-0.7213612337802413	0.4684281460005115	3.3231699306041005	27.728125044200056	-18.531815506375004	31.28603996660006
2.907664663943229	-0.5551785514506777	-4.903000106241654	-1.961309464849296	0.17738388481526002	-77.1268528038226	-158.6671144545989	-75.14315192791321
0.13384250768337047	-3.1271531190976987	1.1676705232953566	4.155145361968064	1.8621582071636915	36.65845197549491	129.04217281202946	40.616117340108254
3.4177017353216943	-0.2041642830558077	0.6105970902538349	0.6265874267866174	-1.1704995640260396	22.708134870235373	-38.48779554080677	23.926974766215114
-2.508573589456696	-1.5375234469779944	-4.412822706476191	-4.6074901931705075	3.674202666199003	-5.0495803327386355	53.8281688512241	-0.7269657493360446
-4.950540549971954	-2.246351724698995	-0.171593237522778	4.61318027561633	1.973603341292999	24.063304608398667	-20.174697988093932	22.79565748058318
4.639102562774667	2.306383839320157	-2.7673949713675903	4.895599514753355	-3.520551470070373	34.074866051307325	78.54276604107429	31.76033604169208
-1.9192500305145277	-4.803316681348119	-3.7823173007551203	-1.935748271595429	3.5873909813864238	14.184593877534404	29.64223741933099	-2.729571161524838
-2.1528937537155723	0.45919348479499167	-3.515501709799188	1.1058341029910457	-3.51658324326775	10.138920767739148	-72.64427996175878	9.588639031683401
-1.6885751040140775	-0.8249859739435328	-1.3184373497750448	-0.7952113269541083	-3.1474711174275516	2175.129883766134	2052.178855226675	2177.580911783126
-1.4859479873815893	4.903609082287749	-4.927201538854176	0.20989564343242328	-1.0601716915313242	17.624787702613716	-35.720303537985544	15.022265513965973
1.3453526097932347	0.7082887435510887	-2.9234379036594262	0.053547391886235474	-0.9981707849669439	22.14376737491274	146.07045445001893	27.90635820052656
-2.398562867701216	-1.0801557288847565	4.500725806715444	-1.1052369509018547	-3.6073393109678795	-9.385631294113505	-9.89654415785324	-19.97475506023426
-4.5354685258628695	2.5573916546602247	1.1669093690072687	-4.827002357912134	2.0896176152889296	6.651165374429137	29.116597845620817	6.893839124077426
-3.705003087212626	1.4501959341503738	2.4561331191243916	-2.853311422090682	4.957651584756828	17.965603055881477	14.250836530042053	20.818660308981517
-1.932461299566568	1.8902380815540027	-4.110276035384147	-0.2424519186727263	-1.2839050090013195	20.81174687445376	22.369388172096233	-1321.3408565423847
-4.9936806014015325	1.7002103940962385	0.679216152974389	0.6801163463230564	0.34078400627265104	28.961512283662152	-58.01202581682964	28.73397202102387
4.598108759741741	0.0805090251253402	4.334441032302044	2.1234438283277024	1.6483533970462645	28.230396662636196	-128.92083211366986	29.7253241045187
-2.112010215910427	-4.274928560596979	-0.611802041391023	3.804204377378312	1.006653545474407	20.61985076747592	149.77763355294766	-37.1603118154752
0.35116054592986057	-3.1578525348066844	-1.0270846837156622	-4.801318665610488	-3.0768722447306143	-20.49282406748756	43.60172830314727	-24.316223925430275
2.1199120689737256	1.6458175588544934	1.1331963326575618	-3.1654859421556667	0.15343581375375237	-38.581665631950486	-63.74939009900285	-38.484130798040354
-4.695936358637015	-2.4312513250531467	2.3605782560499318	4.303581293667298	4.992914951106815	23.018611285986815	97.67184086268125	22.81322267672609
3.702528109093361	4.184522772144906	-4.371669638265162	3.9515947036553474	-0.3949344813796918	47.272219564194906	142.02459769042957	46.572675647608364
-3.2473679991104873	-3.796576771197305	-0.007627221237948234	-1.643548028048405	-1.827501862116283	25.164892009435846	133.4802354746178	22.895104065226096
-0.23521418036147068	4.441687211701389	-3.9901319236920916	-0.10610794347669117	3.1081055596677416	33.504912340762935	75.20218516811937	31.36062939769916
-1.1122517904437492	-4.169517064764187	0.24973768840935584	4.659438985334516	2.723209981646228	29.975691472179676	79.28281166356211	26.968508154359267
1.3925476588949373	-4.914967831835697	2.4217434342327895	-2.4718605996812713	-0.9352263973486474	16.453443405434506	60.590884330994264	13.770317544087288
-1.8355537850876047	2.10574580402022	2.707648409934057	4.1738506102198265	3.824731494522309	21.69145571029818	246.47433083796727	27.62311236143397
-2.33042927410932	0.48019543654964103	-3.291771358192662	4.42594927071451	0.7200755991515102	15.389425340209929	114.86431938941914	9.921530956774971
-2.6932878134886273	1.8090474406690404	-4.444070271742947	2.2698447174203995	3.1573359257565485	910.1972118708512	965.6597884034131	911.8604475592139
-2.5076304245389016	2.6552568013759528	0.197319566270318	-0.3683144080466576	-2.9433660376654105	30.149535263869396	56.77260260890896	31.719381947358855
3.7554674936180543	-1.576449072023982	2.8802471945256283	-3.5484866200826906	4.361044567715437	20.83079050461406	-98.40033973947776	27.494936386637576
-0.7024198043485308	-2.481417197738761	-2.4808718420096962	2.156171883882246	-1.0265329064483284	14.509818007610512	-154.1036309943349	16.431321283131236
3.2827143279523074	-3.534172625134201	1.1801110823114005	-3.334498825613441	-2.9568269534823868	98.43590592943457	301.1620184046564	96.30034420004678
3.1825232751405395	-2.6095484911985634	2.584149371939734	-1.023147053331046	1.1038217341019543	21.135365220981964	192.07661991459364	20.173145163689707
0.12137467184065365	-3.916198173876081	3.189934837397514	-0.8190380050154564	-3.155537818730798	-133.03135119235313	-222.71480618106403	-132.7306108382568
-4.905594629431651	-0.10819713417920074	-2.7591557379179763	1.8524744207936648	0.26257705469285764	12.882447539810919	99.41601027116289	12.39106211581213
-1.660996103795008	3.5131897088585475	3.0119070918787436	2.3938141625090426	-2.800053735370962	12.117653452211131	44.82893497625743	8.132063573734296
-1.5698626498530355	4.568034915056721	-0.23407084048880122	1.7351773451944608	1.9373577869691019	21.600133719752307	-30.248657746016008	25.38539154710034
-1.863467473924545	2.674856622441908	-4.755287861636734	2.5030215338496955	-1.5213409375591578	-78.36628890820224	-70.76751436390737	-77.11212818534288
-3.822511608815047	-4.3969647129267155	4.770728091951357	-4.567617101930086	-1.5877811444277325	-48.603214340009714	36.799880655897724	-44.70094490040897
-3.6159689230275047	-0.6252324231238484	-1.5402893777187465	1.106388242670155	-3.9277569850025875	-137.996716341672	-153.49450067141527	-138.2122719426298
2.8208520807574384	-4.329122577186228	0.920831231722433	-1.8364988263785786	-2.4672805086617187	32.801916414928925	120.02133759412058	32.517872024395245
4.8989493055769415	-4.864741471612447	-0.4229025683519785	2.1747789511582614	0.42376929447781997	16.009694835337513	-99.81473660497132	17.8409631689089
2.8442040839589637	4.733329628921856	0.18323049443514705	-4.7179179105491205	3.3117969567479815	26.07502712346158	-18.662590525520407	24.800207270868906
-2.1056225810718843	0.07286058842846277	-4.248947401538874	-3.5753742122713286	-3.07689085952755	-172.46484848605266	-164.2572472314964	-176.17060024304726
4.533976322917056	1.5552898076043595	-3.7145184220731284	-2.516435953452978	-3.4062873886247913	32.46812871648867	-52.32774958867228	36.69679765080872
2.622876707783428	-2.093218625862654	-2.111504791881483	0.1882051486340428	0.8037957152840391	24.348735842801016	118.8464339648441	21.82275605021558
-1.3090122819278962	1.2934908825723834	-0.6231049735503769	2.864533465395507	0.9263585109315473	16.82016216291941	-134.75269244829448	16.54820252977075
3.7438462012599363	-4.8725103658092515	-0.7144640900009991	-1.1201271006291877	3.6994861963982384	15.421348466337093	393.1176511431937	15.54471818720553
1.1098760359325066	1.9135768287539037	4.235200271416133	1.0948852405673817	0.25954283068058004	51.67199727171529	-70.43907173231383	45.524748541354676
2.3589943576987356	-3.397911783741301	1.7350732031674898	2.0058396032066836	2.1781388625843787	-2.985008937954582	-28.91423217259384	-24.987971685614962
1.614568023094984	-4.114548820641338	-3.992341237344567	-4.6557333475197105	-2.2611159369599942	18.856493087317336	29.112315692924923	22.14771881321276
-1.7177130636523308	1.998901140671495	3.285506152023057	4.328078252110162	0.47239810952446337	27.167748593175205	-45.69796649380403	29.080438174400662
-3.081657244934841	2.8564122047974108	-2.311332583396956	-4.6153287102048965	-0.11670770415918419	96.05766670638067	57.73122835603144	97.03201945397275
-1.9899852148874233	-1.034126548482719	-1.657293122540807	2.763691676770743	-3.3498395981497175	244.1167339907553	-1.9977723783007093	239.2323893865681
-2.4926219520412465	-1.6529791490233237	-0.876922363441814	-4.830667925338483	-3.968407843928936	28.39253440689867	-152.62439790516453	30.378819021546747
-1.6131283143293262	-2.8849113661752037	4.515031105680924	-0.5950577181024901	3.7859274158997795	44.26454770140228	81.9894741366173	47.93453654181759
2.558967414620094	3.2781823488805664	-2.876302120970201	3.14262191276314	-3.1352270423244546	-807.8196709671765	-781.5355463711243	-808.9899017316644
-4.740067426038771	0.6993689217768404	-2.7048057572022453	0.7387858559797245	1.2485822240888833	21.169729790026054	-31.981255117238995	22.457333930575434
1.0627325551933264	-2.076954717794657	-1.3281510960991607	-2.6736999252748217	-2.1699511355383017	4.089839202203997	-88.49899275980502	6.0540761849109215
-1.1098176690360582	1.0981605724325263	4.925647382769871	1.8160537241426455	0.24317184202591946	-61.92816307134369	43.51628065861293	-61.763570806033385
0.8092950242154515	1.0688364173870513	4.531822351877693	-3.104851570979629	-2.282006339456996	49.59045533014694	7.954481771038651	50.623759393181
