-181.4381743090344	0.8880061523516277
-27.11749088327127	-0.9166912263551285
0.6142106629951487	2.324867426540833
102.50438787536368	-1.8777281487283
98.8329922527658	4.180683952890513
152.71695918663173	0.5434936615280661
-214.58360210200172	-2.20065783173291
-168.24183282430562	-12.886871703661395
-36.710534149501136	-2.578383690001135
-16.28342328973226	-3.273809781888599
95.53765381575131	5.616192807568142
264.83860291904693	5.644894096407569
-193.17031720789836	4.677499346382194
-68.91635311923622	4.042471692806972
88.29719843226817	-4.881415217744096
-42.47105627940107	-4.265591334209282
51.01179128335886	-1.7632858313829785
99.91195300204379	0.5563015235989575
-99.02990654607946	3.383973840082736
-255.27496352535263	-3.4001193052674967
-184.7849779742163	-5.272538376299834
33.69600816815117	-10.962329774739727
44.687420259079374	-2.6369749538153484
35.31496096771405	-2.19481210488116
20.311637756334292	7.728406310891617
32.3526073882406	-4.330344820307202
-102.25710812391605	22.76940070420423
38.75858930653408	-3.253669124259597
-66.54027239476885	2.784909770943226
81.50645926231566	1.7931034040180254
-143.21122921330272	2.142255082167929
35.01651725279344	3.3122470082480846
16.015512290259604	10.794050694218999
-8.400015698177835	-3.5069981436917335
-67.36217532771836	2.0128108989900055
-4.252150599310143	-1.3201056593011145
-173.13847014316022	0.2737902919242279
-5.465609555664372	-4.624371603356103
-5.901208364520621	-6.792617953627147
-52.05686764291275	0.07494569818593165
130.72292631689228	-55.71255017036751
-143.7709582346681	1.921238547961004
127.25943707792725	3.1425849569256608
-86.20737671999424	-0.13046575055581808
-26.2704266495871	1.3484558990706272
192.19936063523974	19.509277217668732
260.0633191059633	-0.5551613137598017
16.94799566382054	5.368113982579075
114.1177579582201	-6.844288193914718
97.9478661626122	-655.4278236697197
-82.4706856823902	-0.48848106039174655
-220.68148136787264	4.194169692972648
-53.893413728450646	-0.4109828939148673
50.24273864215161	-152.75891169534168
111.40383725407204	-0.5063814696919232
131.08535771782235	-1.2180031057649365
-130.22361796109752	1.105842943524287
66.40127546921858	-8.532350211902816
58.36853229338306	-2.1002359419706447
226.90833556149056	-4.784622371346814
50.36791077304433	0.0780551474123193
139.6831405105866	-37.409031183746436
103.62390164519209	-6.6298502980027605
-109.40640119598706	-7.0171720774937
88.75108628150183	-0.6309203915219449
59.805203434035434	6.675843142895891
110.8550358181284	-1.4433836840495733
13.098078152883785	0.26272994090740154
9.178651128272225	6.634403817141484
-171.839804516609	1.3029248842987518
26.717851726519076	16.33600935013503
-148.37535193480733	-4.458456435279511
82.23567987426443	-7.630630745223623
31.167951354700563	-3.7346859361484057
62.9973036229975	-4.134371930050112
-49.52785835412397	2.055362287558143
-74.47196329577903	3.542327898875423
-7.616659149578451	5.236920240523815
-106.16495521419135	-0.8572245705937447
-83.0989470508399	-50.135384829641225
84.41589981496898	-4.357609293731606
-6.23692271587009	-80.75610202426853
57.33788931086197	-8.525801122884385
115.91793382322805	-6.563841509545071
-98.92849964675109	-0.6352843601180075
-102.56741602575462	5.138807509614567
-41.81208541239795	1.7775302095060792
-36.347378046183266	0.6061321798290812
113.15879290461939	4.308215518385358
101.10198550877212	59.552079444822276
105.07253496878103	2.637527360403393
9.66424456751519	-2.027387344560181
-38.81524795906525	0.21668354969799072
151.0626784960289	1.4015249723483396
-95.00666050108612	3.024878940799878
-29.762246019733613	0.8715037137584567
-81.0987815634412	-0.44643088949792875
35.33079674712918	2.6957694112940915
-46.538894358648456	0.4270015257009961
-36.35224404497009	-2.0339530735171536
8.57228940421897	-1.3234942469289386
-63.625981435374555	9.828962718967158
-144.7258544288433	0.9073188065801114
-79.82101461619513	1.4058667012289103
-50.96365338729432	31.142431977992285
127.99607655707786	-1.1563078267721285
86.14597557904499	-0.07213715937748519
-159.2945683090026	-0.5689308930396544
-90.57301055963843	-1.3107129465630591
100.17391554693536	12.410514709744753
97.9692905461395	1.719170277000748
224.62886096398626	70.70024745789462
203.48759812437686	-2.5645105155927945
54.840418250828314	6.319002277554038
-54.62717351957224	-1.529523775653074
-150.13314373980398	10.123011471296778
-138.0326981537238	1.7161126170405447
-6.518443393500895	0.9654109904449634
-182.2489510697694	-9.182903910126548
39.59883512449244	2.620535631215841
32.48495716088869	3.114230312683221
82.47485924968747	-4.269936825997753
85.56566114595036	-102.03544934667268
-18.118194338226655	5.526976367247815
122.91656612460187	-3.4328089323188973
18.989967006176805	-56.94157309068173
9.580887436883597	-1.1058647629693348
128.4509286769238	-2.288757015555582
-0.34788655687512887	-47.353755431150795
202.22400196997324	-0.7092215862696072
51.595892058593336	0.42347063171551996
-65.37547923171908	-8.250416053065983
-69.05125052574857	-1.8170141099853059
63.82654298159197	-13.649303353658885
-16.501280450240067	-3.1702559022705588
-31.855949916553865	-1.5183539017013068
63.23296852640416	-11.6647206270171
-211.28019876477507	-1.092219650388816
83.18451010848598	-3.4893026874788933
-10.686627404788931	5.35153659021905
16.795478556183003	-2.564705922396377
-9.288387906206442	-4.2725053606689825
99.02225475988165	5.528734058772963
152.05622727256335	22.712704464240947
-161.7960417853626	2.3748709477029637
-38.265729913218294	0.2601158760468376
-356.21125569083114	-48.474947058623634
55.608728486075755	24.72798393841062
-11.328374899905024	-2.5684083754431635
96.52093756397278	4.7126490763443485
31.094901592408924	26.754369819216098
112.09656561240833	7.962822289924674
179.55281732522943	0.7580955818411517
-139.34037129857154	-23.544752689313356
-34.58803170115824	-105.3789532124401
-32.78814064104449	-18.02085875827804
94.96217149957428	0.6885730637700638
56.02588699855874	0.32747337996771064
2.357288159448355	-2.1375279958200943
99.75989912313695	-0.37955109962605776
28.618810062184007	-1.5567711946304832
-217.83181960197066	2.1005694676120807
60.73559659676907	-1.8183561203211753
-15.574964139253643	-23.234450389081566
82.10051735558596	1.6078337357421941
292.13626109435694	6.468220272118069
15.425733937070307	-7.776744865382798
-66.75464958002068	-3.7316053053574074
-68.96685116021487	-6.863549902121937
51.1104490605975	-4.4615312360437445
33.46911027696247	-1.7502756772160526
-9.571459766773451	2.668173666014793
25.359264824634757	0.23508977896957356
-29.834269870718593	-5.978962564613316
-144.3612794475764	-6.339695589240651
16.715396856059115	2.8973977714624572
133.46065819165997	-1.80434108327724
142.69772482395757	1.7726909422062
11.39835823398217	11.982431804478903
248.76493203233605	1.095976768206291
-142.20027693299681	-14.597216873602775
-41.86423353161417	4.049681014148249
-31.315397766080807	1.5139396843994979
-21.374669063314357	-1.9564934966317227
-165.395960492919	7.495085403637881
60.908890135566466	-1.3278852514627386
-23.69669685082897	-0.020288502346816922
-43.64448468232738	-0.33239260093368345
-72.46862788389049	1.6768439222792462
-224.33993953833388	16.039226033641224
121.13067932723347	-23.875554736852532
122.07425329772532	386.16656835703185
154.56532314351065	-2.0942245389528527
137.31504897098333	24.193741015068785
45.292520960922616	0.10371187595883777
-100.15922961798495	606.6508796774193
116.28808170067647	1.1140498984157512
-120.26399237215617	-5.67979067250282
12.527040390350884	-3.3075366898462026
-94.07914180134595	0.27039706591467244
-9.68425764516381	-0.6421104908856927
97.9908298130408	1.1195506718963077
8.35884551465953	8.707261972890867
-6.271581257704072	-34.12792027741655
-130.23465430263806	-12.882207937872288
-11.869673083060313	3.112117713769152
171.67366481928295	0.4904739329420883
240.64323837612406	0.6873676510458306
73.77446012435419	25.282716534718354
131.86318029197508	-0.7866285077995753
-74.68456226123617	-1.3884507937811912
20.550473005105722	-2.194416325596145
-50.120915479212265	1.4661902260251705
-160.48732526530725	1.4624345297445407
-271.13897456333143	4.56227748859871
3.559962610803223	-2.907126656723655
16.89875386547073	6.458750258792123
23.89911354430673	-5.5871929587207125
-124.47870580544306	7.711799316564066
-51.439330165814084	1.4511024244482937
-88.9553221689305	1.6281951398088157
100.54693440032626	-0.664945195518824
152.42025792712465	3.605388511732736
-238.54544092183852	-2.564915912470325
26.539674071792295	1.6392573363644383
166.98054307025717	1.4718590200917605
40.811107366461016	0.873029932845335
271.00034051662647	9.15982221805067
-91.82666707212107	-1.5387111913888354
-60.04873774257475	4.913668651621497
60.87771366225942	-3.797343689508695
-23.61996115236245	5.57975752714782
74.77878207341527	0.27278014594492134
91.99791945326939	-4.5835519678330465
-5.097989730228025	5.628323540724022
80.91441179352172	-6.30847569019031
32.406729662268496	5.939826038076485
99.05957023355072	0.35007599862439565
167.2567199421992	1.5463353890431766
127.39089461174784	-2.8276465414938134
-29.935843654559584	-3.2221136955889644
75.88885122244636	-47.62421468532624
85.65760970333675	-1.2091628476537808
-280.05661867684336	-76.20648092382025
-93.91877983809411	-8.871047384204795
15.278024640763936	-1.721656695921949
51.93972330493299	0.6042198002366562
-118.21547478209021	-33.36289605640369
161.5472667829177	-1.7908362424678594
106.10247491081645	1.556714278941173
-62.673337113244315	2.8417074164735663
-331.8206102623461	-2.06355004311154
-41.03550853061839	-6.342983129275641
-74.9840292778634	4.989979061785961
-211.25323216434518	-4.212658321776702
14.87214972657245	3.4097408063909507
23.89988747579144	0.8291811410974596
-37.722679812638155	-3.2934978119364327
316.720009014698	4.883385029780585
63.58432109833907	2.915055266330036
13.667720833166369	6.773236386219988
74.73096381897349	-3.3244738433190952
-204.10113321599388	1.8187865141421378
-27.921226617542082	-3.3235587389497097
39.806275456675145	4.501602702104819
113.20990316016616	1.021510964919516
-11.595076039777659	-2.5375777871372867
41.141516877464895	-36.69533456897779
-37.42382265322544	-2.388063434070608
199.39566306559965	3.043259586727499
43.74412894750658	-0.29211381601678665
3.4418805784070408	-3.5564868651355797
-7.887057771953106	3.8482789216381628
-173.3832594309192	-2.619708896550564
202.15577299130322	-1.6595460177660109
-44.46433305000612	0.05931197045571592
31.248163761578994	4.255843384764149
189.48989705650104	0.06612670943713862
-26.521700589796904	-2.346051854740266
35.383468756045914	3.1537516187305914
119.88045369735168	-2.3270089405324708
-18.63486936416578	2.255201787825073
119.71620985006157	-0.4138243979122317
-103.28994239794605	-3.552025405555451
25.534460805906445	-5.803786020892179
-120.30246119125944	-17.388749838502843
10.228505318560753	1.6149483091099577
0.7465106908082474	8.218195494855438
63.201784280197195	-16.756095201390522
-26.52252632496743	0.6525030001598887
-2.312636981157589	-12.891649246846569
200.66005110006137	-0.5595214958768822
24.892352260096487	3.8915537401067892
-7.14054056335586	39.749665810617614
-54.9117811541306	0.6260701776637533
-161.6601845209848	2.943070014676282
145.59040700299994	0.19703061844367445
-16.50428160541673	-1.3278758842707459
196.8054345163763	3.754076452625449
181.17169853010424	-0.19133031998946323
-85.53007713794621	0.2689490091190842
78.28264021853943	3.8083541496689683
-32.67363354465197	6.177125726366682
178.82511560692598	-2.975767607592083
88.93769363484448	0.42976839576292447
-18.24348500110249	-5.041255993719551
-32.682750870396454	2.957683160318845
-81.87396816065007	24.429365010127615
11.97631538271336	62.67845059297475
93.33685067830726	3.3369665847778625
-243.63185098097674	1.2106132823448426
-29.762138653724946	1.2711196269756722
74.97283512002701	0.38369526382180247
-174.50955197506968	-3.3717937544185377
-3.6133995350193726	-3.3665177863253333
-16.543449768905177	-103.94139517198028
13.609450102089632	2.3195051744763338
113.34735475731225	-0.409361823786015
-23.50740412406167	-41.13578685485068
16.211337768773454	-3.8943693633417316
-160.65850460278733	-17.803257228835193
150.36065654434043	0.2114638356257554
48.701530335078566	10.019166113061667
46.8884485830089	-2.769944743213222
87.126662130855	10.07219032239567
254.71273828533123	-6.372631663019884
108.54570294704999	-0.20797694082771337
-197.5043369162303	-3.4316533781678746
56.009570970744285	-0.19604153515926237
-125.10820540443382	-0.5811017765547593
111.78134862994168	-1.1144564114626367
49.133698442890456	103.93242443339935
-28.85349436877819	8.04624048361636
-143.95763270910027	-1.6586974116847768
138.0715186252529	-2.704798359267686
60.07966756226406	-6.321878268240626
-108.6697425755053	-3.3596089172358883
-77.7123919003296	2.943416200849249
139.876204156973	-0.9379520883637487
20.658612721178912	1.2167850694326565
-10.923411816317065	16.550075029382757
85.12197631006707	1.5825854183473158
80.95416717809935	1.2221106476522123
-168.3636172259122	-0.8128640409790987
10.68169363292632	-0.03943974848917623
67.37022879047856	31.523835084047356
39.44733368604563	-1.0895787508265113
119.74196390576289	-1.6570783000362987
-229.66451750192527	2.856287480616452
-11.74399176145949	-13.805720329688372
-29.797733457188478	-0.6535469702837313
86.170016560663	4.518693234579329
-85.05265906750624	6.809570431918552
85.45975608910804	-0.24503017316281706
-3.292525427048463	-0.10975238776294514
68.04462221858653	-1.457499829531092
117.87766202135879	-6.7377709562153365
-146.96810817719353	0.5165604534082979
75.23466718173111	-0.16849639068550318
-78.74786518431671	10.115139609634731
28.99682467981712	-3.8137490263687077
86.73225486069242	0.18162743579537627
-79.73086974848073	-4.788157931636448
120.4582188752421	-2.136736641190246
176.71796488011327	409.8575705453353
54.43358065027763	-0.8955458307966441
76.07720835442956	1.0613249249866252
-75.4495581087841	-2.098251197025578
-69.90618473729468	-0.08118899786409692
54.749178859646086	-4.390383783805759
-77.77509123823032	2.9112451955924605
85.72047178286209	5.596696424925611
52.52870056693167	88.99013709420447
-93.29346753386982	0.2509006391708197
40.52196140020698	5.653802912335483
118.70134106756183	14.40421195283462
39.73969935986215	6.3769962290707385
87.78132771027676	-81.16471406108758
-18.957135230425088	5.556132782188512
65.40106140587679	-0.5334090126554489
-43.61562881475724	-0.9408027779496473
142.82945325059828	0.8004305973389183
271.34921827433055	-1.730004437676769
-41.32845737462919	1716.8365710578785
22.655562511712688	-6.337321138003947
-97.25727700552521	24.64368747319059
34.72192050134734	2.3779513742602667
-47.94624043595169	5.012231925921767
44.651494003327336	-5.332327788117682
68.57489702350071	-18.290923878793397
34.092338861711006	-9.336817361719614
-19.268353978796743	6.742313942203341
-146.9142619225052	5.073899064672659
-118.18419465190331	4.378565623321024
109.86278232893113	2.8905000391883684
39.3873690767492	5.305094658934703
-150.8511768108192	-1.5413082456955982
73.31896505582813	-2.2767128807576937
95.25134251548229	-2.6538142258399127
-53.83414340306298	0.4672728318490697
-54.32835871468155	6.160413107947778
-177.97251256721498	0.6115376517215046
81.21885938084421	-5.035783750670742
-4.952122893552018	-12.06870036565293
59.71495436674145	1.806539787687676
118.50993778153492	-2.6811006270334117
168.5640063681807	-0.6075475386362937
140.85205075172388	1.9022092901593237
77.70556400486076	1.7493292336207455
-32.58461556383966	-4.5393584090471935
43.34986021510896	0.5938801032562661
75.09268071882966	-5.335155590403351
-129.9036434699406	-1.5834672560824345
150.81422709259587	-24.609429474910897
208.7973468504863	19.201034702370396
-213.0920814675948	-0.7653791507367059
-118.53291807732516	-3.0999725210954465
-212.59707315407923	2.312132593668056
-98.98698271662546	-0.13053190960048117
-23.690282887511586	4.470274377346606
-32.93748970063346	0.34172557691061844
-53.2787489796788	-2.2463228875306784
-120.31664003180344	-6.83033612303008
-98.91091536488352	-3.8263201273553635
-64.02714240428895	-7.554083290370155
-96.1588619477726	-2.9274221295165215
17.064385494162373	9.916442770154728
214.18261090684598	6.046656469610251
143.10123030920957	-0.2450315702207304
-106.51607434559709	-5.999764043491332
-92.6847380554136	0.55489555241982
268.8949434840235	2.361664313439996
-217.84944317345622	-5.2908672231870915
-135.3596907314792	0.33368391200577235
18.079076549897998	-2.6956474108864494
-50.13470712477981	4.0032386757819545
70.39464203029824	0.04712100719022245
-8.273909678277873	3.850630990146103
-37.34633499975132	2.0506653466245988
-323.4100978503893	-14.969539844667084
-37.04422566831993	3.4326197917164643
-7.085811460128727	-3.619270480652345
165.71008737175663	4.640866981612149
40.28453513793082	3.515417758669661
-96.39040315931965	12.784311160157554
110.14045405832512	-7.04075773806474
83.90706913537178	-3.2897486192980625
47.65987224749015	1.4187474930178978
60.96872124479265	4.837967577715843
-119.62997450296251	8.311937261553284
-262.6707370561845	-2.080325168777841
34.68264447678588	-9.024728595188964
214.2153530841466	-15.12532451135117
342.4016350519307	0.581827998644166
136.17655682721815	-4.033756341538034
-31.27218956012566	50.03739624550815
-274.75022672569867	5.885597497803866
-142.77083081028604	0.1810827348594338
-91.89737565437181	-10.607066099494705
-57.87094619916358	-1.1677895226529782
237.76727282140277	0.5416329589810006
-25.748358915547364	0.0539357875617159
-20.557347834944483	5.634803320464129
-93.66659645362178	6.5879818880604155
131.4056278108922	1.9822040220282284
199.40842000502786	43.60020648013157
-182.60404821979012	-1.3531590545924042
-22.874756992275323	-4.815531622511468
106.20534485647389	3.927650761410438
63.815160621826834	0.7537594108662716
4.1152644927359265	-1.1244458184414883
-187.09206884245935	-24.251359358638066
-88.48191373831835	-0.014978327124013095
-43.28240723494857	-0.7366790545627705
-137.9190712761504	2.9196126672487646
205.9902086696502	3.675510169548591
80.85450553366536	2.33429471317465
-122.08127660165108	-2.9351161835327453
-13.154886245645244	-8.219277692143976
-4.7251930312339585	1.9367246178797382
19.19762708819455	4.274143589502838
205.74317269007997	-8.187268739194174
35.24786503577094	-1.0868874713714776
173.36869682928614	12.667549931916788
23.88575724369624	1.3912669384053609
-113.32705008853007	-2.829384723393737
-104.83258535080722	-5.036160781578896
-1.5404938500131604	1.918379256799276
-17.26393858240237	18.612234668978278
-1.1060574900285611	2.0293926250258854
-43.47011118009146	5.231107660355725
-215.83096817865373	-2.9965674318590865
-175.02601205483984	2.4415005237652916
134.63646637890366	62.6148555471721
13.411861760607652	1.5063554050772094
86.48560559554879	4.750558726169152
119.41649934609137	3.7263536403504585
45.02216255456195	-5.57109064381422
74.86502394006467	1.0415609841856963
-221.78395656554503	42.24036809757877
-340.98841821369626	-4.921941498519119
47.42336566329348	-5.679488308909936
-138.09856493291093	13.39157757935499
-198.15716676692418	-0.028402893957207017
-51.95970729630496	-2.6267112999427242
-43.64725387011126	0.48954817698008507
-334.01835814588395	0.678094778272809
-116.20397104408134	2.1722455030278898
-4.85618370344698	-2.0573474783232473
-77.87724271729206	-1.272759724473936
-168.7542964073614	4.852682234914187
-301.4551844908201	-2.9207026671496323
76.98525872501327	-0.7110018424308534
-125.45081572159626	-48.50592303079876
-11.627021971576431	-2.3510625451609704
60.42038915570061	3.5803118185799265
-95.1238048326335	-2.8352186815482705
-34.29423561312009	44.28340228348095
101.04724972902008	43.06563961679409
44.99895432070977	15.732598866444997
53.28538611407707	6.178910697714707
6.504980142840196	-16.659160949494478
-5.79959682669205	-2.061739278522584
106.33723719818894	2.442965718685311
190.46058613555164	-3.1752468029709777
18.97113455354621	-11.178714438806471
-53.68237980440103	-5.251840173867642
43.740789468991096	16.948705339217486
129.89967146059055	4.255284843128741
41.788182680891495	-1.8924269056888714
30.61554498782082	0.5361653485173941
-61.9698515536913	-1.075636873223342
-131.88622398287112	45.96740645850218
19.301351327583088	-5.047828134359126
81.85899496870233	-13.48173188015378
-72.22665694272541	-1.0233063260590882
-87.88331603739911	2.0253074284791293
-63.25238494473105	4.846250628158896
88.5858046006093	-2.347050247428357
-165.87293338655056	2.0489953292020404
85.70122174396596	0.3057695256020293
-207.68157568899838	-0.3789997362604322
22.701856229842562	0.19425723450568805
-60.821093391600954	2.4393017772233896
-24.174719349149942	22.213601962056234
-2.8092728751005476	0.6334468556558152
-326.4934833537123	-8.118282013616293
102.53667289993899	1.3446174119461964
114.6952581890657	1.2687657205503062
286.5224976216532	-2.224111357077155
77.53012557467113	0.2474887930969076
36.69651877506549	0.3766570972818509
-9.325325004697621	-28.57452293026669
-149.98212200648237	8.856544333382042
-201.28040210076028	1.7322045460059958
-12.516244615597415	-35.6660380301468
30.292732543055102	-3.30851171128106
-87.43998509692204	-2.1829366118640263
35.260063093150784	-0.007806668635668241
-166.17036696376198	2.828501107110943
21.383671922646695	1.0980026511712648
-187.5686585003028	1.3012442081390398
-109.48925110593434	-0.32790768131162673
-46.95485794681825	-93.45764720860868
-71.14963052895858	4.213356051661237
127.43960716936814	-5.583099175933765
-59.942707745438724	0.7986191788654046
-35.01122172208204	2.187652578662548
-57.88398223908522	-1.2376178101277473
-8.581890081317127	1.4867213925411766
80.82552691443965	-0.693306809305984
34.09790293187996	15.244335835946469
17.585054392417263	-1.995263757947386
-152.9719421990403	-10.961087263162662
7.414126663955422	2.5331093972414607
41.34279801092634	2.696892014315187
32.535419331089386	1.4610737915560676
-173.7352691960869	-2.560873153454396
-40.418996286716734	0.1499569356125963
-218.64961484933326	-3.398321388812979
78.21972435390302	4049.723789119743
6.0325677371547926	-69.9657564658027
-80.20072021554923	10.577106716502104
265.42238802566425	0.43335825037161985
-370.93027916325826	3.0396778097282295
3.603326427164208	-13.722770570945027
-29.504144675767087	-0.9307075962912134
148.03857393250996	4.311243480576692
-97.64226486034829	-3.310439864569509
-216.98334702161404	2.974465222929894
164.31611452043543	-13.793596713787096
105.09348481538484	-1.8071645489496113
-131.5658534305709	1.6924971129705777
-37.198290395113766	-4.305512894146755
16.47203654894273	32.98307477100773
-120.5940552850018	-3.60367932811032
-26.02905814865705	3.090671502975327
-184.90283592002922	-13.888095283858233
-58.35898136939769	-0.1899497572608581
210.10578343187598	-2.7404999596859803
50.39356785784839	-98.47509282845928
150.83082519709436	4.362814939261225
19.960121184447985	-23.65776891322229
-26.336686651355084	-14.762112856076383
-69.91005166643245	-78.83625452756316
-72.01434799794966	-2.2605103783475817
9.2953551980138	-2.3263784992798193
-159.54265303506702	173.66133691640061
-12.747111151410403	0.6136975721415516
-34.28662015193663	-0.7939230822718725
56.32284741813411	2.979164232500558
-79.61027797285533	17.157334738496555
-98.62711349846784	41.916293839979396
85.50298584571954	-3.5990168329795518
46.030892028032916	-2.8015058874493577
-16.741930411361786	180.97512754584582
-63.72489108502091	5.383959105148838
-62.20743352595067	2.349436084245555
124.8484717096346	2.832991637420418
-195.92625638667064	20.665783624914955
-55.17179242666453	3.8216305527182652
14.134895335889404	18.93352748481948
-47.05857031421461	67.65043694568456
149.99348827674956	-19.41135301097654
21.497324518925744	0.8174755187401634
-30.930481756102946	-20.239546244545576
39.640667582746396	2.0666487564555798
105.5884882968405	0.976187399445222
64.63541100376058	-1.8858634480737555
-11.81787623417384	-8.047568159628899
78.82733561758018	3.1516804329841395
57.54355022551688	-0.541097135006016
224.95578962611117	1.9730738808500736
-46.77782250571463	-1.4797619106126885
38.11676360146864	-1.8620236913022787
141.09477642562314	5.858779802190809
22.852713668570445	-0.4472254169576712
-267.3044922418045	2.924936686585045
89.9195510736583	3.0596025871130785
75.34610472251624	2.2845265487267636
-196.62876110316242	-1.020976621614637
206.2857655648116	3.5996882433577246
30.933602034590077	2.215559037012385
98.2103907581755	4.1776702106695485
-75.57170235212828	-2.974274874052595
-147.51548500118776	3.4875157351436017
-236.4144432473186	12.082837223336051
-109.42655622880282	-0.936080246539797
-6.05891011813947	0.3049868324163918
-120.57936733678426	-1.0612468763476042
-103.41944875273784	5.169667889498179
118.97214325855442	-2.5987236615632554
-128.46982068719512	-0.0022801322565175037
-89.19495221924224	-11.38223409174373
-150.36557768822783	-0.8598365354745886
-93.75515332767348	1.8505893833592657
87.11383552285595	5.235650566472175
37.35225408296904	-3.6850795654963893
-214.80782387381117	-1.0056811460602009
-71.91102764066254	14.217458325068527
6.205949983136853	1.6732868988398402
-92.2468961986695	-5.163629774075405
-1.0871495291641233	-2.048992170293858
-43.40099980528777	43.314591285580725
-9.861591094566583	-1.1032800448087228
66.16998393096463	1.5384002401370356
-93.12142585942807	1.8135471807601702
41.26665876098967	9.923739638100267
-52.533703154125845	6.5562908770240345
190.3404528604058	10.41542675615033
11.704817053874178	3.397117687748641
-31.1842244550548	-1.465054623676318
-57.795809088475046	-12.132608536213974
81.50553214511999	-5.320915567349821
-215.51184329709363	-1.3914659079782605
8.827974636951623	0.09177730050179563
231.5604462444442	4.608620571899605
-134.51004749360285	-1.1256361077153192
83.5117396162977	-1.2085981790921214
-149.21175850454247	3.0611919832520478
-117.62376839522358	-34.09747362041733
-81.01760251517649	-10.556699930587527
142.0047212801787	1.9634281886697498
44.12171533918955	-2.94463985152447
87.75243068333641	-6.029511644459103
105.06897033138102	0.6955467892836746
-145.6831101068296	9.188061309062494
40.048894832215225	-3.57931467237835
23.83095308311967	1.1285900800746178
-197.373859031844	1.0345597709088064
-27.200761540120695	1.3925002070333323
163.38157951582693	-1.973377467174845
-111.33110806899195	-4.360980329839183
-75.07113711008098	0.15970650998520236
9.26604652637475	-2.537299249126635
-11.137600941455753	3.2049179531138656
-8.508207024789819	3.077262970973311
-17.870072744390608	-1.0099467292418907
165.2150282439765	1.174973846652602
134.16017626752748	15.649961997851111
-120.3980355698627	6.590293496777776
-100.92321318988279	-3.716303470605574
-104.31179057957681	-1.5597530066437342
93.78747846239395	8.877980620444859
186.9427464826279	-9.64420750063878
-40.0953084118322	20.245118211041163
-45.41876196467207	0.17608101036072552
229.9973368874167	-3.0015882060605827
-106.57069083298374	0.763180883701222
29.200147349391184	-2.830015631905964
23.28126518150294	2.698805113008138
65.23748574417445	-1.0628885158974162
-6.480305917011041	1.297485558550206
71.11492373277366	11.290224072786891
-230.35172468440416	3.8238673689880534
-112.76122654407001	0.4029235047931211
-65.969311025071	-29.146580691545772
130.86281961962453	-2.1015624392867105
-131.494044812478	3.6440193330134525
139.888731172839	-1.0773834772945141
-208.98948592107018	-14.424567774381673
17.308351831724533	-1.6749663039026237
-92.96719691791375	-5.9645406185894325
112.19084199363616	-0.7522003761638123
76.35640311252553	1.6281885058145606
82.13396809061003	5.383221266398863
40.87296860516349	-5.028995365616265
-173.43669254962842	1.1094155728901052
-22.210072653731117	-0.5653895040532142
-46.273439833913606	14.527152625743947
156.87199497516517	1.6500245095662966
38.31603526836631	3.6356279444993715
-108.18887482847771	3.382083252986062
111.35225021735083	1.7844862005596085
-25.68255718542953	-1.2859993306742514
-1.0316692311220468	-12.163706009343757
0.9319373092099006	2.3566063661802383
0.6971357859744267	-5.95323563206109
150.0992893760678	3.7756952676581896
0.014597419803104188	2.761923245127615
94.10616715095536	0.3508848370494563
-4.96730892571637	3.747762720446072
-110.00854474498465	-14.239782071557315
-146.1638292559898	8.67898636595312
24.6397850353873	8.698969398289202
-135.58735584785418	-3.3525335716406115
-21.734760026982112	-4.209329635100765
-34.909820112164034	10.092595576267325
-24.64314767135223	0.4795006415292384
-83.02480637645981	1.0208802160232142
56.24119663956276	-7.512065482965253
109.83391635166424	1.4822843484422483
147.20175635044674	16.372444938035837
-17.812634130456512	-6.169219194852431
-28.754707521212634	-40.2182651923368
36.48798083202617	1.8925174385206431
-27.81470118831236	-8.492970844517082
-94.56027132139448	-5.751995552502238
97.22389081788737	-0.07544211441485199
133.92146019375764	4.354707129643067
13.527441685501088	1.9425219318214793
307.9148477853665	-4.411914965114713
7.250926453829103	-2.4977993549957107
105.19768612649301	-4.062385280307203
12.642137024251378	0.26704697697344926
-158.53372985702057	-1.325078900114716
-114.92752218555583	1.212330332193788
59.61760110797759	-7.896488932241743
-163.66570312505752	-2.062400770786898
-4.727290220127377	-8.323184025834152
-23.184810203457474	3.8011105185272385
-224.96233616889086	16.336817155491854
79.60581188349664	4.953529846239797
-51.599214288339816	5.266281412554708
-146.6627776662792	3.8930501787573695
52.447483491151296	-20.49103271584041
-33.80615326596562	5.925991420313952
67.09294341166412	-0.2759360879480924
-28.028113358461432	-2.3770368090101255
8.371451953419058	2.4339483755522746
109.69250607520766	0.9442090854757086
-78.21465051175109	9.102354269853134
44.86179015082654	-1.0577643180479905
-106.84262809808061	-0.8901852279244176
80.49373679195692	-2.506723400713936
-47.91635167449552	3.554426284245866
-13.909947143054154	-0.9531507851627588
-64.32118567534393	-1.87844914683536
213.29819666208115	-4.338060595021949
-149.740265557238	1.6236372405377015
101.15069846614203	-0.5061187240776317
121.16627270490663	-70.12654342936105
124.41121969986652	1.8894072944589486
115.44074013725127	5.1088386498580505
200.0576650577012	-4.478122663866265
11.34682787269863	-9.211114807266641
71.47502091453708	4.761779124541782
17.013721147770617	-7.703629580103749
109.41635921064473	1.9773148736858501
120.87364904472012	-2.7832197554111855
-25.62230457273873	3.3159490389995274
-39.878480928030285	-7.0105157902573465
-25.87398701316038	1.5279873269608388
44.16849360280088	1.938694138137569
76.54359891057479	2.1162985247723984
32.33056170446666	3.587422711197626
54.236542967035	15.48098251115677
-5.924746440648674	-1.9351164609407179
14.641444908831247	4.9777794601503125
119.34037471516537	-1.5955788811737446
-24.472969763487548	13.012529440945649
208.26937681695222	-10.84160380725237
121.68927473241388	-7.092111748375915
-131.97730644787094	-4.92885145743587
-114.27648270687595	1.8687644302100632
-72.74755537515978	-7.675485342052735
-144.91125882496414	-2.336195456061186
41.633064879877594	-0.9155602088678022
-140.38248765489035	-8.338192394284041
-40.424794536549	2.255759940973688
-23.298033146461457	-0.33631583876816357
88.67082262868911	4.517726257094622
68.00520292238596	-5.826259961963271
-136.76239924754472	-1.472031351404076
-35.43928490191879	10.429265107121898
-232.71965434226635	-0.9293209188938878
-97.99288048039985	3.150890589309896
8.908262448351966	-4.166535124310412
-136.8910851767992	72.25935307029381
41.611285451111634	0.5006329447320386
160.95174450090812	26.75033675211499
-30.825163493375747	-10.366017191437136
-220.07973877359595	-3.3217196298868163
-47.688489249954614	0.717705820569011
43.94218163312841	-1.3960311150909555
90.88321185719954	-1.9053613401740352
52.13502831720968	-6.026242041654025
66.48331426025105	4.324740863673321
-66.85299863012611	-1.9541747379783634
39.411522844939725	-3.51832598588873
-18.060313220203895	-3.8945477480843382
88.36353473798809	-22.79210098577804
37.40378192265036	2.550942317522082
55.15345981711154	-2.977684500077582
167.65442178911596	-2.516902143101724
-41.394328399273164	-4.076545001609798
-38.402301063447894	6.574888441688319
-263.8665418846311	-4.658477744844559
15.11565415491157	4.049110941942416
160.04302405225067	6.056690217232626
136.4588097747135	-3.466303914115863
120.20153657046977	-5.302323998232619
-79.2605346037115	0.46558711932384983
2.987743741294624	-0.40714271777995653
-142.65237634136673	3.9417800020870732
48.44404486480467	5.671688299026571
112.25918453645576	3.542766924604772
282.72141743691753	1.150010886205316
-59.71764211819347	-9.127946452217223
-91.83398626712284	6.612129336212491
-331.36826501373105	-20.645375417981263
-97.43753840693518	2.2853171282439413
-201.40598658252938	-3.199316177177785
-198.88704112776165	-3.014008607125996
14.027963661561124	0.5292475012307034
66.22992247326536	18.815641480599965
115.96848902510884	5.7739036806472
-18.229396316364603	-9.348121005258356
2.061729352629013	-7.306892522122454
274.94519098173436	1.305213978770358
295.0394712550343	-3.5269990379736154
32.41292591310483	-28.648357587674706
-50.801219924342156	-3.456333591171423
56.90918066925598	-20.787492496544512
260.0762990731756	-0.41016444941608826
-19.202731721818747	-3.6277628532759714
73.27047433480246	-0.765798180068197
-19.54461233081686	1.170394399150669
-24.306702576880408	0.6068808252889101
114.40175916529147	-0.30571139943528897
-66.42654842951228	2.6206353025253772
-138.68150685040794	4.126033578840666
-14.401149298049244	3.51110415344419
131.8656287228339	2.3679646699175043
-140.58101957993753	7.734239253349228
236.27701245545603	2.024811821989439
136.72541630762788	-0.3071799570005503
15.736148313072206	-25.265254778982424
108.79465853097396	-0.9721036427217484
21.579301684539526	3.768768778347522
74.90601462838642	15.23967796357093
210.6893706911207	-6.992808631854393
129.6790051989069	5.335720601559655
128.92450353667837	-1.1283500773822612
3.4848730943276354	-7.867908922093315
-86.27595984058424	2.3628590974104027
116.92250366334932	15.27139144067515
173.38478667040332	-2.076429939661571
-87.06728824913294	-6.09994150895033
7.371024518278129	-10.88951634749249
128.89334151681385	-1.8302472791146969
-165.29850618763254	17.357724645588267
-218.8678856837098	-5.691375566295045
-48.06013591373694	560.3198009002834
-26.949357123512552	-2.6078181924011328
-126.33308578080147	-6.789877758907994
194.89133656814468	1237.4672573507876
-69.89543313783922	0.9370722473216542
169.36462461181458	-5.511034695876495
70.02703729896002	-2.8458457462747315
134.20573877969275	-2.528721750776802
79.6578751181707	8.616032223815218
-91.8331796763674	2.7420550192356927
41.56430246102795	-2.855868425067069
62.518593948256296	-1.800021031449446
29.288255938639843	-3.0205695767654435
73.15633927602377	4.370414312990859
-14.995694328686252	-22.119655516850855
17.875140481442624	0.9365772561468804
130.96753881330537	0.9440498705300969
-94.19095581620196	3.5318744443301746
-85.57888237028891	-1.1314561149016356
48.10953615509982	-8.391757584308545
-29.893212435233682	-2.636954288264984
-58.4470209348047	-14.141239427561594
99.03421568635856	105.25067324163167
-107.49740754421536	4.945145518144852
-91.02830039716757	1.762632219317765
-215.53962318236665	4.081237925628206
47.751911641350254	0.1304035356369911
-147.92877452474926	47.61876187906922
21.45815725910777	1.7457623797332402
-330.81430209299907	-2.4290123575710725
-49.09741507995043	-0.15592153734883168
100.38021309084225	-3.7313497182869146
-133.4512322012533	-5.48599519432877
-107.27848568275957	0.16364655478214482
52.49344386481203	4.32156715238033
134.72536031328113	-10.48004107250448
96.91534331265042	-2.904798933600283
-39.13812028163228	-3.459756270601594
129.0501988868417	1.815763217545989
67.94501775709868	-2.1183981043817783
75.3884524618274	1.1599283159772855
-253.8207272684676	-1.4336188498504026
-28.966330661719677	3.410843708713035
-10.295880493690698	77.35297979445392
69.4140714733747	1.3995267945703023
-142.2226541330388	2.19844828924664
-28.752107543540287	-58.50887332317173
30.315486740162637	-1.9207812959572044
85.05872641449176	-5.131035988946197
-59.60538552248771	0.030758289480756987
126.94085922721942	36.9365087487915
-80.38139854788263	4.360419407969807
45.810650860226886	0.32789569654461614
36.504969027519174	-5.47705224247193
25.178728977486056	1.5586551441247185
-109.3346519604172	-0.9489410325494412
-241.13452310339605	-5.923737046283566
99.51146989793091	3.1271117532723154
206.89253329281118	-5.015669651934586
107.63413409944906	-1.8915547027130248
78.47146096297304	-1.4751629835251545
-65.6733724837997	-12.167336288720875
127.47279491350386	0.514319251297565
-48.23474358804956	-5.598236715528767
-61.445698803363754	-1.4048753614743892
138.66688025571221	3.324223516431727
178.44286481792741	10.202482751575898
45.941009110927766	-14.3196783541959
271.2440888441634	-5.7333084651518185
-68.96659376867672	2.407664421876463
-154.11276930240984	3.8122754428383865
112.59948994057326	-0.31121513168130943
-72.20602934583302	2.549079799561105
-325.97293746097574	-92.43030002040038
-24.62970247025818	10.685664637283109
-152.83969500074798	-0.5064991597654152
-225.35409598532934	190.66056680311553
75.65675008415303	-441.95464696956077
-58.71582072861082	6.5358720927419345
-28.4693108727684	1.5605412580524065
228.1198838305217	-2.3701809647570036
-115.61398243121438	-1.3730080555673279
42.62911663549282	-1.3907899959382386
-434.2574663055003	0.5643319671263274
44.235273794791	-11.23046484072025
17.677226024865632	0.06772777113069212
-72.87726813645664	-43.27444311540005
-122.84534451839396	29.05755205288568
-40.54993219811957	-1.9503492706098176
141.67095099596457	3.337168255632623
150.71530563959678	-13.791328311399752
35.682847476088675	5.914151397073797
254.87430790161946	2.1817497747716605
-288.4151501380028	-76.60008768443709
26.704660486872417	1.4103119727732865
42.970667949551164	0.37104765880316154
83.13154940517356	-408.0807858810818
44.61698475143551	-0.7818470680137788
-86.94837694302996	1.6800739953897381
-143.5298600488282	-2.213030446036709
30.98215030442322	2.7582902611752873
-315.4223040763601	1.6058625667405033
-190.12955533857462	-0.0631926729948879
147.71269564454082	-5.749480221187988
29.392714536240803	-4.167478735220457
-246.2688583275487	-1.9934003449682371
-92.07319049947257	5.030265718924798
-183.9202618644698	-0.06839763032121284
-61.723888946972124	1.618299105793441
87.57661698301281	-2.925520636569909
-26.48243582352362	2.7798019789598585
107.00923767014567	0.3850490748654951
-242.09998477568305	-2.101513149083099
166.88011681575983	-1.881445740753917
128.7740946585942	0.35702418121255375
-46.597908311363646	0.1072247756860803
-30.011271709679363	-0.7004508011559724
-71.86614468296457	-14.608227521025112
-51.73905244471501	-6.103479462703163
42.065827838643074	-27.304411639113113
-4.451685592783156	-1.7290906926829275
66.55747898498818	-1.2411040698586047
23.392397831914487	-34.035503598514765
51.640277166513734	-0.03580133111677198
-46.89947428555959	-0.8364086617002647
-16.13793865629217	-1.6620670701582752
-6.299457003069539	5.598558964085825
-11.956423471786792	13.18505575001674
155.95125941907568	-2.609792115586603
14.131788318609672	13.943027304299564
-32.76011876393189	5.565659551147256
-83.20713694985193	0.3912601325617974
-5.031173551815267	0.7261486169325986
33.36177586503201	8.196567244321338
12.997567809802252	7.801632234266934
-159.86809869881867	-34.044380432724815
-19.82150075275467	1.6872468158261502
101.75654422312917	-11.901745346937215
38.47890966369381	4.731326692050183
27.58776437277263	-2.5037759696745985
14.51603508572802	-3.6339673654299194
-79.57902633499356	-6.439381777136569
-92.77996727749507	-0.18620642960809178
-183.10400231004937	4.807158529377577
-40.95838062407522	-2.419114717206713
50.4460013475908	-1.7737579337609857
-62.21001532678431	-2.768664938025281
183.28702833244967	40.55992383578231
-65.45208829364806	7.370521454521814
-131.9275621161172	-2.7142237570915455
39.124945654534216	-0.8537171784684324
-87.9806758312293	-6.723151819970415
12.3043670703099	139.3261356479487
-98.76921034483296	3.7391415662350456
-346.35960255750786	-2.0129370484568385
168.83188159987938	-1.9344331641107235
94.2263859122228	0.4384888549548178
177.84149475374016	4.992493600226042
-71.76896730751079	11.318687215604301
-103.49459879034461	1.191075541815453
31.847386086619572	-5.401827629952286
-7.523509336240123	-4.946647918473843
65.09225371768125	1.2362065841038414
-156.22683194504057	-30.353692369311787
-33.923951849913685	-1.9154751044852176
44.58973599059517	8.471706309011456
94.40963412414166	-1.8468960281171507
-65.08473052193926	5.429870249529145
128.173255128842	0.34937792979299426
18.236835867148674	-9.798567401108132
35.05789071516043	-2.864041586219399
56.63037942454892	-3.6806036572108014
-70.2797535015943	-0.8294490110243474
55.347314484633905	2.002874438260354
-146.8037534773712	0.9914658775696089
-100.14843595206523	0.9914713279416866
-38.738829106401674	4.647878956524472
-38.47322879495113	3.780042353384964
36.06171845072798	0.7183771679384701
75.9166349836494	-17.777528863545484
-101.73706760475356	0.6599360696168532
23.006216909942964	5.842301139239813
-51.728474718547076	13.604750332097773
113.45862446864385	4.472518587253828
274.2143326844881	3.960719063874787
-160.26139233729697	4.989502760770942
339.8492907685996	-5.477337727997869
-50.620749382749246	-2.3312990252704555
-75.64765810370159	3.522982093127687
25.29667412502249	-22.475666233085477
-47.199457668508536	1.0807224905478814
219.1607730651992	0.23028943478065464
70.48898624010776	-3.7234371925982477
32.772621150350176	-4.113924745295671
-24.935624362386175	1.33159831622077
78.88169231085033	-0.15877106507131447
41.80583781770774	3.5924775056519604
-104.26019501154661	-0.439177287781758
-133.56000751133436	1.5425042093798287
29.270800197846828	4.208956172272829
53.48587040348326	-14.780522406912988
-1.516790141433137	-0.38721632130954386
316.0211936390638	-0.916160925435106
-69.59510557741109	-1.064360478837622
-6.141860077869278	1.646396016713729
210.89092093190948	2.82250477214538
-122.22861221903673	9.006620939382822
-327.96146255592913	22.268421437536833
-15.877353273664056	2.4035563800291637
75.58190898315827	2.6995771758756875
-101.94536884242092	-6.000776256989988
154.39262371516287	-0.6834188598866647
-76.10816344362186	21.444045317302145
105.11475504505626	6.068303020158109
-41.2816417651304	9.812386245083486
-44.63609881193779	1.0054682521646978
-51.200371797095215	5.7753252674899
136.93415710363374	-13.32613073493466
-130.2188960339814	0.957349615757655
7.1102161326958875	-0.8483248783945474
-61.03418355435861	11.851336946937293
-29.655701671080614	-0.25835858691641195
84.49857187954662	-2.4119261437473236
-267.73447268312736	3.8453429077627366
-8.351900114199035	6.295244516319104
-93.41698113815184	-25.020889342950102
-9.571767268576755	3.1941743724739218
-95.89553967732627	7.436556654937319
-70.04626543103474	2.823896717449271
59.71706888028982	-1.5304005527567883
-117.8238142667738	0.33401675190847535
-52.31956200995996	2.692660211991032
82.249839165889	30.00370162115461
-222.9879057042061	3.5655997717403953
171.4966225663018	-0.517004621995759
103.49551714108291	-10.608730766260818
-36.55046077123402	-4.057901995194112
0.48404025775318815	2.809761717550887
67.0697720949339	1.8333046753119984
82.53565616088082	-2.0686051285441494
-56.5660166225769	-8.0032859591458
195.39813387611287	2.501674176802622
5.171120458010877	-5.661258185055176
-78.299245004166	-31.09966456675544
50.93198243084504	-18.65472159460128
59.815301711173376	3.560269080818578
-6.047816914422069	-7.779896556940436
2.793315279677703	-5.8764537538115444
105.84524743850126	1.3315578701582744
130.17300584007813	1.2897488375066422
85.46251128053508	1.903409526655939
-87.51546996093604	-1.7213722530180233
-97.05038331783174	7.705382970020858
170.280786978343	-0.8843008605317613
58.20388652863573	3.5240956353255113
-107.8775440661079	-0.25881630902844
61.85379153256039	1.3468347263462754
1.107030742398837	1.744311875972499
10.74111426345579	6.866137159748401
140.6393254502147	2.7678105015966685
82.39862901471068	-1.4016595715858602
-141.20237846561258	-0.8665401670493552
15.724096411338083	0.8212462930505565
108.29458168320352	3.363670758286872
-44.97701215070531	10.518219081338893
-11.017908439789036	11.791106326224817
-99.27443519153412	1.8783475692684435
-31.00056062903473	-7.679007140984076
44.32770728959729	-0.0013439287900376652
-138.70500632516178	-8.614649173138222
-15.871605240603186	-1.3110138984032653
-78.90812376560729	-1.7099048611649816
91.73899161904592	-8.465985989935294
-9.811626104005564	0.02972587990069661
80.72676848232662	-44.71096476175779
-120.55491052517904	7.122102466207526
-61.277726223173346	6.637696586318789
-147.74772685533074	-2.7056680274987226
-175.57711002257295	0.5670751473163662
30.26665924929816	11.783639449629895
-57.91920905739185	1.9050293931101858
-191.09280725708115	-10.180524121121731
-83.88520634943319	1.2776702395745454
77.0721799296568	4.425361000085945
95.43767563533218	1.9965872091166303
-77.96966959252106	0.010895127194276662
-113.81781291527929	-6.11636583753133
54.34047533074858	-1.6737342956189003
-72.29391563919538	-1.0363343919302135
67.00441260301308	1.1049285908524473
18.116815639939876	114.1998499603423
177.9590162860207	-5.134963499542967
60.580395628812255	-41.25845251174255
197.8948851219879	16.43112618481774
123.30366169432988	2.9973289073540914
-31.178102634353486	2.108523281882623
158.1649553084258	1.8143189319294282
-1.560958595028227	1.6160340111853884
132.64353841146539	4.707705006240021
130.688612964171	3.379631329219256
20.98476693612851	-0.9330247673472125
75.71001328594306	13.443901641752745
-4.689062759135136	1.1369161447836984
-179.76450968142981	-0.653762063262694
-97.20335583646622	-99.22615417259279
111.7539635898552	-2.402058280026947
-132.62881669557564	4.923400654779396
235.02282640649867	2.5629999395141563
191.62696192472714	2.333101684872238
-176.729131369798	-6.503810238318531
-120.14790862665589	-12.313200045221336
230.10662912158193	-4.040129044058319
9.552376127221821	2.2578823232935106
212.8532786094021	-41.731941575948426
-69.1546247432469	-7.4335378160815075
-234.77328428810802	-101.95588304309373
90.7268359881175	1.9939229836847623
-68.52736445230705	-0.9833550563287461
91.76476815295183	-77.16726632433169
-29.5302966202134	-41.27795831294171
-178.20578091924168	1.772084331123096
-46.17546093324029	7.175643784553492
237.26599480994918	0.07146871199683331
-178.58155437559543	0.14412288374491358
-120.04927851246133	3.394782815585522
-168.4581863167537	-7.4669838593319335
-158.26413578847945	-1.3178219075547197
93.86670287396163	0.07192186339821262
-51.14942214144095	6.746646828050361
-74.83669482121984	4.317571595999195
-89.3354557778988	-1.545759075419276
-69.68078703352361	-0.953828291834824
-257.8949262026382	-6.45841742452132
-278.73645526330665	13.4338926956485
191.55126073345582	0.7863366511637307
20.354190941084557	4.265513875474054
154.56988294006567	-7.660789063952333
174.21458580610226	-1.789237282457311
-71.2784914011225	-2.8425306762775295
168.48186763149113	-4.631824395623681
-16.77930167206697	0.5247092399933878
67.58754939972897	1.6909303269604432
73.51014655867183	13.534885755190649
-57.97889782986257	-3.089421817401252
164.47994447401027	-0.04192674357879869
68.28393114957031	0.23760593564842497
-135.8570512354399	-1.1584700847350122
-37.27956617055419	-78.59919442716009
79.7036130713393	-1.1290344368673546
-47.59992190120283	1.8287180691768783
247.20968286025175	3.9020324550774794
-57.2297516561861	-1.2626178687174459
-148.6964871036363	12.229681118615085
-79.41874438256207	-4.457185139324574
67.37599698419143	0.15922620885904634
-25.619490491461622	-2.1175468689678802
121.52532264728644	7.015484163860524
-169.9649346856062	2.1245317249676696
-80.90535966444355	15.147592909290205
14.249351913845281	-0.5456430369502802
-61.20932059253589	-2.534573380072423
-101.93710085531036	-0.02506655658706347
201.85818230848764	4.224743665051589
-251.44898565626866	6.462238256906732
-134.72109231728166	4.845932698209386
104.93923227552844	-7.790943515609257
112.26204801835036	-5.310595796835831
-24.136372874109533	4.168411650056505
23.255763868115135	-1.4580762076960343
211.4892416937071	3.412591428748913
-151.7559485236511	-3.0396816336191037
146.77006128743542	0.7969896571999407
198.22251550031874	-5.382029604702245
67.39520319231366	-5.056918555709257
8.951562044427046	3.39697868119179
80.36526485733017	6.29309564615126
119.88690549461977	5.257208268975813
-327.4730142385733	-2.1799674074890327
-93.17228750245887	-2.316549542826741
26.57921516704624	0.15573322142892956
250.77191218095473	-2.859873202071823
-120.516990526927	-10.422234909837266
93.13122966324228	1.8543091769660016
-151.2188031221234	0.6838795505109484
36.20265391088976	-6.005238883310034
56.36851063764971	-0.11450827099759833
-13.938715258309625	-1.3732648006120665
114.52005954627468	-5.134994674322771
56.341636809798125	-0.9439944199129892
-12.81420294456912	-2.887664340785697
177.84422231937538	0.49172236059479363
350.48469685429006	-0.8071514168636141
-41.15379097246272	-7.55438392982849
108.29381300387408	2.6336737825115035
-10.435473492401929	1.2966923949124525
-64.65654487378717	0.04546220149080639
123.28421901369373	-0.5488390245170266
-37.971183328160755	-1.3242754209716432
9.193544788967845	1.2452273273776429
-13.065439467999438	-5.666969875317171
-126.21232301574796	6.096764079581414
-56.864114647962836	-10.05987498270986
-159.18721854114722	5.116782134186446
66.31975415541734	2.533028288670332
-8.21734163233227	-5.317738684290182
78.5840301336233	9.53827269013029
23.514454969281374	-4.4831196670491025
-77.29724159260243	-4.685769598335912
-76.50630336834584	1.700823994544303
-0.35628978755781243	3.616275770328052
119.83101763551512	0.21353947036449686
200.14378268469022	0.28045547773276325
-77.62200759012565	-2.518090978774388
-156.47031976997127	-0.49036125002252545
-182.2314240079674	1.9573590691617542
34.48351613574619	2.804349927641965
-141.16646887441846	9.534972910137869
34.54677665477052	53.29519943811346
-113.15420941072274	-0.7491725991354331
-15.310518060758504	-3.9398759098531952
8.859764767930638	1.2609394481954492
111.87258743757334	0.2113221895833896
-11.41406080629001	31.100169994809047
-73.4368475807482	-1.6615481477504543
-19.046264195445698	8.279927747576737
-61.72478833151994	19.765632903120807
1.735020781317964	1.9473323400343783
-147.5474507010667	3.8866095468576987
-19.111998492419048	2.1193384308185914
-4.876573792069299	-2.636662419596891
-72.83456594147582	-245.42589078989513
-76.87613388071392	8.744561125323761
67.95307725992726	-0.8209763901298602
-23.189430511229897	5.017733204517704
125.17743382452686	2.8570714067720524
-150.41500240476532	5.323146588257807
65.19493243546779	-1.5106715483679842
-77.28188108112992	83.76292803450977
-5.1654908389016585	2.4042326620272916
-45.25996877207256	-2.8882995705113457
-107.99067336940145	-52.20357503530499
-100.66049243275786	-2.7286855253016555
-75.99459499420388	-3.020860737169968
-66.92816864035784	-6.431505742442333
227.3169032631545	1.1196761254735383
30.328529604421888	-1.2928437450476986
76.06046906512326	3.6112839672483052
-1.3372700442186622	6.29662130939024
197.70230032106556	-5.11953019881058
-121.0544520292877	5.335869907685246
365.212668672869	-4.948010290543863
77.10727362372356	4.717974631525417
16.247768115130956	8.122567374600246
-53.422413501146444	11.069180455634088
-170.45868767877533	-4.006836039798144
-33.04379278344294	-1.933402169293684
-259.90435650061363	-5.516786813907749
24.584222335803425	2.599718849503937
52.776684075920826	1.2114746149773072
139.1419031203725	3.8673355868995825
-162.01568902783762	3.181456019674664
-2.106376959411404	-4.0809765161706295
157.34492123552116	53.38273299724303
34.432458099268615	-0.7446892690858345
-9.890441188282521	-2.2476969148562675
-123.48839110230813	-3.8059441573532746
81.83505137734807	7.177603871962995
215.8527659295565	-1.848257323607123
-39.41235086652454	3.2409641529136635
66.93111714555975	-1.2249184311532433
18.375068968338677	14.484739910690973
-126.91012882652694	5.667959521690395
-216.79417657939453	-0.9157333606837634
85.59104658146732	-0.7374918840208828
250.70346206282701	-0.8002919549090787
57.36608573528913	4.71521842365383
6.210421071284428	6.26820299826216
-72.39472530761252	13.658560709558634
91.12270559730622	-9.118932683483607
116.83803791475324	-0.6674849943475025
74.82929045193944	64.49422494959471
-92.1736546918341	3.5124118382701193
81.2510817881361	150.0780755720017
44.626381829407684	3.1406253212519117
213.01564513569534	5.380665226528741
-53.02058314021949	-1.2695537167106254
-66.47341652328456	1.3846054515242747
-144.10709906689326	-0.7135569632173326
13.225606121607685	-16.918465401188364
251.2225108492629	0.4086612219729161
95.48199674894921	-6.133910592473915
-46.16279997586165	3.98264843826242
-207.60272296054362	-2203.6088678291317
-48.158447069388444	2.8333711112606554
-186.3906636258239	7.183999021508242
-30.11126476004496	1.1505258556700593
229.681544547139	-2.040476020670771
75.32174409352147	-5.677901496202329
-237.49290002730683	2.202912247552647
-86.67073658206216	1.8479332613655184
38.02565612933218	2.878090200618027
86.96397999629855	0.11828787019243119
-33.34375487446577	-7.964558366916606
41.3638637190345	-23.56282523126245
-42.58096009949825	-0.37485178229252347
-25.227023136740094	-1.3688929545381672
-83.93576878531562	-2.288361527141295
-124.77991899060044	2.825696021566433
-118.40893717631832	5.450802484588746
-22.30423689690552	-0.19617586288479577
-211.36645304382628	-2.1822792855157807
-51.44943830247901	0.39483579584312123
229.33248720607654	-9.774007625511254
-91.14473707569407	2.911569609161387
-26.29365309855035	-4.850092085285009
-79.46156107665284	21.97644250260699
-160.60031994076806	-1.9805336052668068
-51.201179879465634	0.551542074097512
111.6514696496387	-31.6677579182496
-55.58393784505298	-1.1882077206870059
82.78155925140238	-4.5148010821836735
-11.277638688458701	0.2335017230672467
50.95441478309059	-0.2099221410878745
8.829880673291804	-2.6246325030356825
-45.04849015025141	-1.7359422248070442
175.06727850733552	1.5240763484926438
119.10116785693256	4.255300835388021
63.52375704803949	-7.5844050878850755
-54.04248034262409	12.163098752130836
96.37731732807971	-4.841382548071073
-0.2952707714971899	8.553082334298626
34.649306339121004	0.5869918458479847
-67.1802550673361	1.2805425003051552
-77.4478491061611	40.27507409075992
26.937733659109117	14.83785211748415
39.90435711959489	11.885792834085345
-6.45061256327849	-9.304432127664063
-144.31641133005274	0.31383654646915576
164.51287744794246	3.1934655559967706
-45.78388683898612	-5.713973293437552
-81.82496632637172	33.931318168464344
-108.44403485732154	-1.5161830651963895
-57.94017093312053	-4.714188715478278
41.78897772684056	5.196209789604831
-94.5487351137602	0.07321527087662202
-142.31478411811403	0.6134243621806764
81.71810574358898	19.624980856224646
37.17198609738255	-0.6671781182125378
58.70648179905773	-1.0967990486542594
-57.654239396460056	-21.242580037644785
-207.48856084521486	-3.6532713231304133
-189.82052299016888	-0.17393905074309918
28.662952153008508	0.3732075920641822
248.53667013252127	-29.457774290191963
16.23478953736788	-0.381490624053014
80.25206779526941	-1.7913121736674436
-1.26864805159344	2.129464219720872
2.222663626510069	-8.871998449928627
-66.92468932554955	2.7931265411469175
28.878252317606655	-18.53350301745983
-31.768855943894707	0.950523301372852
61.0644943685731	-6.3967924970136805
-148.6198376733143	-14.610825050291027
32.9489163907148	-5.361702255683673
213.41101386140122	-2.7227561719278635
136.8453433772171	-106.08497375570927
-5.311275735770148	2.7610223689166067
-246.42718400778924	-0.17841252377144
21.15623037890698	-8.277189640009734
89.96142367698612	1.6387806098772366
-266.73466920603465	-1.4448557434394282
292.4256695859285	-6.390642661421135
-19.391590989677717	-1.8049713925662438
91.39861777643155	1.3891752575955918
88.54550281576253	-1.5327090802567243
207.75134441701917	0.3139472786029254
-69.94865063526392	23.884732249736413
375.1622910438638	-4.73787781961503
-241.34749062664025	-1.8805879055130013
33.31060006716801	3.0349685781190505
-122.63882688863423	-0.5126791790336681
-129.28566759502786	-32.49482681869802
-222.49957967979313	-11.01077989761616
93.43489210891401	-3.185929819550346
274.2685282593012	5.2971093192436145
-11.246139724825781	-4.337360182390599
102.5462008167821	-1.418155988590339
111.8017507590589	-9.117993583418313
87.36298121249507	4.084871392679133
139.61058175803225	-0.35157407808972874
62.261151113446104	1.7907797283227527
-97.48853242972253	-17.798594440108623
-109.74194626282531	0.12077807184189045
60.08624697548597	-2.152165993720487
235.55228879576853	1.6466871515996078
-101.66368778486078	6.302580372908757
225.47262972618304	-1.3615166373656122
59.48036755897439	-1.9538296490419549
78.10648003447608	-7.2201976344382075
11.072747472611592	-11.97877842882865
129.23137755339647	86.59526495731623
243.66972858290526	-0.584879289492603
-131.9941875849901	-2.6720397447849376
-47.300295056901525	-7.747096230697309
191.22480179497435	1.2566119737934833
44.3451599287076	1.8765287754920925
76.12703203138986	1.2808758551483288
-15.55168035581515	-9.843532338912084
-126.81081083874116	-7.578657889904281
-240.41621465920167	-5.4749441575577
-22.460378069418738	-2.724721696059116
192.58716553183774	-2.315637189263048
11.302618814435528	1.6301000112115054
-45.93660702819709	4.097459822512943
17.06669873128505	1.3441824622567833
-117.60980678273535	-1.751437013215376
168.0207558580529	-0.24400968609032234
274.622008401421	5.979427063837959
-98.59514614740779	-0.48406835042150137
1.8852129884300959	0.2782772818191174
76.11129469824515	330.2912336261782
33.08427392570357	-3.5608004585520483
-84.32659461964776	7.273173778361541
127.76078449484342	0.3980912726288514
43.58476838589059	-5.326589198100576
-82.3408914131327	27.24268135636401
-23.894018655768967	-0.05525069224193549
-156.90476105648446	6.742974491875645
110.84142295022612	1.911826202320023
-20.480182871568985	-1.2370639508741794
30.22548918026923	-5.174490236110127
123.25461430673431	0.6010219695987894
-16.748313669835166	2.6591801977182876
-116.45168851751444	-0.28813490706387207
168.04297137493904	-1.8553132049453605
-30.282632582429546	17.167127881803285
-25.19601331816542	-0.9158459351960705
-49.11509162784089	-15.871817761820045
116.47052186968725	0.7404455979636245
-26.083103217201643	1.6680451793168845
-34.60237447848358	-1.2638866967085196
-110.78953750941874	2.0072604023646976
-83.73568278132655	-4.611067992923593
203.11020576482107	-17.19057097905476
-211.40338541442125	2.0565372364532246
-38.43310021875186	-0.715760025537261
87.55650344382416	-2.8949907256555862
-73.54153643811273	0.9400007750118058
-19.565283333061586	0.4031882149952852
143.14177844201294	0.5669304111360796
-57.620925837766954	-2.941474795368865
50.69157109256098	1.917772720722311
-21.392763242742824	-3.1755006498406497
156.1532269387615	1.7218852682255223
-90.70052198828678	-0.6074791201680517
-28.93782493803288	-0.37367094320534355
109.38895826060637	-3.9056894521213055
117.87892122126038	7.865969073581362
-191.76881872144435	437.78182182173816
191.9881616888061	0.3739998119778579
193.47963537958654	-1.3427982896394641
-127.20144674258167	-5.389496186864913
-173.18289487235322	22.81183820336324
-193.06932806532737	-2.0578111909578247
-41.27356932729593	2.389369493133692
79.5258250474794	-3.805508554182387
168.82576562447233	-7.409351367007705
-158.7881044734416	-10.382402426757567
-178.34114864960048	-0.5171618252401428
-70.88194735500254	22.676229656432724
20.90683691193376	-21.074890928543567
-226.5779194652041	-4.596038751516512
173.82105152280005	-4.895844657453155
-134.85145894556388	-13.43989093700526
230.41155650059144	0.583510014363213
134.28005589986108	0.8593798549486064
-18.31969763421256	1.6118132992950625
87.7969473630825	40.20000539024044
62.57247870408999	-6.188526089078943
-85.67863585457879	-5.262168794293401
123.36331341104169	0.20719866280861743
-121.7149977258804	0.19927435149512096
26.343826089344276	8.257965935396648
71.28874171331567	0.6345865413288982
-92.61365759330344	-2.682073469457284
-38.51350752620125	35.73435817587569
80.13641277093858	-0.27607403714352097
-154.85607191187896	-59.23657242435252
-37.23843319873561	16.328328327489327
181.30779318751422	4.024956982732049
-93.59655600354023	0.44336720935111845
8.941083349750489	-1.1247302484337536
-89.35353805190317	3.946169029222303
-19.010542142108864	9.173141005405178
9.720796745165288	0.05052594064802839
-76.91573914811963	-121.61617787574278
63.66132132368173	1.4383688388373397
72.49659019984443	-3.3026669444058996
141.73787150206306	-6.507963768331877
-14.814663037701088	1.02417202535817
-8.74260923995363	0.781463197164288
-125.50955291668137	-14.890703003943063
-60.08362458724491	-3.139300258204811
149.4837953573015	-9.087453270796434
12.077766174888822	-1.5858226129966888
-69.34651487886501	-2.1593532796384913
-35.37485861410777	-0.6634062626029793
69.77519519719368	-1.0312189155592977
139.8025397096165	-0.6730142266395369
-83.09715395990604	247.248640500293
49.06936325957516	-3.2794975125935153
88.67830786870188	-2.469053442775837
18.785391825680403	-13.322059081033082
6.822840544862744	4.317147875573588
24.84308654791161	8.416193467113114
188.32618307603408	1.406808305334089
237.33787351546815	-1.0304765212490627
-11.292329193690335	0.9568953059406794
-72.92792536541069	0.053169803825820566
17.211387322752657	-1.553359682458018
43.88226239602357	-4.877455846944227
244.39372780837218	-2.326393339957426
-85.48534171687812	0.9496510082016039
95.33425469263862	2.1905842594474336
24.910341387588108	1.3074795250651756
111.6604316031768	5.333933310288994
140.7664083782832	-0.536219449708894
115.22882291521893	2.1928724018490815
231.83460809764	-2.502805685380789
146.87891422818376	2.416560370851989
-75.79986213428394	-2.986292514988899
11.911971525549294	-0.9670157889782042
85.93690435826659	-1.2821654958867015
27.187667523881178	1.050568519253453
-31.016959653247287	3.2947512541650292
14.409322858005018	-0.8041865301143188
-257.91351693501935	4.136718601155727
12.825329104512	3.3364992337230914
46.67915010266286	2.656229533730549
45.54705766010369	-5.240979335197573
123.84811655213755	-21.664602079565512
-30.735543340927183	0.4515552217671406
105.71613210514535	-1.3376117468342785
-39.006204299022926	1.4567145448295402
136.02552024705037	-4.142960817806501
-81.19873167302937	-41.505232334698036
50.52577463084051	-4.536907350714702
70.19415001430883	-14.191046887051405
-73.12779435766166	-22.298751997561933
35.45676922037925	-0.6795784440318012
-36.03903886670374	8.872000549169485
19.562580868431198	-0.5362449753373778
-71.25659996680284	4.3766876689581435
137.8143944975413	0.784048282942281
-109.89325711114668	1.399841129585919
32.319799920160136	11.568839115887535
133.37150807212603	74.42500311469584
-104.53928722595064	2.5710357966030144
32.45289879442832	12.268707181917062
97.85968545206498	-1.0298574912975265
-122.39980729949356	0.5530057863725623
50.97717019645396	-1.7714831044543122
3.082895610011459	-2.132146024300839
-28.649042237654626	-2.476794519345782
21.814526227107535	7.9387051292426944
-223.31485561968304	2.6170847657549468
-61.265881807473924	1.4005928930725693
15.878022931965779	-2.017674361490546
-2.623099384217816	4.024824350553893
-130.43884384963943	-9.62206261562849
-142.10924157673105	0.9665312457293975
147.12730919852942	-0.4093472440482904
153.59326245114937	0.8560463090282884
-12.670116444491752	-5.72431961592026
-32.7976010644641	7.563472464632946
-24.209970343990957	-11.341579613829062
-152.134296726137	-2.4308073128946552
-104.19117971087985	-1.3234145305907743
-19.382814168506115	-1.1112730800521247
-15.04289327599104	20.409170327651143
-299.7126459463749	-41.00298568015588
-39.3981998551923	0.8372356329748483
54.52665995808114	-3.2798892322728443
117.60831988256484	1.7615930260385426
26.051687543422076	-0.7265345856228512
-148.30245049423962	0.2816633005703764
55.654471866558474	1.141084887071913
-6.821793936427089	-10.909516383479295
-35.97941966708382	0.8060363554384812
-238.5135231329229	-4.534590804069169
124.02863163210863	5.1696515605999505
-39.72503724058641	-0.13150615009168987
155.69090000208413	-1.4616896136672826
-180.27837280759215	3.4767214223682674
-30.774838261008387	13.385348746457243
61.49027345589211	-5.120693070797672
-203.02690904289298	20.124488537067936
94.1528311063863	-0.9790360125343682
21.290111034291552	-4.356559757243785
-43.74721900570062	4.96767366321845
15.17441327679565	1.5078843269312154
-15.60142859787966	17.02322836014727
-159.85056563355425	-1.963281268915305
97.53341670175142	-0.23121944148677703
128.95709646389165	-10.000430135017828
232.91854338955184	-2.241572320105255
92.04974741209806	-247.95372498255165
-374.2819391567627	3.695602001794301
68.33115921710933	4.245118640490356
-114.69382914297303	-0.4658704314553824
-60.0727013327045	-0.8180652581426894
23.425648406662376	-1.2235694912167057
-51.78721533601136	17.03218083101702
156.93947349753574	-0.5849213515974789
-151.5045354708896	-3.4315432709087137
-274.8810476668579	0.9436125674355665
-61.124192997093516	-3.751993291484035
-62.2086064680046	5.336996165516648
-88.80724067328205	-1.5268979655958894
-4.450276622126588	-0.4300160446918272
28.691818504604136	-2.234574586362545
-140.9424069921022	-2.7194289498361273
-136.2214877052103	7.325012608613421
-34.596158560641875	-10.859066838415949
161.45678183615004	-0.11415011111346174
-16.154724398337763	6.565545444959668
34.92561821382342	-4.25948623625592
-266.1059585671151	-1.083806513099941
50.703476789560675	-10.85890528749175
116.25402583371985	-9.14915439895195
-20.901918965858865	-4.106471709636034
-1.93657038028846	-0.6450199311347028
80.66882556750082	-0.9318396736671528
-276.60190321257636	0.38174614051978534
20.893306691143422	-1.1201300070026843
56.70963911550045	-0.8015186879076841
155.21173898124022	-4.094691315542126
58.58328050645948	6.240066446017964
-12.98838576082482	-2.0709886888531113
-108.98224649097376	-0.05748359058348671
136.8143853230291	2.480220644811101
50.647109124272056	-10.450049364211695
-39.628372294201746	7.627398001498521
3.9351567007324553	3.9664410456996904
-75.01008949291915	2.440457692721269
33.683552981537176	-2.751640264448193
-146.69688257952848	11.215102587814322
83.95947607119588	3.567680292906302
-85.72961180687611	-16.523398119219994
59.227440952069074	-1.089956458528964
-94.21037095337361	12.485479874683822
-23.527255717881975	4.99755282064314
-162.42679702416433	0.31805331280847987
28.74931522350356	8.374334003869887
135.30827005771673	-5.887107601598563
41.81876973524158	-5.466182980927874
209.6884243256907	2.783555079674275
153.20541393889442	10.043558434961609
-24.926115443043624	-4.771347174876417
-26.935839810084786	-1.3549096715113769
-45.56584374785507	-5.428080718794482
53.08811899745217	0.22218104919918022
-31.311238764250877	-7.507968355093859
205.97903332173888	3.9797354691170543
-144.39681706028134	-0.16715320078519166
-65.53830936541023	1.8964344046769943
-49.047723881371695	-4.308826025567837
-157.92159099762281	4.305129694390907
27.237077915907186	8.936542746550977
5.407173894274886	-4.212356981560536
291.9089906786726	-10.417974687994729
117.12448738208543	15.58916923708904
-79.89288440257816	4.574313540496524
29.668672172230142	-8.33845712431594
-234.74932122289104	-5.439323820288944
-166.99067609483933	-10.030750409406552
68.48873594727336	-1.3844518143150466
45.22424615489268	-1.9063189578872064
17.872989524117795	3.1257395919312145
97.0884498823783	24.186034338034723
-28.879899365286022	-6.195125272089456
80.26077560415571	4.194837320287785
51.50759365091576	0.6857556496410283
163.23710095002514	2.0986760250917165
58.777112511402734	13.83007211976405
223.3207760905014	-1.552288838723228
-21.734825320934096	31.18952342848106
73.826947460949	7.167748274873281
-34.050699521246415	5.388839073242914
-27.29883366384711	-1.577735102740451
20.714841219679254	0.8953174378704599
151.86936292204783	-0.5069580216503982
12.830103103259878	5.994596525346914
-65.5733375183654	3.106895548387663
-104.41037378115512	-0.1472614075165085
65.43589111155698	-1.4905809545737148
159.3941587878565	2.0188292423730725
-33.593115517145065	-15.158675005431888
-93.09760047969381	8.620212689906085
-107.89746059084244	4.492301733944745
-31.28755608444345	1.2678585316223763
-167.91224538371762	-0.6606509566272623
349.82868293954	16.632805337398647
69.75263572661923	-29.00977127028016
-30.848705798109467	-1.325323214763071
28.74827021282841	3.9331697504949683
56.679016446270786	11.317869785659832
56.92703585807809	-0.7298828080803919
-11.977204014127167	-1.2396326679184602
43.09645160589926	1.7460454277852029
33.517397429866115	-1.288811504375593
-0.49465086959469456	-0.08332634277472173
-95.29466599135559	0.9033686764807815
18.28768896076532	4.385761558969231
125.26058334072745	4.16129459219599
-96.9881615391688	4.756205943310531
-213.12574331911475	-56.65099851877527
-72.05565544035635	7.66337124466368
-148.86555791405402	-4.422927910137458
-39.99310217774149	-10.008271715387211
-208.25551230798388	-0.656972415707992
-61.39920232197432	-1.8303369030468368
-180.42274753627228	1.9768316364126943
197.07631559185617	7.408389940880463
66.04384998027949	2.8963771425586646
-28.895597030858383	-3.1843720159570656
66.29907892085092	13.226972975433435
88.20993930763238	2.162703619599619
-122.19596681211492	-4.319598828089674
57.74146600310613	-24.97828554388106
180.25597458988534	-6.008355697148348
120.32103352494838	-1.8468520577214933
-251.48232784651677	3.0761223953313954
174.06833956561357	-2.0753889932969143
-49.94811050261224	1.2454418852550864
62.95365550602646	-1.968383806603707
-136.57448397821634	24.46729361461561
-27.022284201319348	11.81861917749523
270.7196366775994	0.12167713764547532
106.19865115536042	3.9791781024138326
1.1057544104034314	-2.6923534401618534
8.900199159861096	2.5130727157051633
-18.867451293394232	1.2485587216036793
147.93733070724298	-3.2506113192121773
-105.9770004252638	0.6143534295230804
-11.754330902182753	-16.146348358081333
-55.8165737897748	1.3293822115166254
20.31039629226255	-1.403996818000515
64.1851425100758	-3.7751311862884673
159.3600959348451	-26.62680582806741
123.37264461923472	-0.9388274933177394
-74.91324751525198	-1.182408438895487
-1.7777541415617784	0.03786250168726104
108.46218244716006	-6.769009949871907
23.32117318017577	-35.66657378797639
79.20441264249641	-1.418182587806122
2.5976610787302077	-0.7294134424544694
-74.50570789896359	0.20761925220609997
20.79035145784934	-17.020108932645005
180.92636004056712	8.290278520344737
18.251955217071036	5.7791395557237095
170.46026888296828	0.3151934613070828
-60.06169214897194	-1.7636241156433878
-185.848597361293	-3.2081888170122688
-167.84142470196846	-7.924577553467287
-34.449532257481025	-4.2912288247752715
112.89715911163222	0.9265403252742471
20.88313570083856	1.7612445678332127
-192.15595348993	0.5078092423907028
34.27199431650417	2.3262545162161166
130.50089767538776	0.34706464485878397
-136.30412286164227	-0.8734020583166103
-245.68572937242627	-1.4695405637359895
-204.71296015860526	-0.4038977807645829
-144.80447672059978	0.9138706825327555
96.75914994093414	-12.255305386201588
64.81045684813915	3.8799146698762628
73.50184730199334	-0.8221631076316641
-68.80877178009925	-10.335097325639202
204.99382698845847	-0.11450894955434365
135.11065558810884	-0.571686030642639
-288.7092338471424	1.020556535905216
-41.20048064677874	2.6035488596084657
319.26624826232677	10.980904225089184
-107.58433815493963	-2.3740160234402095
-3.1560949327002796	40.88329753494483
-103.42837226970191	1.2893173558922824
-135.64050233475007	-1.9759741527338401
151.07882841401567	1.2180055651030994
-107.1045586942308	2.141077737838594
-150.6385311990041	2.4212200331006724
57.42838384931664	-51.69957149693608
38.51515548078205	-4.9103746672468995
31.698040549894895	-0.7370355791263729
-165.6077415824531	-1.1696731956386974
35.91093732281126	19.728405051246963
93.59765238089022	5.34180129061398
83.1377125933885	-3.152760393103523
-33.73887732060369	19.790373351248824
216.51905700107037	1031.286256725749
-133.70976606567532	-1.0643821199331291
-172.9167030601451	-1.6938929884902367
-55.503116415519585	-2.9744176323144575
12.734807783931041	1.7044348449785736
68.62880586756778	2.00631100006313
179.8996796903361	-89.03256538030548
-58.7121918922125	-6.461816089092425
-123.62437672594446	0.11445271885822227
154.63029441670733	-3.843450474779696
-44.48445355865753	-0.4173634107297353
29.635655504004287	-0.7755222880248858
40.071669537902466	0.8476463921589092
-78.03075951072339	-12.82324036467846
-109.17192513580184	2.4147928980948885
116.80811316872894	2.8262978380413
160.68756828909278	68.38835308308155
110.13580962511475	1.2699380731552956
2.4418124337956795	0.8279689248246985
115.35516943163663	-1.8782548885280663
175.11714149494338	4.9431330308071955
36.24381557514439	-394.18646169157165
99.2013393719954	0.610102527707939
37.86695946389506	1.2915062983721837
-74.39382353747008	-1.2113154494271463
329.3288468293943	-8.770253950635242
-46.30604301068595	7.336204992988829
-58.12481704499249	-3.857093584478647
132.56261407245412	3.512493413034241
126.86137884502453	65.51193108774892
-41.482918305291875	14.325839432944482
-60.17316260379276	-16.541670369963605
122.59720663177418	-5.4203504330091485
252.0589005522992	-41.80502280972059
163.55732821059527	-0.6907332215838929
16.048678492006797	13.319328555331115
244.61350302548755	0.11014492431729082
-279.08079230223444	-62.85994136960626
95.46417447037543	-3.418892010046143
-68.61628825133316	-1.8927637856579855
-95.28269519256642	-0.523750452806216
168.01836955141513	-6.559824398392927
-52.34946463268897	2.5262337110169963
184.18335527304077	8.271943762420337
124.15014137713153	1.8837477448484596
110.22569484736384	-3.490158308486494
69.33698410642022	-0.5324222048067713
-245.19636376558637	1.379250693199983
-116.66385443136564	-3.9266496099654504
121.44556557537382	-0.6713184050932136
-45.09889875597334	-8.455365903012346
9.89076707329484	-2.8388110798938926
-114.21711758040095	-3.6599217682617913
73.41696497687101	1.0472261946176684
-94.03345914203709	10.24608969928377
-64.5790715213948	1.76936345138096
112.58058602321076	0.08710356596800434
-75.54835996542384	9.866082810879014
90.3994753457092	-28.94143009982013
7.715921185623215	4.8376059108426
15.904914234831663	6.2371407499601546
241.51164945565586	-0.36798367561798534
-111.00277411939605	5.883275023019153
162.46079987283449	17.251440452399958
346.94281118806595	8.873176064731823
64.8219891660085	-9.891497818981554
-86.67381720842394	-3.231384249104265
247.07351525595573	-13.901919505517599
145.23921118825416	0.7254175158050405
-38.486392152056666	1.9771115697383197
101.04033272600896	-3.9255038950467105
226.57446431625397	0.812548774276141
147.8602986202972	3.465536499913075
12.738446947449116	-48.04161908885489
2.6967208400319556	1.7626014613492125
-143.14515182665855	-3.3629407197966072
-50.94397455619806	0.5003841024028398
2.5312718182560148	4.293818135561784
197.43057189157344	-0.9159195866723104
135.77949051506445	3.7108181989230706
-145.31990209491144	-7.169880097870762
68.9808979422964	3.9344774946562078
52.30886142737796	0.8843383294021981
-224.52559139134164	0.5339329068351645
97.09107839929636	-3.9706832612460317
-53.64503455162015	5.639712130230494
-35.810352471675166	7.065620932676233
-101.85360827735875	-3.160037485089378
74.8271949001659	-1.5777633072249784
169.39667213115678	-0.8620819346343817
169.9682311224572	-64.91634809373008
-33.24593129400863	-6.963675367295124
-95.85674711328883	1.6492319483125801
-106.08709342389946	5.737350682678004
62.28534730431064	1.7175699140793952
-56.21103693949693	9.162419287397006
4.806201311679664	7.0457055833379485
381.9837511915663	-37.34157168110203
