x1	x2	x3	x4	x5	response	response+gaussian	response+slash
2.3894241712886437	-4.9285124651323855	4.7938614738311855	-1.953798817468655	-0.8736573627475952	-96.36416796382005	-277.80234227285445	-95.47616181146843
2.631949907317315	-1.4747968638336295	-2.067137346608179	3.060646705499847	4.009484630346929	98.46477943442711	71.34728855115584	97.54808820807199
3.9731814945219615	0.5741430356383859	-0.6915972641679708	4.134960743403743	-0.12332064299587664	0.804486838008163	1.4186975010033116	3.1293542645489962
3.197783819820728	-0.7510955362715812	-3.234626068675832	-4.3545274192827765	0.4731312226891866	-16.006301839625486	86.4980860357382	-17.884029988353785
4.868256403817435	-0.49328503394936263	1.679026087873078	3.476785115087077	-3.411812869791644	47.82906378032729	146.6620560330931	52.0097477332178
-3.021481833828724	-2.738140772240131	0.21865872674450415	-0.40861291715361503	-2.7880546950213123	2.06089542592645	154.77785461255817	2.604389087454516
-4.163185660503904	-1.7255902727926662	3.625362591497547	-1.7029026155759697	4.45950742223785	-197.78420944734734	-412.3678115493491	-199.98486727908025
0.27528017560645957	-2.1999940425631994	3.281559506544914	2.801703353347201	-2.726039934623402	15.178578080163176	-153.06325474414245	2.2917063765017804
4.9897807198450845	1.3710306811876913	-2.801700271181482	3.3351695945914273	0.10962909367767537	-7.007999351445811	-43.71853350094695	-9.586383041446947
2.594199581575827	-3.077932162518061	-2.907769178334333	2.754404583756367	1.2678726092325778	81.08223466240533	64.79881137267307	77.80842488051672
3.1222421156984144	2.4659801525745166	-2.5251569669063647	0.8346770388737346	-4.322487912343044	70.14501107976389	165.6826648955152	75.76120388733203
1.2599487186437237	4.3087840729693525	-1.0555065594297774	-0.40908591207198697	4.9258176801127025	11.546793349688794	276.38539626873575	17.191687446096363
-1.9054380734060095	-2.9878967314086493	0.493583922729286	1.435732975534342	-2.435819743214319	-9.827436554162754	-202.9977537620611	-5.149937207780559
2.9073600761458565	-1.6737255198181336	-4.09685858516565	4.24709944723763	-1.0794761538901754	-91.39859442623916	-160.31494754547538	-87.35612273343219
-0.66799755634002	0.36138951968415345	-3.188842227350009	-0.30577241499824837	-0.8798614239469931	0.20710760216011215	88.50430603442828	-4.674307615583984
-1.0605958745687785	-1.374640911734717	-3.5751305613897943	3.751709788397708	-0.4336497807629289	8.480070693665894	-33.990985585735174	4.214479359456612
-4.950044871456916	4.310054073727827	1.5476340625646596	2.292243355807164	2.2424618382995067	-169.72503932372496	-118.7132480403661	-171.48832515510793
-0.04496232709107417	-4.363938139457529	-2.670931251816928	1.1139447771584337	4.249951326245654	-2.4810624382666684	97.43089056377713	-1.924760914667711
-3.8680472464231896	2.9970372073182645	-1.5218824031212153	4.090916784102159	1.2814673845012052	92.48966421539437	-6.540242330685089	95.8736380554771
4.903189947609892	2.4064969432469976	3.2419850323293584	-1.0942923975625396	2.8846373692341523	-120.75347710328353	-376.0284406286362	-124.15359640855102
0.3360602908015773	-1.3788348199277722	3.0427924257037517	1.5162994514492514	-3.428438926243377	7.329648747508659	-177.45532922670765	2.0571103712088252
3.3426359273224566	-4.185790223112261	3.3130905056752677	0.482851340813121	1.9585566238138066	-43.83786648438266	-10.141858316231492	-54.80019625912239
1.2308368228645552	1.149070515051763	-2.0817277388657542	-3.4822667972374663	-4.094024310900285	-41.97430846431213	2.7131117947672436	-44.61128341812748
-2.1288371301758757	-3.861630274522664	4.294706733255046	1.457201384492123	-3.397382428403022	-174.78761304111734	-139.47265207340328	-176.9824251459985
-3.0800986477054337	-0.6583227526801494	4.7557792753967405	4.811476198927343	3.3882988797020683	157.21183443199942	177.5234721883337	164.94024074289104
0.3769913200952226	-4.878147479851008	-1.1381285569840651	3.6074570621988986	-3.0522437022665336	-23.046128257681403	9.306479130559197	-27.376473077988607
2.065560834145489	3.4710751998103344	-2.0110778072451074	4.2904693616075935	3.238702488111997	-200.3580269317035	-302.6151350556196	-177.58862622749928
2.2627869970313865	-1.821745889317925	4.862378902028322	-0.11149667947307318	1.4372287924627418	3.2119451009853583	41.97053440751944	-0.04172402327423885
2.2345427821615402	1.1276244796903336	-3.705487995558588	-1.5288041326869148	4.639760097313669	66.22865780637741	-0.31161458839143563	69.01356757732064
-0.14397270376246318	0.42159165350637107	1.716287284061627	-0.04216583257639872	2.9287346663762115	0.012864794629133054	81.5193240569448	1.8059681986471585
-4.66356742445515	4.781118679137785	-4.190968368841461	3.443746965896622	4.811964518099533	1548.5164278632258	1405.305198649923	1550.6586829453936
1.6634017388098954	4.233442213813296	-1.2243143052942207	1.9834973109012992	4.740345746766852	-81.06349911050934	-46.0469818577159	-77.75125210226126
0.4880571240887219	4.167986955771212	-3.0776254092162727	-2.0690787660482024	4.855143405560051	62.8914854246735	78.9069977149331	73.6855361188925
1.422038624726996	-2.4426227944978782	1.6111022495530705	-3.8646892704585967	-2.70340177303619	-58.467709169209236	-66.86772486738707	-61.97470731290097
-1.4989341484127072	4.193278067139088	-4.843123087039728	-4.657834572084245	4.027708444924738	-571.0890177666083	-638.4511930943266	-569.0762068676183
-2.3263911353537137	2.853839380229159	3.0688079776223827	4.701383091142532	0.9061757859458588	-86.80006881206049	-91.05221941137063	-88.12017447136161
0.24796110066045607	3.582263959344086	1.9673118204151745	4.88034961647856	-2.9838131148434535	-25.447017821017155	-198.5854879641774	-25.173227529092927
-2.8780200168888683	1.3964250329500363	-1.1421087777073224	1.2328053106283257	3.296064885280197	18.65130199631292	13.185692440648548	14.026930392956817
3.2126094343661364	4.868860379590036	-4.653526164300413	-0.7680283551968836	-1.7659452364706074	-98.72380763316559	-104.62501599768622	-105.51642558679274
0.7705030928980792	2.48543449610208	2.3480448502851807	-1.5754456553570275	-1.1591487894134724	8.211560730312403	-43.84530691260035	8.286506428498335
2.779941527933161	-1.0000958636514623	3.877578518175115	-2.2911400868600316	1.5491328461666756	38.26292789947603	168.98585421636832	-17.449622270891474
1.8669557347757069	2.245387194335093	0.3154736361100605	-0.07972440377519963	-0.38184388693905635	0.0402592292504662	-143.73069900541762	1.9614977772114701
2.3774049503708516	-0.4448996930143787	3.7315233066949567	2.1324840636001197	1.2465288443684717	-10.491547567346835	116.7678895105804	-7.348962610421174
-3.735454597938932	-1.5849801250400954	3.348391934351355	2.1190007754581233	1.3065360016812448	54.885303103655396	-31.322073616338848	54.754837353099575
-4.034605125750382	1.6778539183701566	2.3629232790742174	4.6375465676683625	-4.930606722309575	365.7576769647164	339.4872503151293	367.106132863787
4.844439856741541	1.2924502227468508	-0.5452871004602393	-2.9944123603560957	1.991182869241518	20.35660606010371	212.55596669534344	39.86588327777244
2.009144048979797	-1.2158012209067106	-1.9811767346899356	0.9528313709038727	-3.6710651427838172	-16.92797497454633	243.13534413141696	-17.48313628830613
-4.796538068871895	3.5322515555762717	2.698406588565499	-1.427424086785333	1.782438849449357	116.3200471554558	133.26804281927633	121.68816113803487
0.780506829902925	-1.8761862125022732	2.2494448557773916	3.7837494942572416	4.230788830531189	-52.73169409730018	61.38606386091992	-59.5759822912149
4.610583375738459	3.478983083151748	-3.8203986143497914	2.5043127893860504	1.065648511848548	-163.53828161845962	-65.59041545584742	-818.9661052881793
