x1	x2	x3	x4	x5	response	response+gaussian	response+slash
2.3894241712886437	-4.9285124651323855	4.7938614738311855	-1.953798817468655	-0.8736573627475952	-96.36416796382005	-277.80234227285445	-95.47616181146843
2.631949907317315	-1.4747968638336295	-2.067137346608179	3.060646705499847	4.009484630346929	98.46477943442711	71.34728855115584	97.54808820807199
3.9731814945219615	0.5741430356383859	-0.6915972641679708	4.134960743403743	-0.12332064299587664	0.804486838008163	1.4186975010033116	3.1293542645489962
3.197783819820728	-0.7510955362715812	-3.234626068675832	-4.3545274192827765	0.4731312226891866	-16.006301839625486	86.4980860357382	-17.884029988353785
4.868256403817435	-0.49328503394936263	1.679026087873078	3.476785115087077	-3.411812869791644	47.82906378032729	146.6620560330931	52.0097477332178
-3.021481833828724	-2.738140772240131	0.21865872674450415	-0.40861291715361503	-2.7880546950213123	2.06089542592645	154.77785461255817	2.604389087454516
-4.163185660503904	-1.7255902727926662	3.625362591497547	-1.7029026155759697	4.45950742223785	-197.78420944734734	-412.3678115493491	-199.98486727908025
0.27528017560645957	-2.1999940425631994	3.281559506544914	2.801703353347201	-2.726039934623402	15.178578080163176	-153.06325474414245	2.2917063765017804
4.9897807198450845	1.3710306811876913	-2.801700271181482	3.3351695945914273	0.10962909367767537	-7.007999351445811	-43.71853350094695	-9.586383041446947
2.594199581575827	-3.077932162518061	-2.907769178334333	2.754404583756367	1.2678726092325778	81.08223466240533	64.79881137267307	77.80842488051672
3.1222421156984144	2.4659801525745166	-2.5251569669063647	0.8346770388737346	-4.322487912343044	70.14501107976389	165.6826648955152	75.76120388733203
1.2599487186437237	4.3087840729693525	-1.0555065594297774	-0.40908591207198697	4.9258176801127025	11.546793349688794	276.38539626873575	17.191687446096363
-1.9054380734060095	-2.9878967314086493	0.493583922729286	1.435732975534342	-2.435819743214319	-9.827436554162754	-202.9977537620611	-5.149937207780559
2.9073600761458565	-1.6737255198181336	-4.09685858516565	4.24709944723763	-1.0794761538901754	-91.39859442623916	-160.31494754547538	-87.35612273343219
-0.66799755634002	0.36138951968415345	-3.188842227350009	-0.30577241499824837	-0.8798614239469931	0.20710760216011215	88.50430603442828	-4.674307615583984
-1.0605958745687785	-1.374640911734717	-3.5751305613897943	3.751709788397708	-0.4336497807629289	8.480070693665894	-33.990985585735174	4.214479359456612
-4.950044871456916	4.310054073727827	1.5476340625646596	2.292243355807164	2.2424618382995067	-169.72503932372496	-118.7132480403661	-171.48832515510793
-0.04496232709107417	-4.363938139457529	-2.670931251816928	1.1139447771584337	4.249951326245654	-2.4810624382666684	97.43089056377713	-1.924760914667711
-3.8680472464231896	2.9970372073182645	-1.5218824031212153	4.090916784102159	1.2814673845012052	92.48966421539437	-6.540242330685089	95.8736380554771
4.903189947609892	2.4064969432469976	3.2419850323293584	-1.0942923975625396	2.8846373692341523	-120.75347710328353	-376.0284406286362	-124.15359640855102
0.3360602908015773	-1.3788348199277722	3.0427924257037517	1.5162994514492514	-3.428438926243377	7.329648747508659	-177.45532922670765	2.0571103712088252
3.3426359273224566	-4.185790223112261	3.3130905056752677	0.482851340813121	1.9585566238138066	-43.83786648438266	-10.141858316231492	-54.80019625912239
1.2308368228645552	1.149070515051763	-2.0817277388657542	-3.4822667972374663	-4.094024310900285	-41.97430846431213	2.7131117947672436	-44.61128341812748
-2.1288371301758757	-3.861630274522664	4.294706733255046	1.457201384492123	-3.397382428403022	-174.78761304111734	-139.47265207340328	-176.9824251459985
-3.0800986477054337	-0.6583227526801494	4.7557792753967405	4.811476198927343	3.3882988797020683	157.21183443199942	177.5234721883337	164.94024074289104
0.3769913200952226	-4.878147479851008	-1.1381285569840651	3.6074570621988986	-3.0522437022665336	-23.046128257681403	9.306479130559197	-27.376473077988607
2.065560834145489	3.4710751998103344	-2.0110778072451074	4.2904693616075935	3.238702488111997	-200.3580269317035	-302.6151350556196	-177.58862622749928
2.2627869970313865	-1.821745889317925	4.862378902028322	-0.11149667947307318	1.4372287924627418	3.2119451009853583	41.97053440751944	-0.04172402327423885
2.2345427821615402	1.1276244796903336	-3.705487995558588	-1.5288041326869148	4.639760097313669	66.22865780637741	-0.31161458839143563	69.01356757732064
-0.14397270376246318	0.42159165350637107	1.716287284061627	-0.04216583257639872	2.9287346663762115	0.012864794629133054	81.5193240569448	1.8059681986471585
-4.66356742445515	4.781118679137785	-4.190968368841461	3.443746965896622	4.811964518099533	1548.5164278632258	1405.305198649923	1550.6586829453936
1.6634017388098954	4.233442213813296	-1.2243143052942207	1.9834973109012992	4.740345746766852	-81.06349911050934	-46.0469818577159	-77.75125210226126
0.4880571240887219	4.167986955771212	-3.0776254092162727	-2.0690787660482024	4.855143405560051	62.8914854246735	78.9069977149331	73.6855361188925
1.422038624726996	-2.4426227944978782	1.6111022495530705	-3.8646892704585967	-2.70340177303619	-58.467709169209236	-66.86772486738707	-61.97470731290097
-1.4989341484127072	4.193278067139088	-4.843123087039728	-4.657834572084245	4.027708444924738	-571.0890177666083	-638.4511930943266	-569.0762068676183
-2.3263911353537137	2.853839380229159	3.0688079776223827	4.701383091142532	0.9061757859458588	-86.80006881206049	-91.05221941137063	-88.12017447136161
0.24796110066045607	3.582263959344086	1.9673118204151745	4.88034961647856	-2.9838131148434535	-25.447017821017155	-198.5854879641774	-25.173227529092927
-2.8780200168888683	1.3964250329500363	-1.1421087777073224	1.2328053106283257	3.296064885280197	18.65130199631292	13.185692440648548	14.026930392956817
3.2126094343661364	4.868860379590036	-4.653526164300413	-0.7680283551968836	-1.7659452364706074	-98.72380763316559	-104.62501599768622	-105.51642558679274
0.7705030928980792	2.48543449610208	2.3480448502851807	-1.5754456553570275	-1.1591487894134724	8.211560730312403	-43.84530691260035	8.286506428498335
2.779941527933161	-1.0000958636514623	3.877578518175115	-2.2911400868600316	1.5491328461666756	38.26292789947603	168.98585421636832	-17.449622270891474
1.8669557347757069	2.245387194335093	0.3154736361100605	-0.07972440377519963	-0.38184388693905635	0.0402592292504662	-143.73069900541762	1.9614977772114701
2.3774049503708516	-0.4448996930143787	3.7315233066949567	2.1324840636001197	1.2465288443684717	-10.491547567346835	116.7678895105804	-7.348962610421174
-3.735454597938932	-1.5849801250400954	3.348391934351355	2.1190007754581233	1.3065360016812448	54.885303103655396	-31.322073616338848	54.754837353099575
-4.034605125750382	1.6778539183701566	2.3629232790742174	4.6375465676683625	-4.930606722309575	365.7576769647164	339.4872503151293	367.106132863787
4.844439856741541	1.2924502227468508	-0.5452871004602393	-2.9944123603560957	1.991182869241518	20.35660606010371	212.55596669534344	39.86588327777244
2.009144048979797	-1.2158012209067106	-1.9811767346899356	0.9528313709038727	-3.6710651427838172	-16.92797497454633	243.13534413141696	-17.48313628830613
-4.796538068871895	3.5322515555762717	2.698406588565499	-1.427424086785333	1.782438849449357	116.3200471554558	133.26804281927633	121.68816113803487
0.780506829902925	-1.8761862125022732	2.2494448557773916	3.7837494942572416	4.230788830531189	-52.73169409730018	61.38606386091992	-59.5759822912149
4.610583375738459	3.478983083151748	-3.8203986143497914	2.5043127893860504	1.065648511848548	-163.53828161845962	-65.59041545584742	-818.9661052881793
-3.628965798572011	1.6231447710116411	-3.5812057902722625	0.5183898598287833	-1.4742213645970503	-16.120874933547675	-98.59156061593788	-16.60935599393942
-2.8453783365269745	-4.756662264796891	-1.224990727092071	-0.6840688962137271	-4.372288731470175	-49.588824783734445	-270.2703061516071	-45.394655090761795
2.2903034178371984	-3.883376792872577	-0.32169402575047457	-0.39092837139493053	1.5644262244400045	-1.7498379267004396	-55.64325165515108	-2.160820820615307
-3.4237100101739992	-0.2311803888916666	1.3341396522553017	4.347665588873257	-4.058480315408613	-18.63240134841718	31.61033729373443	-171.39131304375886
0.024446539096430797	2.194841044624333	-1.6810283435610063	-4.6973627878732716	1.92760022050384	0.816707538201121	112.22054479227316	0.31032606850919775
-0.8100686219621256	2.0913483933540276	1.7037028946694823	-2.917136182532387	3.7862764421645743	31.87946920809394	162.9648269259163	30.661466102329005
4.894306115602127	1.251518381439345	-2.9070532819486594	0.7194466900317629	4.537991762645397	-58.13580298665628	-188.3594209477538	-57.02996004313199
2.8995757793106316	2.1601989767184815	0.404592050884089	-3.2340057951497583	3.0476386901081405	-24.97755001969486	41.423725449523715	-33.509900231597676
3.341967279046818	-1.166370603503041	-4.362980110839678	2.0839656108247357	1.952527504430238	69.20057457289641	127.56910686627947	67.10033863092578
3.1023617177040066	-2.328657644821983	4.046019796290597	-0.2687136104660137	-0.958779127136844	-7.5306821056440585	219.3776534558465	-12.315304476990873
2.1561267317713364	-0.31316206995845164	-4.91360715878542	-0.18409244244264134	-3.775562183792566	2.3060114436382255	52.673922216682556	2.3840665910505447
1.4080507121744956	3.9748571839719826	0.8192763747149376	-3.894055816429712	-4.243110829021816	75.76293751550095	215.44607802608755	38.353906331754516
-1.205273380589146	-3.306603499216868	-4.706974092546271	-4.516674310454083	-4.958181698502652	-420.0980902914487	-316.4741886462566	-426.72794058945146
0.9007939493891861	-3.725790602068778	-1.4851664400683107	3.42296888370098	-3.0935428693547573	-52.78106150104862	-162.18746269703567	-59.798233578542316
4.957542938955827	-4.369918867027729	4.619705675199819	2.7372728286395027	-4.060259644495359	1112.3105555178638	1201.0616417993656	1111.679635126342
2.099191718527332	4.960702451978376	-2.5468706092790416	2.372614349560827	1.1070434591058742	-69.661686976665	-9.856483542629562	-62.9858438337691
3.8883359645720326	-1.1059916126910565	-3.6634662905925164	-1.6125999395881219	-1.705889901369555	43.33965531093436	154.19469112906276	41.89627162688479
-3.040039773809001	4.351330181602318	-1.8305007381800409	4.549668841803005	-4.364059673051558	-480.7747825965535	-467.67670444366973	-480.51205265564613
-2.061702805013331	0.27504759155868364	-3.625427630644673	-0.008942931776466878	0.9926124321510663	-0.018249575904165736	9.160401552368059	6.616154241237318
-2.9975962004980716	-4.441035083418692	1.4618651181299427	4.133729970868323	-3.703942956794503	-297.96896358190963	-469.8087680985186	-296.6660386976109
2.9987131450505533	-4.128088594079513	1.1719854310024003	4.623336705524174	-0.49745058419578925	33.366573797400235	60.08442552391931	49.702583147535265
3.8448240704793974	4.36286116601377	-1.0333814879863068	-0.6047915457856519	2.5358062176634935	26.58461143005102	-121.79074050475631	22.126154994771507
3.2160622209568945	2.388118330514052	-4.932505992983824	0.9364824600211827	-3.715239180941742	131.8057424868638	214.04142236112824	124.17511174164018
1.7356933560337229	-2.686328164620929	-1.5993822073056227	-3.4189413879006647	-0.7680981985747657	19.583608972057558	50.751560326758124	15.848923035909152
4.548532469908421	-2.506691375832486	-0.9530634606084387	1.9248951054551986	3.810925714047288	79.71343737829811	142.71074100129562	75.579065448248
-2.2161733166570077	2.8556482581615796	4.278548916119787	-2.162482834220889	-3.2176314715497867	-188.40564264322256	-237.93350099734653	-186.3502803556644
2.226726276460303	-0.45943493777943356	-4.570026339728112	-2.1364513087336934	-3.0915277106805417	30.879886705586177	-43.59207659019286	34.4222146044616
4.951106225061929	-3.1592649359760836	2.72454642896193	-2.484999696766248	4.3408516571607745	459.70982889549316	452.09316974591474	464.946749136017
1.9669858970771514	-2.3066016815684023	1.5006129007016025	-0.7838082714872217	-3.2306099479609154	-17.2399854306508	-123.40494064484216	-18.097210001244544
-0.9669948770525565	2.7124858550509714	-3.959393157110637	2.5216083810080363	2.278999087980517	59.681822161123236	-23.41712488971666	9.54643733148201
1.1833461445938944	3.0951042939961013	3.2485684249616433	4.60469797613403	0.10902656121556742	5.973275846477339	90.38917566144632	1.6156665527457328
-4.963086267986041	-0.974088226187698	-2.7760501870543797	3.801486082332236	-2.925528189640152	149.2571427199812	143.0202200041111	68.50104069571267
-3.310002514621504	-3.077254749333924	3.816088545934031	3.5380551081171383	4.947288912909196	680.3651875350035	737.7030768458656	671.8393864121192
1.953063974670945	0.42263114802478263	-2.4507555537436057	-2.126088607285761	-2.272513748319338	-9.773853967862223	106.14407985536583	-16.337695477407294
3.1228257084929414	-0.5212621613705082	-0.6393849120074337	2.0206895752746936	-2.9873729592352816	-6.282830982707115	-105.2113306294582	-6.918115342825123
1.9308520841043357	1.1853344159468628	-2.285977724919117	1.4460183689509734	-1.8956156183312176	14.341216161905653	-88.22619986384898	19.48002367152022
-0.9150148296540408	3.511926402488182	3.67755766802696	-1.4466667340697748	4.450098039041155	76.08010519124726	34.26801977884931	77.85763540075334
-0.4859392430434468	2.944195181537827	-1.392696489758396	4.080336016258887	-4.955449619110885	-40.288773391671135	-76.63615143785441	-39.68264121184205
-0.20742266067721715	-4.989747885550092	-3.1841009819890664	0.7198722544477798	1.3662521295069485	-3.2412156210757406	109.91757728354365	1.0669998973096178
-4.302444605310871	3.7992707988250434	-4.620542298967623	-4.162104490711659	1.055212428432971	-331.71213859884455	-230.61015309007243	-272.1600591540223
-1.3762832983549425	1.2081768424829722	-1.7951173985465099	-1.50868122906917	4.689395552156805	-21.117648511800912	83.95488645698012	-18.48012115139752
-2.8525554155216737	-4.737771613131835	4.69878295701837	-0.28510231661616725	1.5217677563906342	-27.55133963602283	-17.88709506850764	-29.578726980583014
-0.27487233102136344	1.5995773470445016	1.5414807825006758	-0.2998708077601444	2.19402729415929	0.4459134795076322	-38.36933447955762	0.6625970292056229
2.6346478949021543	-4.880778150450176	1.5666867041481574	4.938362130333637	-4.2000639185370945	417.8617718307659	568.9244503267948	419.26329680311426
-2.1212391110203854	-3.40716555962533	3.320799656199023	-1.3722089848701136	-0.43073637163325795	14.185914649422312	-80.8207458516638	17.21079359022219
1.382765458295303	-0.9079728464417887	-1.825620655575242	3.082683726906275	-4.292761397226937	-30.33176228634572	-60.09400830607933	-29.460258572587264
4.7568324307562	-4.002468867800819	4.786358258139478	-1.7546586287527601	-0.25457767296813216	-40.70651909782703	-121.80530066126822	-41.15294998732495
4.095783607617143	-3.549577018112713	2.521611794315369	-2.7803691953291008	2.828216492641081	288.27498166299665	323.6057784101258	290.9707510742907
-4.016512450418784	-3.1440347761690743	-4.998129143320779	-4.054001463707784	0.8794650171103227	225.0330996082835	178.49420524963503	225.4601011339845
-0.46355381697511255	-4.664613340331764	1.0403940721521812	-3.4696022826244963	1.8799076351694026	-14.6733706212893	-51.02561466625939	-16.707323694806455
-4.032432486001815	-4.05169332989632	1.3745853207257266	-2.6367065204637474	-0.6062143146165209	35.897429679719565	44.469719083938536	34.57393543279063
2.9552642821726263	2.2262601051747186	4.588282518243593	-1.9925750632027075	2.997077280579454	-180.27479578586534	-243.90077722123988	-170.4458330668982
-3.927477435070066	-4.5153738793272336	0.37247054825055415	1.4852349043135273	-0.8748110562552336	-8.582400225172105	-153.3082546540154	-7.6750814185919936
-2.137404477110306	-2.1317698035090107	-4.132577122157538	-0.020332286657575693	3.1925268292617464	1.2222745462386462	-78.59874006995648	2.6281412474675565
1.551467727392489	2.58338572410441	1.359928084044495	-3.6804675512111107	-3.760578950142736	75.44068929380826	24.47703590651394	106.58312127180055
-2.3123252259401763	4.118076709824104	3.7140284059052124	2.5378934145090737	1.0846576079584338	-97.35418286841157	30.641893688666286	-98.5104906951837
-2.090981315718693	0.813799370003573	-2.1782013680161407	-0.94251121606439	-4.724878869409183	16.50603395174948	102.65200953079446	16.433896792371993
-2.9690919376940084	4.021250484742859	3.571575483169209	-0.24723819561176974	-0.9231730050747897	-9.732922540285518	-169.02749084928814	-10.301853433325173
3.4744875729293305	-0.3056091612893175	4.0520903246588595	-0.5982456479295912	4.0796284337458975	10.501139002957482	-80.07187155668095	9.190426056394422
4.397323658702756	1.3632864713535833	-3.2508489223061607	1.510453812820093	0.9915805230247532	-29.18823147215721	70.98568407477815	-16.777716762412457
1.4070539855523787	0.09411510640698584	-0.6428814885542593	3.49897825273265	2.974036647307887	-0.8859079069788384	97.08338263916066	0.8332623700219096
-4.435715838330845	-2.2891043572361216	4.369800597470647	-3.6126973718827617	-1.6654563889215126	266.9658905061872	491.59475147017343	337.6661379640818
-3.067240699505609	-2.8662835687194144	2.573991165572018	-2.0581142228526037	-3.8711798910540884	180.2963319855154	383.78393010989225	177.7318214699226
2.806085673318508	0.2466731997377023	-4.015650132595252	-4.798679127920622	-4.829190317397986	-64.41318789105671	-9.572769640228394	-58.094185613502674
-0.9280746272945191	-0.2519496772882892	-4.747885131635636	-4.577795117731731	4.643076331225037	23.597124526024892	-31.030048993547346	22.067600750371817
3.9488748442259087	4.586242543563248	1.0722171808945866	0.5760307024271762	-4.519480471107208	-50.55304222849449	-200.68618596829847	-40.43003075719771
-3.4035696097137724	-2.484391794064736	4.111536107458868	2.828095830222205	1.4050381075776928	138.14687229353206	0.11417413980825586	139.8629849105726
3.1945890716722776	4.234203527150752	2.6366344866965106	-4.701815843497893	0.9156903393518174	-153.5503840230839	-160.06882741658478	-152.58497303263894
-4.491945085757306	0.816378185796717	0.707477969103155	-1.4545052361925723	-3.419686521963378	-12.90447486595849	-195.15342593572788	-22.08737877608504
4.5218407706920924	4.777999891815892	2.048185254962558	-0.3803843429353151	4.359185701736536	-73.37677822394474	-33.7779430994523	-70.7562425927289
-3.5931381633572723	2.62668524101972	-4.168231683750202	3.2565554552356506	0.04489310531881063	5.75137819556495	38.23633535645364	8.86560850824817
-2.409497713341743	2.6356348768006725	-0.42543997901860386	-0.47530420013627417	1.4972070855175499	-1.9226648590811721	80.5521943906063	-6.192601685078925
0.08368278961080478	-2.760786497669674	-3.2884838025987797	0.10081742186658804	-2.3238222085482754	-0.17799309869501942	85.38766804725533	-102.2134424453677
4.947184087430024	-2.130915316899058	4.689174022821142	-2.1550316661885804	-0.17669894690080312	-18.82384030496032	-36.94203464318697	-13.296863937712505
-4.709223277268365	-1.4962679631450895	-0.9277508385177322	-1.6971591023228672	2.9671529855543035	32.919445521040956	155.83601164564283	29.486636588722057
0.10901539410637717	-0.13834648892593204	-1.5338074201684924	2.844139009418294	0.8153111986415471	0.053641514605433926	19.04360852078224	-56.8879315760763
4.593471529391785	3.5710802099313472	2.5718059681272134	4.557008482685834	3.6727475005724823	706.073224444387	715.6541118812706	704.9673596814177
-3.8923997498577356	-3.4480770518998116	-1.0096851137422478	3.3184631664641167	-4.656094396405971	209.38189664100952	337.8328253179333	207.09313962545394
-0.43685513170946244	-4.002089251795312	4.84396197241629	-0.9645480613348623	-3.7240861980326425	30.420653095863514	30.072766538988386	-16.93310233528728
-1.7255667138186381	-0.6567693699113129	1.7382949162783436	0.564847281377876	-3.7844974540475107	-4.211214520764116	198.01278744920913	-4.920436107033724
1.3245998597210047	-2.002992495582625	-4.315408140431657	-4.055659367728572	4.022883570731864	-186.8034266975202	-135.20753463892686	-186.37995606580466
-1.4296343678153045	0.09582646617967061	4.983853479142031	-0.12707281987000485	1.8130259694605773	0.15730133593557213	-65.21817789578351	-8.093114717130412
4.011298389107846	-3.181622074539081	1.9419897466908607	0.34899906817570603	-1.4225187162059596	12.304465402000428	-56.74678512374814	10.487451292015121
-0.6118744307404889	-4.004662312091427	-4.747200300998826	3.015647833679566	-4.579321816027024	160.63772714570436	224.46427012729634	146.98842379204547
-1.6911208476929165	-3.903265590073776	-4.983151037020032	4.427724231668876	1.3446249433548596	-195.83419389333937	-212.33547434357945	-199.00444979560993
-4.572137816415852	-3.7814997525543514	-2.8184528329790193	-2.0307890290596395	0.5057456249276928	50.04850432513681	18.192554408582946	48.5301504234355
-2.3140257363841297	3.5346109121267393	-4.97732730176533	3.462186492099331	-0.01919526822840023	-2.7055193337759307	60.527449192628225	-14.37023996079303
3.5569107640663358	-1.2658845378693542	3.4367147634139386	-1.3821929920082274	0.13958904194308008	2.9855927446914547	-208.29460602008362	1.8933730943026388
-2.267123976683303	0.6966864351776634	-1.5033716071312595	-1.5503573368535228	4.218224270731211	-15.528891070635424	67.65561903785056	-19.018193758114318
3.2684125133193547	0.2389390928465165	3.919376198868603	0.2276084725577725	1.1858304296451552	0.8261369385851373	-9.860490466203794	6.1776735288041875
-2.729318047517919	-4.184415392065908	3.882899851829599	2.1057994458307387	4.959498092778837	463.1267452041916	479.9222237603746	460.5620392817952
-2.1427247509689638	-0.003956536816440703	4.744182711315162	2.1506555646002132	0.8370705473600948	0.07240622867322113	-9.21598167753322	-4.200099131995762
0.4799792128738778	3.354459786219193	1.0405022349502202	4.750255941390986	2.6376462838015655	20.99044284523564	120.0126976051173	26.519176904008603
-2.699316548591356	3.4846751501612356	-0.45323010681225284	-2.4086591958246606	4.669182562123721	-47.94585604030775	104.1103712322556	-25.233151576066806
0.5589972084696493	4.295260847626674	-3.133353972621129	-2.181517799634406	-2.525804440553877	-41.45406511957878	-203.2501069049414	-39.07919417187581
4.284658879690516	2.459610876792272	1.7844978661535666	-2.208717505895401	4.387547044412393	-182.24710945548523	-220.5128393687035	-181.9869935794384
4.592803190669233	3.538132563552802	-0.7073618825812487	4.8709351663152205	1.8053191075414121	-101.07876276280366	-457.2900184536348	-149.5537098214273
1.234986139718969	-1.165459698366428	2.7638763134128874	0.02378186439295682	-2.1980327735030603	0.20794956188081315	55.81667804795657	24.935933500291434
-4.959909722685713	-2.122312714813704	0.8258169044152766	2.473169332544483	-4.212817376405814	-90.57188407082786	-101.90025897073289	-93.14029244627103
-2.376633030407934	4.234442628283176	-2.7825404794854114	2.1043763533454722	-1.117868235347287	-65.87397967299043	30.64695789098235	-61.16133059664608
-1.9287284550867434	2.3927971509087618	1.3082231597485734	-1.6411813224520744	4.1483654478309955	41.10478473122687	72.1996863236358	67.85915455044297
-2.5826125573814798	-0.001188083072102053	-4.915770692784001	1.3930471018730772	-2.2346573120112065	0.046954196857784805	112.14351980926611	8.009776486782458
1.8759937188394513	0.031323888012727785	-2.623082579755579	-0.8253868993997813	-3.753043882793974	-0.4774855352047925	179.07533179002462	0.2806100466363592
-1.8285058803604248	2.6597867249208127	3.5975171475795715	0.56651088338314	-2.279021926205813	22.589301877196874	-116.75106942137467	-0.9554508121164815
-3.1388234709013063	-0.8707129848371746	4.384674435775253	-0.18619274796280116	1.4365061145389637	-3.2051584590736057	-37.79319016023185	-108.5841116715137
-2.082381523892116	2.6718111284625667	-0.6135000613949018	1.7620249885942432	1.8862936027657593	11.344935256423078	-21.443205384621415	-6.675923501854964
3.649822038562421	4.6710490123162565	0.3220140234695066	-4.001474672155294	-0.021438702146364008	0.47095505382475816	95.43312655339903	1.159528117594822
-1.6334228691815489	3.5437226663476125	2.7407464514913364	2.4298619483936417	-1.703640698883111	65.67299539601375	121.69888239457248	66.00046877598146
-2.860031346124062	-0.4748514294683259	2.027263448011861	-0.8442539721077704	-1.30372382271164	3.030382482188566	5.387670641636921	0.8928544863684715
2.789349788100443	0.03773080891501834	-0.18215899187150075	1.678885114428951	-1.2858463810287093	0.04138660236753606	99.80128572550448	-0.3381644972585217
-4.827640303346074	2.5876222410880505	2.0419128709885506	0.6854348230933995	3.886264749761617	-67.94719523922255	-39.32838517703854	-69.50396643385304
1.7815192637323811	-2.823593692487324	-2.106233376639808	2.763554819862387	-0.941709817289583	-27.573023969263236	-245.4048435712339	-25.472454501651157
-2.9290249185195396	-2.2045124045395372	1.6314952179138231	2.0383668439745906	-0.7568528791961135	-16.252315045198454	44.48328155157061	-18.07067116551963
-2.4485255528461503	2.2686667793023645	0.9226682709849232	2.2525448304645677	-3.9850238156257243	46.00714702543928	30.432182886185636	22.772696636357715
0.35513182999059456	-4.941790508606708	-2.5785716087595825	-1.6425665271011725	-2.341681919399016	17.40620114172128	99.50671849730725	19.014034877463473
-2.30334181069199	4.765112639329905	0.0012933879680421256	-2.6434591561799237	2.5533248024659763	0.0958162229624289	292.23207731731935	6.564036495080498
-2.9257908999790896	-4.828600072464236	-2.127220588922815	0.19789484949240066	-4.407396155361475	26.211605855138387	41.63733979220869	18.434860989755588
-1.9183728677057044	-0.3754666016893804	-4.205455504606955	1.7995333411579173	1.5409916247085835	-8.399966489576983	-75.15461606959767	-12.13157179493439
4.691281512610674	2.2579056992582345	2.4310719746768195	-1.4064326654667458	1.5592763667936271	-56.472518001553425	-125.4393691617683	-63.336067903675364
4.502675422616726	-0.9341995522793294	-2.300904172760103	-4.175897658004927	1.1384953530417974	-46.0139945944329	5.096454466164602	-50.47552583047665
-0.6486248105713539	0.9162682635739614	3.014637067134835	-0.3019506346907983	4.263174445760553	2.306323832552366	35.77543410951483	0.5560481553363135
-2.4317645630119467	1.5477480822672884	0.28516440988924074	4.663146161136861	2.9499713222411206	-14.764336824529089	-24.33579659130254	-12.096163158514296
2.231275344337708	0.39101585664184757	0.8664423376426109	2.779705458530991	-4.296465613194146	-9.028119969116496	16.33114485551826	-8.793030190146922
0.5503789590478654	0.9253681940585912	-0.6982924821917811	0.7307958335574689	-3.503810960355076	0.9106478921368266	-28.923621978581767	-5.06831467247649
-3.095363136764443	4.215292167409764	4.379886643207712	-1.4805002884718297	3.548869674214334	300.26222993060856	155.90095048303215	293.9225343413679
-3.0650125492037072	-0.25872898647696285	2.8532640730683347	0.4327318250732537	4.079388195975607	3.994231050856813	20.709627906915927	6.89162882231927
-1.9013344357696091	3.072184948569218	-3.063947446537324	-2.4587055620855636	0.22444986994212268	-9.876727341468317	123.58393085019165	-11.681068424745558
1.7372105892799112	-0.7992719153682648	4.00931529702115	-4.174164075766447	3.8120810681579513	88.58269235460031	231.28041717855788	90.35538329680651
-0.3968395233043829	-1.6088092401902134	1.074963300427405	3.7406596861873	2.2154370492360727	5.68749099756678	17.08584923154895	17.669922802045683
-2.768331331208106	1.6267876541332953	-2.502391263446907	2.2304082914565315	-4.0771496601969215	-102.4814296344103	146.28350239792576	-101.38545286620402
2.561839068862306	-0.5887023058330154	3.3902793842120733	-4.727508155156251	-2.7133781766090417	-65.58819580393246	-207.7884727369293	-80.18541267753524
1.1066646099461606	-4.914723909915812	-1.1741670148218617	4.582638558331341	-3.472926560274053	-101.63802752605162	-143.50226105766578	-97.58834651190337
-0.021593559650586513	2.2291002791736867	-3.284282944956641	2.6680414923096176	3.7642876610397007	1.5877049377701575	-29.727692828310648	3.1016446221696556
-0.12209238875726491	1.8005289500974353	0.39203887789620584	0.9844617587621274	2.111360171397698	-0.1791344078582027	-21.55380347117256	-2.1356279044899256
0.4608851025000611	3.4923893532562893	4.698581491408838	-1.707259153672159	0.23460151312927024	-3.0290911933826608	-168.42505168630166	4.46599421025522
-2.9643690673251575	3.2502905157421225	-2.739760306172351	1.1424298675159106	-2.064478363417993	-62.259683282550775	-1.3507931469843086	-63.58756853401351
4.368588758312722	-3.1637365701682607	2.3737497061668584	1.698206594400129	-4.590086698883871	255.73361286383667	232.0369160130077	255.71332436148984
-1.648558078063962	3.1374235799534596	-0.6731154105502064	-1.32687004700779	0.4695238724360742	-2.168967329209724	-45.8134520115371	-2.501359930143407
0.3844199374967614	-2.5143511263630645	2.4090744023817576	-1.0080653815965301	2.3295094268544947	5.46808448577086	-67.00054339811963	7.144928408050106
3.1959990347765945	1.3982428616654872	-4.224154260592017	-0.517453774266432	1.5758493274685383	15.39271646494187	-208.94722307339202	31.431942498583094
-4.215321768581748	0.41718609773207493	4.245546512103681	1.4296897090776417	3.231055707592521	-34.48898386013372	86.64169546709974	-58.36453859698625
2.930097653586394	-3.9600178716803036	-1.1401157637726413	-2.6005751143885303	4.296923737229989	-147.82750232829105	-25.753249030565726	238.3390660287408
1.3994071047557624	3.4929118118468647	-4.73598606838507	4.467891112367914	-2.5042578503843984	259.0142963235365	413.5796194670471	256.9200717845836
-4.599303371433129	-3.1730399551893895	4.157224584867524	3.163240492687434	3.345988771141357	642.137118756802	779.4521677277853	666.3308597718708
3.434779705517215	-2.3874827730528425	3.6423659207866486	-3.407906143167577	-4.917151368665707	-500.5228535121601	-455.2303325512375	-500.4191416362013
-1.5732500640556135	3.9865143682207975	3.191075118279251	2.847109600739792	-0.5825646825414257	33.195289282156274	-66.96394033582868	639.8461689595756
1.3577153517019696	-2.599123130559083	-0.1033132361087521	0.6149415992130471	-1.7168515650914729	-0.38490909198978285	115.90317260868669	0.7291408064259683
-2.3193462175467605	3.418028091179492	-3.5178747081615325	-2.647478749198764	4.574909764640015	-337.78207002449943	-458.0460623966556	-343.46186069700224
0.22066374231321895	4.629984497334403	2.8070491504709247	4.720883262790997	0.7966065594389171	10.785186830606927	23.31222722095781	7.4776501407607245
3.49911741260655	-3.996013292581786	3.199946293897458	0.16988747637823742	-4.255644815043969	32.34855367623161	-61.730588125114345	32.61895074214628
-0.1636382893147159	1.5026045102054217	-1.0003380165125964	-2.6099892911665448	1.8457648501041302	-1.1849267103067451	-10.869184355470555	-1.8270372011924378
2.4880231658898477	-4.910216618011657	0.21576502710845435	-3.01324830900938	-3.107176501893445	-24.679534797096217	73.31129501594458	-23.55998412519991
3.709686537716948	-3.7117058409658243	-1.2153797129035162	-1.819768321559124	4.945883063706333	-150.6200168372101	-142.26117132255058	-141.91275486431923
-0.9286893078301963	1.9740235844173037	3.8194777496961887	-2.3196789812428884	-4.873219364344809	-79.1535897267555	-85.42517098445957	-113.28151000417205
0.6140869995989284	1.4466846074299458	2.731311689328521	4.062646141018128	3.1463970717606884	31.016840249584487	-99.21781405305357	18.1346323117122
-2.217696826553943	2.194685639712258	2.0874693015171424	-0.10456256705829059	-3.333514813844649	-3.5413856298638335	-15.411058712924147	-0.42926791609468173
-1.9127116361586483	-3.7000129470118504	-0.8932541960832872	0.12261074107931336	1.0218787935051656	-0.7920556798146888	170.88160913946825	-0.30158174687260053
2.671645480305342	4.776271458468953	2.9705148806555526	-1.1680474937418506	0.5727611996995483	-25.35908936445316	215.2841490116709	-24.67172171340733
3.2451163285488747	-2.8152119069425185	-4.183042894527076	0.6480340639990398	-4.182957590086121	-103.58931828553877	-29.814858161184574	-78.30660175082042
-3.070148809684703	-4.407173114100629	0.8647159308909202	1.5018373799284257	-0.997664021578375	-17.530738698410143	114.33244159356494	-18.31736720620972
4.40971102668367	-2.3631845951741184	-2.6041722504788565	-3.7273726636173086	-2.7617690078351007	279.3622062731163	204.67764401188015	277.9737554793351
-4.928702152051569	4.181532470251396	3.64125483750734	-4.072455405745701	-4.412680021850079	-1348.5836681496496	-1328.033195144544	-1350.7780844752458
0.7616607481135365	-2.9878532186424636	-2.697041699911835	-0.5728867784398686	-4.861652732127032	17.094689940723097	-33.02622553848917	18.560880166748266
-4.166409683204791	-0.8022239311707144	-1.0927900556842274	-1.6932651678184572	-1.1309347385591053	-6.994502640305513	-167.48182790561276	-5.532068110560973
4.103526858889698	-4.348714206193134	4.1527077555009235	1.0339547380498928	3.3746691930878523	-258.5724503616278	-529.7114249249591	-254.01017287302906
-4.499035135567285	1.1277900531530571	-3.629546650487996	-0.26168092450009794	-3.6814780632689716	17.74166235855098	21.3016249693542	14.834535701827324
0.8199167049808951	-1.4681663164615166	2.2365079816435145	-1.5245200783612365	4.44699951590365	18.252219122181657	35.15097298765239	24.71096938097378
-4.4914502278690875	-4.332079060167521	-3.536303992101976	0.7709045362209892	-0.24750937833799913	13.128793490005204	37.02790703431194	7.541600531284492
-3.9019709669658207	2.770591295125304	-2.0373367899920956	-1.6579781492057921	-4.929025894913259	179.99449763874708	55.51579183330402	187.70629695531113
1.9277696747878013	-2.4545535072689386	0.3792835776680379	-2.216477886501554	3.4723420303513244	13.812668432946543	-37.62666173286754	15.263770857394837
0.7000255161703155	0.42254068323902416	4.6708533795401905	-2.547145155218388	-4.061842790564794	14.294054740695257	-74.66126742823523	15.922249880504072
-2.569794492820281	1.6059112896027656	-4.933202982242455	2.4325252469465664	-1.5705105533205543	-77.77627623185094	22.77065816847532	-78.44122142736977
1.2284817765109155	0.03423717633106982	-4.862423532122108	4.9214599185173995	-3.202867201661068	3.2236829869106653	155.6439409140353	6.829071498643401
3.3922255643100776	-3.7562046862424503	-2.104389125851429	0.396595306422177	-4.462832352593734	-47.458954297372856	-286.00439521921135	-50.02387020984318
2.478658481080994	4.250885264193414	-0.6648841032137387	4.547458009515564	-0.6992799402569236	22.277260964670827	48.81693503646312	23.916518301035264
3.40641087022005	-1.8692283306945612	-0.9137606196725674	1.128976491515422	-2.065957744740502	-13.570572057889262	153.40997101236792	-12.098713037797502
-1.3873148103620392	-2.485767439442564	1.4078651897892733	-3.843868902689318	-2.6474674270173306	49.40783015778967	90.21893752425069	50.280860090635
2.235157422594334	-2.471043857968339	-2.1742284160830794	-2.106307311657228	-0.24865531584609535	6.2894579898361815	277.28979850646266	15.44928020788685
3.413592733119163	-3.7569015163646133	-4.940165494183591	2.42471920435852	-3.093549926234819	-475.22753436305885	-567.05420143518	-476.76624555444766
1.46004134896957	0.0016960885046177765	-2.481591103206169	0.03817231899592688	-0.4127303750832647	9.681861509242238E-5	-60.04864092395966	4.913765470236589
-2.41973910698193	2.7368138936932587	-2.314035992888619	2.6408895088616386	2.1864905507159014	88.48746534498878	149.3651790072482	84.69012165548008
-4.812950313206366	4.194202467527051	1.8527787014726087	4.162224281421093	2.4522545705101804	-381.7467517932134	-405.36671294557584	-376.16699426606556
-1.8871483973365888	4.917281029409194	-3.38618811292253	0.29732924916299286	2.3696541446943424	22.13934467635637	96.91812674977164	22.41212482230129
4.258302784964842	1.5994963245867977	1.4202571772245136	0.9127844093998183	-0.925313980457255	-8.170414980693973	83.82750447257541	-12.753966948527019
-4.576480294820408	3.617228990239953	3.1438479739180227	-1.3419414046437272	-4.915626308391095	-343.30612295092527	-348.4041126811533	-337.67779941020126
3.747376069198598	4.306815165590843	-1.723805277625996	1.8015752080473195	-4.0370061013065115	202.34082727591453	283.25523906943624	196.03235158572423
3.4066802590063094	1.7762385473887319	2.9847950637813874	-1.186287865277642	0.20234306939028635	-4.335364369607603	28.071365292660893	1.6044616684688817
-3.014018012102546	1.011125256562627	-3.961845420814256	-0.6485933969045021	0.9777057350648812	-7.656477565846867	91.40309266770385	-7.306401567222471
-4.25927915573152	0.12420010381071478	2.8802957828089095	2.3079319537392964	-2.1719943207668546	7.637950469488658	174.89467041168785	9.184285858531835
-3.9509617940395882	1.8112985019493735	-3.5422475103032314	1.5750873921802375	-4.997203694511131	-199.52782538667017	-72.13693077492233	-202.35547192816398
3.998838052634973	-1.1277634711601148	-0.6740250857207473	4.354581031981066	-1.9895152490390111	-26.334286050328757	-56.27012970488834	-29.556399745917723
-2.766258808571492	4.214649864884093	0.6373704381074097	2.2339234256314224	0.9027804181389811	-14.986376540097824	60.90247468234854	-62.61059122542406
4.456993427600937	-3.0917448735037603	4.299289840476014	0.8214363656385348	0.3160243623686876	-15.379310199563326	70.27829950377343	-16.588473047217107
4.483119855643304	-1.623001728976928	-2.4018764735649043	4.371857383892991	1.7499226472073186	133.70105633813625	-146.3555623387071	57.494575414316
-3.0556185977019124	-1.0211572046788895	-3.2077567660269803	-0.4676834344544947	-0.7898298082392632	-3.69724889203186	-97.61602873012598	-12.568296276236655
0.45889698126115874	-0.07349582486169659	3.305428755294095	0.5440399995824627	4.400359351404784	-0.26688529531943367	15.011139345444503	-1.9885419912413826
0.735135954930727	-2.541801338947116	-4.020842437337913	3.6944202601864955	-4.680704920001821	-129.92235495058932	-77.98263164565634	-129.31813515035267
-4.248254489101381	-3.8611361554809607	-4.2559359083286505	-2.871153621695508	-4.859178475556206	-973.9574894317113	-1092.1729642138016	-1007.320385488115
-4.2156719699147995	1.3413552898583223	-0.695402498793185	-2.794518193870148	3.588220320400742	-39.4305582859568	122.11670849696088	-41.22139452842466
0.8749411497968831	2.0498024205448795	2.5826782144650373	-3.289859747456986	-2.77279030394146	42.25280580567934	148.3552807164958	43.80952008462051
-2.0720323413536668	-1.0074312325366384	-4.717243480050671	0.7068629535216209	1.54844563348734	-10.777832161491961	-73.45116927473627	-7.936124745018395
2.721903554835655	0.013301857815272378	-3.58849872770711	-4.771742399180198	-3.2430649859536786	-2.010622195306437	-333.83123245765256	-4.074172238417977
0.7632828371629321	-1.4738614830123096	-1.0919615653447847	-3.849127247316382	-4.810043072609341	22.743680872053147	-18.29182765856524	16.400697742777506
-0.762605271398801	0.8519494240553929	2.665982768403934	4.316340855981959	2.1794444009894907	-16.29417896594279	-91.27820824380619	-11.30419990415683
-4.524142582742052	-3.751990265636893	-3.7577879650119703	1.6266258428438176	-3.9749639826950234	412.430831249798	201.17759908545284	408.2181729280213
0.4706794295750001	0.1167678594041277	-0.9910562037364636	2.762088351083979	2.7306141648652984	-0.4108135188309922	14.461336207741459	2.9989272875599586
-0.035683093295761026	-2.2494758493412457	1.8277578528870029	-2.3219246183446773	1.9875704689439306	-0.6770693283985617	23.22281814739288	0.15211181269889784
-4.08258483356009	-3.9982681827818323	4.136522561787771	-0.43118836473609967	3.709946241606607	-108.0132878979019	-145.73596771054005	-111.30678570983834
-3.782492533061035	1.5940604871082789	-2.65257750521784	-0.5538050627933142	1.8748360563586877	-16.606234919107457	300.11377409559054	-11.722849889326874
2.242415226790272	-0.5270501150981355	3.356932660342917	-1.254783411146867	-1.505826609417451	-7.496426918514508	56.08789417982456	-4.581371652184472
-2.5839051873650076	3.248751421478538	-4.419633802819341	3.9265789665781057	-0.43428439271081754	-63.26563927215665	-49.59791843899028	-56.492402885936656
-0.10909825306624299	4.41053748895505	-2.319725482025622	-1.751866087689813	2.8427005020911427	-5.55875994602797	69.17220387294552	-8.883233789347065
4.959024581876328	-1.5160560426423664	-0.22425900860018277	-0.6378082984793689	0.601129107855912	-0.6464267772651926	-204.74755999325907	1.1723597368769452
4.680895927898899	-0.33490075634010275	0.023077803121025475	1.8603335159874126	0.9012006269858199	-0.0606529422851585	-27.98187955982724	-3.384211681234868
-1.7395582478814555	4.715762493816978	3.561363932580891	0.353079719871765	1.6566733971944316	-17.08901091902755	22.717264537647594	-12.587408216922732
1.8196751146376382	3.4492918068981595	4.099812897101524	-0.9633205078559284	1.5078741925545707	-37.378661380805994	75.83124177936017	-36.35715041588648
3.3357652143290437	-4.856480130000868	0.32095531957226253	1.3812603468414526	-1.3520778449481883	9.710440034278603	-1.8846360054990559	7.172862247141317
-4.345260454580814	-2.6267346206573294	-1.0714513585036798	-1.3675112206666808	0.26681644176244657	4.462188964250572	45.60370584171547	-32.23314560472722
-2.0857467910661587	0.6694872137729666	-2.592984974688066	-3.003323173277077	3.765617928844387	-40.94889543345594	-78.37271808668137	-43.33695886752655
2.2626311316395986	-4.4478394077017605	0.05865816028315152	4.080683937533244	-2.6546889831800433	6.394961005761755	205.7906240713614	9.438220592489253
3.003388372211317	-4.394367451880251	-0.1871148167705723	-4.577736309907653	-3.372615601610428	38.12709005665672	81.8712190041633	37.83497624063993
2.261742819194411	-2.1681029377544805	0.7307212730620263	0.05797026212020562	3.2036471957815653	-0.6654643829106449	2.7764161954963957	-4.221951248046224
1.8178460917535197	4.683580451264206	-0.8817709613683666	-4.497749311058893	2.3472318350256796	79.25781956279441	71.3707617908413	83.10609848443258
4.228604950976617	3.4700208603501324	-4.545528212806024	0.42990249954695514	-2.7395594693489747	78.55326842678467	-94.82999100413453	75.9335595302341
4.009011925354942	-4.2853187848009355	-2.835378227875659	4.083550835028063	-4.03719671508329	-803.0625260184378	-600.9067530271345	-804.7220720362038
1.1780169285544577	-2.8485253149090415	0.8480089413607992	-0.34831344108370743	-4.227132941352325	-4.189750741742495	-48.65408379174861	-4.130438771286779
4.832559142943682	-3.133589653714186	4.436018528378952	1.587384912006371	1.028112527458342	-109.63154965216583	-78.38338589058684	-105.37570626740168
2.7689986639794073	-3.498848757113767	-4.915022372567973	1.5934311806238437	0.5654243720179162	42.90236671346861	232.39226376996965	42.968493422905745
-2.17968627403892	2.55629702267131	1.3426347200814526	-0.14461372743065048	1.887787698489893	2.0423296823393917	-24.47937090745751	-0.30372217240087407
-1.5896767521777253	4.168540896784167	-3.3332692391463716	1.62918038698467	-4.575270992246631	-164.64527796807369	-129.26180921202777	-161.4915263493431
4.633609230121445	2.698414599928876	-3.7274557231954617	-4.3442257149252805	-2.784875324961633	-563.8436785939689	-443.9632248966172	-566.1706875345013
3.1070640481180263	-3.0964492497699814	4.350567548230108	-3.141513101338723	0.3996917901666759	52.55622838331182	33.92135901914604	54.81143017113689
4.929875524237838	-3.0903917773524903	-1.4743195057164904	0.481459758252476	3.744408060690734	40.49340244505246	160.20961229511403	40.07957804714023
0.7150982267121817	4.021700859255786	4.456205213608518	1.5038504901102545	-0.5294067251716523	-10.203161550318828	-113.49310394826487	-13.75518695587428
1.539916199667129	-3.6112232884310123	2.1287219830784396	-2.409859560310399	-2.9119556593864915	-83.07050809364642	-57.536047287739976	-88.8742941145386
2.9120538551439292	2.382742947475844	-3.869873467183884	-2.7603651240180738	-4.702151584346374	-348.52707184411736	-468.8295330353768	-365.9158216826202
-4.795979297289304	-0.22535928367790525	-0.49836084158541283	-1.5902775060932783	3.337415096440994	2.8587738837565206	13.087279202317273	4.473722192866479
-3.534765898273263	-0.003134525206238692	3.8170774902076445	2.7569147289351044	-2.591465993967109	-0.3021567131149377	0.4443539776933097	7.9160387817405
-1.8691918674083405	-3.7262995341664262	2.368807548586389	-4.599749889021934	4.445553589383961	-337.38167559401165	-274.17989131381444	-354.13777079540216
3.7502848761937404	-4.949117910922446	3.6716913261032715	0.9591615744096957	1.2592627390590216	-82.3126052809924	-108.83513160595983	-81.66010228083252
-4.790150528568291	-4.205016975900372	2.947124328607754	-2.1783742335806435	-0.27137044446143577	35.09218494128036	32.77954796012277	22.20053569443379
-0.4242397232107544	-2.65678512053218	4.099225108893602	2.427097891752222	4.317184863823288	48.41249532692769	249.07254642698905	47.85297383105081
-4.27977027494169	-4.547613532883946	-3.025659139375645	1.356715250535733	-0.8431559818022265	67.36287911869196	92.25523137878845	71.25443285879875
1.4814853563848205	-0.4325760145054911	2.357134833238704	-1.7950072968560593	-1.5275266919170472	-4.141896574225414	-11.282437137581274	35.6077692363922
0.631126318219212	-1.5240736984988046	3.6428969285575477	-4.409837897298104	4.295053043420511	66.36823983941045	11.456458685279848	66.9943100170742
-3.757851446972882	2.732061905113121	-0.8505944987266778	-4.531016459712958	2.73756357647395	-108.32097659275182	-269.9811611137366	-105.37790657807554
1.292268571070334	1.84314640709359	-3.035725326371587	3.508827599306974	4.0667879850245665	-103.17836749908508	42.412039503914855	-102.98133688064141
-4.5823737308580235	3.2985838908261442	1.5301451558059735	4.570755639250537	-4.04112402198507	427.20945402358853	410.7051724181718	425.8815781393178
3.573134623945343	4.490861083645564	0.8988329119822094	0.6909448131847817	3.1261981650611563	31.154288093015996	227.9597226093923	34.90836454564145
0.7000434918119014	-4.185998408706553	3.9851448845037876	2.5434197934513882	0.980189712939266	-29.11363169588195	152.0580668342223	-29.304962015871414
-2.152471370420633	-1.8590819949358695	3.0450695054795034	-4.9352374599100015	-4.889154164598068	294.01868027882693	208.48860314088074	294.287629287946
1.4227636292920751	-0.7277495761668709	-3.7806515334409063	-4.946705398784831	1.8239895116522682	-35.319923075485235	42.96271714305419	-31.511568925816267
4.058552630431736	-2.926201687478823	1.4953863190164434	0.0768789689596785	4.900591114332006	-6.69090494653146	-39.36453849118343	-0.5137792201647784
2.9827984029699683	4.92542708645469	-0.45980498713106677	-1.4696758168465731	-3.375106468207467	-33.50815370747331	145.31696189945268	-36.483921315065395
3.2680740481874686	3.768768119098457	-1.7560076586942976	-0.9949414076802068	-1.8834277142009714	-40.52884001448062	48.40885362036386	-40.099071618717694
4.8062475728606895	-1.5430153074616437	-2.456497978072073	-4.233854714416162	-3.4590818545952695	266.80230267896184	248.55881767785934	261.76104668524226
2.3308774789291604	1.513453679095738	3.2941982106935477	-2.174184227793854	1.258357773084474	-31.793532442820663	-64.47628331321712	-28.83584928250182
-1.2667273048918104	-2.596291313222677	-0.5117947468265749	-0.5063153076265783	-4.876711556127129	-4.156047504938015	-86.03001566558808	20.2733175051896
-2.220625042551041	-2.160194095020407	3.280804000604359	0.5053657145254453	-2.6982018848140688	-21.45994031239227	-9.48362492967891	41.21851028058248
4.847984552594838	1.4581792215295186	-0.14673952759002695	-1.3768222796372456	1.7394619659443622	2.4843459473578346	95.8211966256651	5.821312532135697
3.7088584438829244	-0.9055834204871918	0.3287029563925081	-1.518096850317928	3.376246097167922	5.6585597400270595	-237.97329124094966	6.869173022371902
-1.4810741971094576	-3.8089765106855755	-3.67490355465802	4.080507277217325	4.86895586981656	-411.88981313548925	-441.6519517892142	-410.61869350851356
-2.129109676994476	4.382249747933294	3.2474773919904045	-4.737972607034843	4.825255841627769	692.7143518482204	767.6871869682475	693.0980471120422
4.093261558729072	1.1014132735856759	2.2440998737114004	-4.845170295820028	-2.664346761972144	130.60559360796674	-43.903958367102945	127.2337998535482
0.674864719017096	-0.5264979030429648	-2.343712046090171	4.935177133077765	2.9534055288737457	12.137897086923319	8.524497551903947	8.771379300597985
1.8043261698194044	-1.5599656235405468	2.3769415980152626	1.3999132404339845	1.8679753243347168	-17.495277823884148	-34.03872759278933	-121.43667299586443
-4.867379893695039	-1.370774850879438	1.7925423973423529	-2.3558584357763346	-2.096370540494912	59.06742605695623	72.67687615904586	61.38693123143256
2.165975145917953	-3.4375160494641213	1.9675583992614722	-0.6599613988761357	-4.489676638640667	-43.40696609958249	69.94038865772976	-43.816327923368505
-2.36793574463666	-4.565538704385395	4.5367636900872	-4.079734458287289	-1.8693174924531064	374.04432265436185	350.53691853030017	332.9085357995112
-1.2472401960179056	-1.319685620057125	-4.801005969310309	1.3055448500894453	-0.7774940585155186	8.021243568733086	24.232581337506538	4.1268742053913545
1.8731708490976642	-3.963806834998681	4.44610264455215	-1.26167698382329	-0.02029062127956216	-0.8451093039237517	-161.50361390671108	-18.648366532758946
-4.227066588967952	-3.2944440125592345	-2.526966775525449	-4.129799924372778	1.031636575015292	149.92584161720714	300.28649816154757	150.1373054528329
2.329739677607926	-1.7681951202429156	-2.402393255642332	-1.736097728248457	4.993157519822825	-85.78890402932633	-37.087373694247766	-75.76973791626466
1.3587148026748617	-1.2373772835007535	-4.057175481403089	4.693885792048455	-0.967296878584273	-30.970380613620712	15.91806796938819	-33.740325356833935
1.605573622802174	3.862744661880095	-4.026475517767515	0.8074701020805621	-4.790468854491895	96.59524765476672	183.72190978562173	106.6674379771624
3.8082251613768605	-4.894682664855608	-0.6700490987890051	-0.3928269853488935	3.71534901394085	-18.228658850793007	236.48407943453822	-24.60129051381289
4.33302579585831	-3.6854272860714676	1.554639957468444	4.372282486250091	3.245090489996892	-352.2442984605527	-243.69859551350274	-352.45227540138046
4.055586785981067	-0.7311669641764471	3.6923648283585653	0.933063333093596	-2.9726625336895096	30.36907738086114	-167.13525953536916	26.937424002693263
1.5203035557132383	-1.3581843480427391	-2.2897446646950694	1.4524136380274513	1.1320904517872643	7.7740536602273	63.78362463097159	7.578012125068037
-0.9845146145282726	1.8559883707718665	-1.889795487649737	4.155561506722375	0.427889840263064	6.140078382257292	-118.96812702217653	5.558976605702533
-4.897198835883081	-4.886539902226882	3.7775174934621205	-3.8768872191320423	0.3984048960953013	-139.62510267960468	-27.843754049663005	-140.73955909106732
2.898031897102623	2.3585256060138615	-1.4940243488624727	-3.1488547731273933	3.251055843155921	104.53903647205273	153.6727349149432	208.4714609054521
-4.08935452947598	1.6582125273088666	-0.29282760377663664	-2.1545941325901663	2.7934196564503457	-11.951120540023703	-40.804614908801895	-3.904880056407343
-4.472794947109073	-2.2905203655084962	-0.546665919054993	2.4401994801438462	0.9611745405065566	-13.135987743640909	-157.09362045274116	-14.794685155325686
-3.7465769650840985	0.7797879119597013	0.5225844874827406	2.3135398290813116	2.3802850850408985	-8.407630693707803	129.6638879315451	-11.11242905297549
1.6859725272466584	4.1189528840077845	0.9504927439069135	-3.160097654574866	-4.533695258956772	94.5668562909473	154.64652385321136	88.24497802270668
4.173763463314607	-1.3303376082095575	-0.7946727326731882	-1.2030134440952942	2.817519055403322	-14.955996531636217	-123.62573910714151	-18.315605448872105
4.774070349481333	4.336948417536595	-2.0080030104940025	-0.03702457942639015	4.3444045305581	6.6874080343214475	-71.02498386600816	9.630824235170696
2.370447510667405	-3.717612812327747	-2.998611899358272	-1.8860267430225894	-0.1575783863201332	7.8534277866894335	147.7296319436624	6.915475698325685
2.9773379932920285	-4.606705767718583	-3.7254773000281336	-3.4305414576968385	-4.429485455878184	776.4553515934398	797.1139643146187	777.6721366628724
4.481523597909719	-0.4725666612819621	1.4608956941898619	0.12283730548711524	-4.050157837774209	1.5392536993438075	-9.384158116973257	18.089328728726564
0.7436363837778277	0.5724604234762474	3.582861748850604	2.008831900698528	-0.2930778102457241	-0.8979717678444709	84.2240045422226	0.684613650502845
2.397426037423971	4.098537694557171	0.6113124067301428	1.5891382130150875	-1.3561121018375832	-12.944778511890899	68.00938866620845	-11.722667864238687
1.829200123465455	3.782816590211471	-2.957896854568266	3.561203227112639	3.284220067171212	-239.38037404738324	-407.7439912732955	-240.19323808836234
4.498332234755203	-1.910107698466267	1.25560027668012	-3.205181648775828	3.4447277181717944	119.11551505308354	129.79720868600987	119.07607530459437
-0.633523143736392	-1.6255904447061842	-4.631868310678805	-0.521021080421531	-1.3324710451414812	-3.3116383398465783	64.05859045063198	28.212196744200778
-0.9596702179740078	-4.122310936479013	-3.374476881702322	4.271530382838456	-0.018414255366625554	1.0500425122433839	40.49737619828902	-0.03953623858312749
0.31204357996068843	-3.9482373702991334	-0.9658472627014527	-3.5692026795070273	-4.366626042529031	18.54574016540751	138.2877040711704	16.88866186537121
3.618950459290703	2.8712051751617036	3.554824171883247	3.6904566977054927	2.326386907604377	317.12249495849574	87.45797745657046	319.9787824391122
-4.080727872228996	3.929810337821557	1.585481272310128	4.250064411878217	4.399493377618294	-475.4102291646932	-487.1542209261527	-489.21594949438156
