293.2817742089434	80.56261812649203
-1512.4370976258438	-150.32047230331338
-5094.48830250619	6.67243175578655
2729.9981992545213	420.6232878701556
4137.466244502895	-621.1678677055907
807.4311583883431	316.1806747829529
-1829.6515174755611	48.25578421991358
-1666.228885188912	119.86098163238155
4218.360200025893	10.582047644376784
513.9830132429538	-74.26600867252277
-540.6078589943398	26.97352753794927
1369.3280456193218	53.99103330890645
-8656.590719042744	-41.70828040126743
6490.061849106143	215.75220502441834
-1930.2653377263628	-35.84674254616134
4523.468849379057	2.507518205857745
-3482.64002019953	-2508.705593385761
-383.18131512385156	20.367003694011498
1134.2730729058217	-57.52691778925608
1573.76507672964	39.0282309103738
-769.730136970582	-8466.558495583538
-4318.492589911909	-278.8299458104455
-1582.8572555956534	-97.25836777104092
9606.999780083534	2284.0984680817555
-1050.2248282102819	57.66161519631088
2773.38354118749	12.742911882702225
734.2123302891146	195.50341300188487
4352.851161980681	557.1699438918248
-3322.5796166665805	64.40829399521296
-5663.220271290276	103.57475211762376
-7330.162345567666	104.16165432144948
-9541.481366920154	-196.5267981902305
7861.324580077685	267.8029462856413
-1024.1616845942085	273.29600814918507
-14510.855246623825	-60.34033505369507
1153.15550660616	-5.712097571894909
6422.599685911338	293.3891927270004
1807.7104187113962	-344.34087274687556
-2765.065837782489	-6.703278870418059
982.4766859453078	-127.89544200313388
2099.4590850653512	-50.623871307066324
-152.86339059852645	276.687039570606
-5569.635680056162	52.116933728007744
-3104.8348754523454	131.23351153171419
-1351.8961381582988	-216.037838653063
6337.425987349831	-36.02491771440984
-3800.949800392114	15.330559997527534
-4089.714342782632	-24.50506099521679
1841.008566890697	-50.4608431883
6346.216922023099	-338.47924775747845
9300.33747230631	49.61798916347008
-4814.424496442637	182.83118499726942
3952.6140630241193	350.0769770396665
-8880.732339278753	158.73132071041667
8232.721980630111	112.2865132061797
3379.89699031907	545.0114806272469
-2981.448415793695	-12.035755086985741
14153.995556626178	53015.02681738402
-5681.75417257228	4.396829557835853
4556.856467930107	79.3330175778353
-7211.941826774829	80.41763557836943
53.017600458267815	129.18740520970138
-226.91029172066104	-2198.874643595173
-1692.250578375738	-147.44910072525488
3462.352469072678	-109.31650373820344
-7022.335329030594	189.6146340887468
9736.605936137263	-98.9684666561371
6653.4646547313405	-182.6765449621209
2894.902715849038	-744.8572884386324
789.5854295192711	-112.0701986203779
3663.6723450305517	-360.7974801343837
-2340.683979556713	-30.436218711288785
-5808.220332184803	-91.74233133032854
-59.30548865571213	89.40534247910432
-2704.6364847313594	-288.05887125245846
2474.308579814109	161.319361610161
2925.566551660762	-71.31390395653673
-4201.728813021476	42.48774016486959
110.57535036249327	-102.25710380577169
-290.83440646529795	-64.88028554554121
6360.75323842664	-448.6125055053929
-7879.479111506755	184.4787778126057
2793.371639282618	380.68968675678974
9789.252490946446	34.33042307286115
-6875.542269561798	61.97237235317691
1812.5716397073077	-2329.0824094766153
-5216.499531392568	-200.19894003877567
3373.3055745124693	152.5228703724141
-290.58642550181605	-165.40476895825267
-5810.971761009374	-89.62486413279186
221.348464449479	43.66565199122283
2696.7758908146916	16.184523065272117
-2830.886101630654	-41.09695998047971
-3998.3312476099923	142.05021730866477
-1685.2489166938633	173.72074446853665
4600.979990549269	-28.39785163410001
-3597.473908773495	293.70316029844594
-3202.2098029642993	-1362.9280255986343
6423.167262040061	20.200968818980762
552.7000488006842	-14.571006001699194
10928.824691970838	-17.740561457854238
-8804.035721639495	111.66508288476264
2617.294842848927	158.09057380035904
2809.9177831402462	22.837437581902265
5455.627503374917	-242.2251136026909
1023.1101426024209	-80.22406254658071
-5547.821528380504	-18.627518493773003
3272.025475869806	-12.966729645543413
1940.631073729061	-183.5764316514816
7411.593063408977	-269.4757438679601
694.6641083248016	128.39564921547415
-5211.649950841143	194.67591683621552
317.776201658141	-154.08278126041736
-4302.815699275917	90.12916460057549
5278.271009225321	-470.7236293657032
5008.900457806713	-8.155764788732155
2596.5622027059458	-77.82923500928716
8528.970403373123	-209.68847195846095
-23.76894748181032	-515.574030960566
5280.478210933362	133.8209732554436
-1662.4549461459806	-319.8961610701263
7757.415434975394	211.38314733025345
-1810.592234181738	35.923453160197546
-1838.347476064494	-364.59032023423356
-3866.046058463918	-2560.802162401305
2742.7653212858636	165.79250145055235
4448.895112637281	-21348.375585153997
-4890.566301234921	-117.69458878519366
7724.275685567947	-310.93694914856917
4385.880162635773	160.618404914961
6036.198277753992	72.65484021684233
-1765.6633968788333	-830.2304528642017
-210.33213039094943	-97.10345804546938
7747.859257868339	61.60990385865755
-1906.1257775409529	263.68280353682746
1098.6396276269288	94.88666190548561
-7691.984256017864	-809.5884017787122
-914.3651978915068	-119.08367055176879
443.439655552236	-109.78763508487565
-10195.674843845476	32.48354898351775
3548.1275872845526	-47.709560925686574
-4797.272874361348	-132.95789636522323
-4038.3395319614565	180.96677748588948
3095.528873645664	-7.517441222694075
-880.8330967489102	67.88179253522323
-6450.294032739406	126.81092555868845
-3024.461714620013	387.4929626852539
-1497.752456304113	304.2265983005052
-711.9877356194837	65.85884111319362
2206.1852083399895	41.88017665586829
7801.978889183161	24.844411032067978
6933.753051670846	143.81399021666144
-10491.049960577822	-19.598720361328308
3382.090532368966	1688.3228624494764
-2395.0656998467693	81.40187819267297
-6955.366378018545	-111.10946246085437
4675.380716373077	122.72220812351895
4405.869549136382	886.0459674801554
-4161.08495461378	1846.5219570662089
7552.687728360109	12.254326441783611
-2298.6048924133383	129.65477157570675
-4694.355028234826	92.79370386815935
5213.599777383673	106.85379608404308
2853.0144376024546	85.73440313048947
-4663.905525572721	-421.8484121150113
-2482.907702593013	-93.53105591231463
5943.342490694138	-224.76770278045274
-3365.307741826091	104.06683928088347
1930.3334192463417	55.18803928351151
-240.97743530521322	72.24199158898124
-2749.3306627879397	271.337973995049
5416.839853907888	-95.11435936222199
1671.17293556348	-20.68609241522645
2132.035506884247	-189.46461284543815
4912.354605642276	-53.75910477704915
189.4219395488857	-276.4987231842478
-7418.425896844455	78.32277430129682
-968.6757202622772	54.98892157336759
5253.920092840372	-113.00653872094364
-2845.895676081706	282.1389788360076
5895.206351040534	-220.0923637854
-3127.1484815726117	179.14504035102317
2517.9250985880617	-35.4045341182588
534.3712137769539	113.91210686752062
-2323.7383054034785	-1378.9222055134433
-913.4853890794918	126.68429134304037
1851.2457848328947	61.14383131565525
-931.8557104213098	309.7260233253667
6441.923186141956	-148.9856394114669
2167.4394566601895	-46.54225587127373
2089.1376960008693	-4888.4792041208475
8902.958109145877	220.66418407880371
328.6848648433872	-47.23087904928796
-4135.41240811794	-66.55931069666948
-5932.896846132183	22.33005413814708
818.1463854048583	268.49763967198066
-3541.1727714155977	24.018767578391294
-5335.014098021115	152.45986997528337
2870.4594210275154	-47.86687194979557
-3682.0997870660394	-168.3097946860459
6255.7704555034525	181.3178998305651
10119.009174461655	252.2429746883743
-456.63839746079026	24.847166706445357
-8057.783294208595	66.44995417980302
492.2343773282082	-256.6470247961302
-605.9649081059185	273.9366588850681
32.605406180494434	-186.63862246325218
6622.520688833115	104.30572006737466
7803.818975828664	-73.11595538434761
3863.8999279150407	-113.03391035222332
4459.053447729943	-50.85870184806811
1008.6592315744698	-375.9367409937297
565.1849029112328	103.8894995031122
-108.64156962278835	-101.95139196211437
3992.7729366468643	43.75174133452227
-5429.293382534291	59.39248623832218
-2234.249445232895	95.54092195250823
4892.913814332873	54.65589543571005
1112.2610267438452	335.28546140776257
-4571.072194701972	439.22724208365304
4738.065212659619	1625.9376184686964
-7140.4232806238315	-787.3838357683859
1421.6870967627608	-142.14058037696645
7337.123701715272	-2783.722679463939
-9441.182146757536	-7.513751175438629
-739.3400251804499	-13.859416902094832
2550.91549178832	-16.080390955922308
6771.368251620436	13.445523084665464
845.8143928663202	192.80180871278756
-1211.5919187062848	-87.02381946636173
4757.078293847391	-119.19823648298818
7040.970126073111	-150.264088834234
-6753.5484518420635	-60.01290625736689
-592.0792936988022	-87.48548871017057
-2121.7001509164306	149.1888718339474
-2683.5082371831663	-83.87653294669268
3240.202734685948	-60.11819952355801
1662.9892152067848	32.35378150862801
6136.966196297675	1332.9694690455358
1274.0904472640389	126.10935802741197
4292.1838160057	47.35278223952166
-4882.542472861456	66.45114266277479
-9578.592448755437	239.95234297372016
4159.776067430125	215.82671702614545
-4241.67297456493	-217.37816939119253
-1308.1179440608257	165.5762430137182
975.8790184063172	166.81519829928067
-6009.2197066807375	207.51615503790947
6178.931821931634	12.298080874821704
-281.1105541324214	-114.33062760866186
-59.86895282829737	-228.89911158879036
-706.9268897790614	-78.12313212118733
-3226.540442337361	25.607204939295595
-2469.629146791237	149.0699650673112
-2288.8144328752937	76.7490311022217
3452.5589718602896	-56.67672715941747
7267.631722348272	99.39310348624952
-9156.935987821287	41.073189907872724
-5427.7457312174	108.33512582520527
-1846.3052640518993	78.90772818642935
-3883.702082308933	-838.8330110791794
2102.3293867925963	98.6523145222717
-3531.1217205715852	22.250304069214778
-997.6629079716203	125.96853314358773
-2728.8834363334427	-44.209645828528835
7695.467362459383	79.62292590939894
3876.5204772403	280.303306602864
-2809.929895091543	4.1385571069151155
318.9289113646017	-197.49088291617826
-8814.941954443542	-31.82658380357481
-1376.796159030179	35.081884309525144
-1687.3869207116911	-187.99579583768065
5359.188001667381	46.583990063292966
4107.3478379842145	158.69948984213974
-4201.343172315956	-463.8827676010956
3094.087116255569	-768.9557627105113
4192.100374357002	0.6806927243841643
6227.758715474431	120.27495234923144
-4553.431418931218	-93.49029860415432
-10394.772013021768	-890.2272924291339
4175.568050614811	295.86638015884927
6119.262521289425	44.05115448246427
-6282.7321020882955	202.57525372540013
8685.923758164086	84.0337182289177
-7033.513751999206	-4.430854555230764
3136.531737713332	-56.729057553013945
-1.3378998230484118	-50.07534709332969
4731.910757212845	-423.5728986718843
-2616.5742181123883	1480.2193624258703
-2412.3713721844088	309.26301252224613
46.619651233785206	-27.085968574129918
-5254.3626014562005	-54.06007766526378
734.3044274107835	53.419924457129625
1513.0802364823787	63.891323100267165
2753.42504456372	57.499666378931565
6270.583226153355	80.7283041751446
164.00696539864524	-1028.561042214901
6766.429607233707	115.29199785656797
-3323.1639530500343	-115.03326021269524
-2734.1909096032346	-47.68263288928331
-2637.8086874689475	46.89288977781895
8149.486906309052	16.23397418590595
-7190.611133898055	11926.768896581778
-2984.8306271779597	-239.13899387001558
-2116.4941630720587	6.405362486863351
-7888.931638873297	-288.1953017708249
4326.950501949871	-1114.6315364264613
-7775.703051659094	3311.086017923588
4645.451871768078	-104.5204120043988
3301.5863257251904	-5.533474759053455
5830.031494776716	-14.77091080702996
8450.66912742792	-110.69650822596083
383.5016012365804	-1.827796596962505
-3329.848856013313	-7.221567048310745
-1708.4676485930793	-46.158434944690555
1921.165708703954	249.83533596789272
-3012.625795738416	124.67647739553196
2278.36726326443	217.1739774451477
4462.884094742464	-62.95080850324561
7361.168641927839	14.634388223879268
2066.3789640526184	30.815222627996988
11392.383273075176	68.96479974458705
-3294.8208156313553	96.40092782193358
-5454.879609321569	3508.698158721292
4589.224614130187	-106.1890581115796
3569.8244594591515	-85.19732336999746
120.58208542945985	-150.8658658406246
-3257.647341825254	155.5020056722485
-10260.061759691485	80.71532071769171
-7387.511754788221	1137.3851960496988
-494.40532856346744	117.51799271052555
-903.1245408436606	213.64681470705813
-6435.933293874601	-51.802106155161205
-4418.5691177536455	-97.62133853974963
5054.930308814994	11.132995853877038
452.5336790748268	306.8338151941902
4717.591840734004	672.269663680995
-9411.45006761433	282.5524126756818
-8483.132369778254	153.75439846174774
4787.1151309326115	122.19776017057926
5969.77762332606	-125.74880226207094
-13148.46130094594	-70.61448069165813
2393.108524237279	50.21930316704053
142.9725849106516	47.42065533892671
-3502.936015934954	-375.14489764181326
1177.9106315678732	-24.205645691229783
9283.109727165163	0.7932093638230591
-2173.108389848576	-13.645737357094083
4428.04069243481	160.82564405631422
497.3670810524014	61.30987646140139
3937.5721031937173	-679.7924088927565
-2632.712657984352	551.263463038528
4944.950066249142	39.899724334229845
-536.253012898241	-106.85588183092443
2990.851832694557	-40.9931600380512
-2389.324853358088	56.82606242383404
-4807.379031271735	621.924052033789
-7647.051104960768	-6.139240113099709
4795.018697045787	-54.00218796344699
-476.8937703397374	44.09767503404949
-3785.370022877615	-727.28650554433
-335.2313919535364	117.16368941061913
-3845.92350134192	73.14945747338805
8191.075263613661	83.17974115504353
264.17774385823003	-19.197103647440763
-2684.5915071655377	-69.34591495708139
2350.691491395339	291.5937643255849
-2367.6393341541993	-5.664760170151775
-2361.948381411229	-28.94226364152165
-313.34522401222	-176.31474605185235
-1532.9608114878677	-36.267482691746466
3136.011032759435	-36.783683830037305
4374.395157890134	-17.704013519266432
8064.51269182255	3.0177367243267894
6132.780890282659	-129.4816388956126
-1594.8485401135454	-253.53378994985638
2828.58451991452	-31.92115910963409
-1002.5190062818674	13.97366006722477
6149.43472687097	-161.09009978697125
3261.9458039631	181.137275147767
-1083.2796289512814	5979.498605600085
1990.8709981031875	86.6210398403135
-2058.954074757035	-65.7303721749911
1874.803574740352	171.12000532795528
1812.781393517397	-91.91094904864312
-1192.4619773761785	-4119.756855445771
-2029.4814549888927	229.71389980696574
-4229.277268599229	-16.25680805714695
-9621.623328580248	-148.19985674693837
-6964.0708230139435	277.4896719612519
-2781.049354651395	58.14371713913154
1374.9496066187482	204.63585279356607
-2739.099775973014	-42.284306542780136
-1055.4333830180867	368.4638495638926
-1987.5042782846829	-70.03739376179672
3902.920388299303	33.60932601894355
-9614.345975297654	-167.20227797828252
10801.3705039624	-7.546389222403421
-565.8307097163986	-40.44555622822962
1777.262747111393	149.4627722907598
-3244.9123268419135	-1.5183093834637784
1649.1378156849141	116.97912271958715
4341.257025230009	488.5677515361597
-5419.915667064591	99.64086423664844
3853.692254224654	-33.007888830917445
1889.1559912292105	-242.84292520550554
916.4035793125506	-84.52262574983442
-1560.1564071549926	260.2811345294984
332.4221576465169	-36.62569701251678
-9896.757821228726	48.49308652351031
-1216.1429316968179	-714.9930510142348
-2576.2085563572355	-1796.4806906210597
3525.5526952961827	-99.21108089397276
1996.9963234648985	58.65313930453994
765.610763799936	-47.03344274498078
-7250.271736227727	793.0053266018407
4755.977996496497	132.65418723555393
-8393.825346184103	92.38881154449282
-3190.543059936447	51.921043638656734
2849.6197039006415	101.47595876969125
-4987.843238689622	-169.0546453972125
-8826.299372871526	144.9197305310341
4490.21932780839	56.10481662371394
3781.4740592119038	5.314517660666277
4979.000401533047	115.0149281898972
9995.623183068124	108.74146191722987
3039.3676682214495	-139.12114041901782
-8112.025434674986	33.973151369409116
-7937.529100806878	42.04006885801204
-7254.159468266034	10.970058012854297
429.2851606816598	16.892417555132273
1178.3844988161557	23.16189181548432
-846.062123827659	-69.37507780638192
5350.088850794306	-139.23393461622837
5997.671726668578	21.76574056023159
-372.58546759949706	-71.82384605274258
-3643.2155168428976	34.164391364087535
6745.188257211392	-256.6593163331584
-1537.9248009169523	-185.09139685536098
-1773.6695410556802	311.6368651189015
1606.7538873587398	-184.04174917029792
-2305.1536962148743	-132.1778441532615
-8882.878664766597	20.274351063235727
-1108.3400635329037	-13.049183921644126
55.35336429309407	-51.53204719764378
-7495.698135359923	-71.98389268835693
-937.8574538606767	40.53714403987332
-9194.310749511516	-79.89519235164195
3648.0653943190737	50.92468438325998
-12537.829680142719	-182.3708870947407
-5141.60643470001	-27.430326214663328
-885.2046139665749	71.66552298723356
1706.337155381057	40.9306639542418
-5443.347035686513	0.7962836184127977
-5300.835785814028	-30.75415727473294
3822.5850443639188	68.67108158519432
9548.855909937782	-125.12830702410109
-11504.05281078953	-121.69504679944801
-2814.5876784567604	-763.8055954480126
1398.0319457741136	-277.3376349495388
-4199.5967573542575	60.84870164683178
-2410.8018710056576	152.51773254082823
765.0501283575464	-179.42273094087878
-3689.174885850948	-366.9352674527272
5961.112863551931	194.38163609430092
7359.481509516886	120.61167762402594
3873.848679708226	62.743257137134485
-5050.381761705292	37.631659012856154
2536.122534180699	-637.527378565704
-1785.3530245416175	-69.00669961433904
641.8990666801294	16.84388591583475
6793.566211962158	-169.1176262036223
-4390.6716598354915	36.15673140945398
3606.0414720311983	144.293455787428
974.756324599763	125.6834841154571
-1825.7348897884299	-83.77582743615648
4098.287856547419	702.454292213583
924.0996475615966	179.55030391555033
5683.249462948123	95.00755931955135
2135.60611632476	-607.6689158470373
817.5025497256665	-11.529883887595409
-4442.8558023610685	-39.54914484978074
3271.315874266688	-508.9743761114293
-9996.607873206536	-60.89724965769988
-418.6973793699461	1.0711255731317548
3516.8515287329433	-139.01506012819536
12460.999367956141	-66.11026733225647
1905.7668191690714	-88.89007233744171
562.8608606506012	70.71687428945776
-2288.6862573420763	-3961.645941839372
358.5279371043414	94.3517396942762
4525.650026510997	-227.81292939379784
-10856.048552433178	-18.350700532349375
-8533.866719466969	-84.05682294378708
6256.715007026692	199.5600941556635
4836.526168013536	320.3897684117452
-2003.735089916041	-3072.5453488481676
-8327.937496296252	81.74526252135671
5326.732320869717	-107.58899199820566
-4355.508842904042	-0.41245511329666845
715.7922997813921	421.09821770226023
-5748.850521139723	26.890129362528747
12428.98405347295	-194.88014451628612
-3311.7790758647443	-118.7564602338578
-897.020003959685	582.4818653855833
-7663.08462139673	-31.534727432947587
6356.737138301131	180.19601852188006
3555.521132040621	-113.97140399540895
-1023.5686586049853	-10.878269802995984
4211.049174221687	-493.7263368241032
-8708.180444143645	-120.3038697156273
3722.3335915327957	-85.61648931822482
7410.467468860043	35.10319971100592
7064.0328752034775	-46.99092534642485
-2869.571251745596	337.72113305302065
-9055.56959316622	51.13911212694927
-1312.7313761786424	-39.945275981954154
-1992.611395776683	69.16913938526041
2568.2416470839826	-530.1391997319063
-2611.7215536050476	11.381395090728292
4215.733242530781	-85.73155812879173
5817.611680737511	15.01231434961549
5351.278485484236	143.25179884874018
8194.060974097298	430.99784970168616
208.89297135285528	43.76224319715944
4498.3208740489745	164.88206105370938
2197.41514499779	9.051967508466795
4773.990269971458	-15.018972013824424
6676.289084240789	-34.55608966855021
-1286.5836759236677	-86.87695319442086
-9140.674118993731	87.5055171979106
-1226.5156765782756	33.24109983107076
-9208.53004261954	-355.432884826629
-6128.781441894473	20.096105384378067
2092.9817932212536	65.10901647587234
2022.0477669512152	-133.86482626921966
13.402903266746401	-157.84617940948954
3588.593026264293	-15.550328589147243
8802.333203660655	-118.22033841898431
1290.3674257590324	-111.26204385017678
-493.0518076033419	-184.72492330964718
-1217.3977241509674	118.73352472737216
-6053.780601342245	115.49687790345699
-626.4541976478926	-322.82941794741146
-3764.0628665497356	20.784678775892772
-3227.420358759724	-553.5605840533002
-8577.732847982743	49.443504733606765
-6629.658620093387	311.3625907855216
3384.596516138963	-160.8342204846418
-3066.0550437825405	20.940490279710534
-5601.873917214384	-48.559408031704315
1966.7823162633472	-75.9502728530917
10458.026807211674	-40.40073594457471
-4549.594564098463	-382.9465611896932
-1915.2189553654746	-46.42622580351424
-7754.226907298825	-15.41786903058226
2860.207217167401	-30.22447539434901
-5686.124384842137	-55.71898855199256
-4774.526032626446	54.54753452188573
-5245.449184471393	324.68848035818075
7747.5106860829155	73.82655049713722
6393.20398030502	153.17023329387405
-1127.1096491911198	113.54987589323012
-5943.906163006177	64.5553288003741
643.941686643644	-70.69021399149278
5776.82854797374	194.2828052368691
303.239609774348	-670.038869314701
5983.429889630641	69.41080059087956
1979.989392871359	-26.379787655420046
1223.1376033288582	-34.645874143351136
-577.756140380434	-69.04108735565207
-1382.459753319211	-26564.236611699034
9370.756276121145	-71.93432381943344
-2289.674751640262	-173.31985187742643
-9407.30847778636	-28.797387859213508
2240.1765215907267	-155.56429001160575
10240.225228646983	14.708100673140923
5166.625151867938	590.2951822653188
370.160134945787	91.71484229223098
-7923.65139726537	-82.37260962896318
-12199.25033024876	-443.41079786088886
2099.0256656945317	44.34015703894157
628.0366159568285	-433.53108591904703
2937.0631356174567	-97.16571144874376
856.4536166975189	-307.2304541291278
1869.5396573188134	133.13200354111476
-917.9698673635804	-5835.686058833856
-5889.3249576006265	241.87439033845098
4803.218704501307	-47.93465517767957
4177.980725241469	-275.8186667377727
-4042.992819672944	-265.1526616484738
2146.449950157948	231.34860169783474
7138.655322515061	103.65283133428287
-2348.154823124708	135.53030039600986
-3084.382589091116	50.26162659381674
3247.2226501870527	-119.07495216759597
4440.892575720451	187.31471432107588
4303.317301963226	-388.55536059108545
12175.893099409659	28.210459124253585
-1420.6223248382757	-1447.8884978715473
2126.3646832910913	42.02276908155728
-944.4165954444272	447.66939146608803
2131.960656340847	-87.70995849985498
-3745.3768669140914	9.955793473088486
5416.432303920048	64.86446692392224
-3173.695967734588	94.72719460822572
-2504.019694820409	-124.90143032989394
5947.692647811355	160.4538993734093
-2904.3984511288236	44.73089055861439
133.48447797142845	331.3885242695709
2542.8995895998273	3322.6076550671405
-3886.0767324217354	161.47499274113048
12908.24932382931	-314.4973463641118
-629.0727465574035	-11.766490944058608
-5802.266718101744	282.5569586508396
643.8474812021427	27.175453561796655
737.0945759671985	77.05163789181746
3260.5719388380817	-101.8021278565725
-3806.002349695108	-29.763621819444054
5908.0726759140425	323.69389651470556
-1057.74617298988	81.2229889979342
3099.9790170611936	80.95719850171834
2671.9197473616296	-284.06812434463296
-2743.4132549907386	-34.17490250666186
2690.848123984034	535.9017123554984
5456.4306595931275	-265.7309001649962
-3530.082098970018	-113.17107657261003
-3447.005461137097	-41.13425634900119
-635.1470079635161	11.267433760424975
6381.237727826687	643.6058544358629
6724.812589524923	-311.75392070576737
-17753.167653780056	54.767027419746974
-1987.0000459746411	2227.997924309047
2696.3439125675122	28.272055413078025
-2967.398639091807	-238.80230568588846
-3102.824469981954	682.3027740361209
-5324.225857667086	-72.56199564822143
5862.246082767295	-21.646826925647435
-471.25694883211855	-266.98433074245503
2341.5844569735036	-70.4522640883374
-8549.934162250674	0.062000146834911396
-6909.15626561692	-2.892833132831915
-8348.856845855731	291.18615921833697
-907.4313315664805	-34.50932828255354
-5829.206880657362	-597.9266644532992
-617.7688980337374	-111.11966627644395
-25.28619937551717	-1.5366231771526602
-242.99201025313494	-50.47002473067246
-4037.9612164316623	-44.19079595177651
2221.4319308594436	123.47805658530032
5822.493235521428	61.34734114376111
8026.969659038291	-598.7384124307652
-117.31383257738864	-72.02759925879342
-3331.263308204794	28.716906902993447
-3439.744095135004	-115.70128443007336
3602.5712865959485	59.5067872701085
-3748.7891523666717	-25.616186690096978
-4157.959592131885	174.7388410553073
-6705.21266637197	-39.11612658175571
-6600.049279463949	-49.54041675845439
3847.3083514340733	40.30384242331639
6484.065898030228	73.3923855007314
-2077.840284678029	-53.50335647779511
-1141.7048287181924	-161.9683061598826
702.7006952628385	-88.28157293234725
5212.215900199478	140.82225628567792
-5080.517208963233	116.49156712116975
-835.739599478288	69.95859910176219
793.8137539559807	-145.36529002715855
-4017.3698550948347	-84.80004586771709
4637.2177236771895	-974.2566585834242
3005.8892846535655	-178.417255683822
2685.9881255321275	-26.500459653354127
4252.441514358236	-90.5741824777867
-7276.701637596694	25.282308672141877
3962.402442338242	-249.88901921952564
-10349.58427036101	39.73993969349239
-8322.090154453072	88.80546468123994
-3627.38203442321	-24.022995463321312
2359.3597415069876	-54.06222998593711
705.2768834925898	-73.63586593574104
1846.7840595800556	32.73494897988759
-1549.8476609909676	127.14184375991316
-3792.1651361845866	-175.48732405019393
7012.697175248422	451.0692463221252
3495.4501314735326	52.2281486962847
2140.499867332951	-85.46400349888387
13323.374590108757	-93.60121817166615
-5089.011165216392	-130.96260606925782
6767.536576469435	-228.94451220089294
-1545.016355939168	-167.12447073993727
-7916.873930417315	-169.8411368949932
937.1050118288235	-357.37542687026775
-1561.4998576934076	65.64402532671838
-73.69137143544027	-323.58468416693154
-4921.052529095538	-25.31069119154673
3482.591447055273	-83.3316529742212
4637.428776842736	-42.17990978505232
-91.70428745660683	-6.5293895121504155
-10871.90724194839	1291.1932387357067
-3929.8705696735515	-27.581927768745775
-1897.7393175564	148.86319154468097
4409.852555114196	98.53398701026377
8256.211300316245	324.1309734008243
-7316.429494738368	106.70826378914576
-3635.8013799610285	-60.28966024757749
-2871.4909082268455	32.71692101137745
514.7755952893222	153.5721055942633
2414.632292420368	169.65249315082917
5558.783978565936	-495.08477451555115
16358.144544690645	8334.777439722397
4020.0747149528506	-130.59854641986652
-393.8209641886337	267.07569235016706
-7243.797001125767	-69.52350314465504
2388.1988524467997	204.0934162925303
-1459.349550647754	-50.55752877193011
1982.8318978260297	-26.63356578449543
-13382.596760014132	4733.670520503557
2791.957035750977	-180.25464666460394
-3925.082083370932	286.539565912392
-7087.377082779507	108.2939360301935
123.4262592564753	305.1827103415736
572.1798231155539	-15.590769293601646
-7231.6868749104015	-168.64176204796706
661.2626940958228	170.77914279666837
576.9846966302051	-1816.5993891091334
-8491.82038384369	283.5121612878112
549.7330291111774	324.7666172872142
-4277.842872611188	82.02775666746226
-322.9000064224796	-401.79226255483354
-1574.2508492685872	67.94235259819453
-664.1769766289597	-350.4141267825726
-2993.5568874294527	-162.03028521388467
3364.84090643207	-406.6213379647049
7628.318653592333	-140.11435982793347
-2560.103386892316	-247.0395310461204
6890.277634396672	100.58039268049609
3771.6833075552377	87.85606379213745
-2589.2543133037307	81.86713333765897
-4873.439102803142	-120.92424133079115
4313.099432395187	-68.18870629080352
-1286.8823297033464	-264.81967271622625
-407.9623252274435	84.86721278572473
-584.0190867115203	181.33006588268526
-4284.526620265294	-141.21931085289262
6273.441373581525	-97.92966867246699
96.17124781620772	204.9924840112726
-7037.991743320756	-30.527838482348795
7780.260108546594	-118.29111684505024
-2526.2225322687855	-93.07975395176602
10760.116713191212	-2.988332890016508
-4950.81276275111	-121.87129486493804
-5095.454700017845	-132.26833071055364
7880.181768161323	-19.494732701245205
-593.2046074759261	-40.154027987851066
4756.850130399552	337.0753686500339
2327.3944349049375	-98.70748997363366
4664.365915741509	177.33488249159385
-6540.264909424282	67.23636862304011
1935.2513492695361	-2084.5651741727957
2660.5665955708405	110.81053502260554
5938.350554936508	49.450114377256284
-9943.037799275686	-84.26644513356686
7179.104877318859	11.864252427680768
-4029.013201289417	694.6334326769457
711.3865958729776	-119.46936283567494
5528.575740027187	-507.7815056354068
264.0555952508587	-67.43386847986531
-3132.6496227304306	40.47934330802925
1570.5646795288108	-35.93308980561723
3566.094123465145	-7.161261740454893
-12237.175588752256	1.9326616867981132
-5905.377921846729	936.2273297696555
5659.756956520369	-363.2485276636157
1964.922422048225	105.31349504905621
-1290.7024537418936	99.40373185493291
-1790.7863369795782	1708.794564042177
-1195.0490723209875	-45.120433979630896
7352.030580079877	214.12480983042337
4449.447875421355	-52.51631210829437
-3365.6273245504553	81.22297846747682
-4855.948975908807	40.61847162796158
-1073.334230532661	-500.5026060676831
6339.024358495193	100.33376306776503
-697.1283720511228	283.2357758174277
-5226.092761937371	-112.20347148737478
-1640.1189084097543	89.79427797430182
166.22549775595888	-421.45699778991025
3957.76341289343	522.6955693130908
966.0039034492002	-40.48859432039012
-1212.862408586817	-29.213021209428824
4164.345151728228	-23.83212185132358
5186.671468040142	250.92737213007783
1688.5462440859467	-116.30432574063545
-5575.785213588754	134.27479226291138
-2699.608472911903	-85.82764577582633
5950.64494033676	62.01027547390151
-4223.685708275072	205.0514327539111
-608.5288550371909	-249.2865159568851
-8179.490139832776	195.52785824120636
1006.2262133794507	13.53999636460862
-6524.385389685502	77.96324407384779
-1346.594861697601	-12.429473438427532
-2917.016302060431	-91.72106181098852
-5609.206437344381	-250.99462386341847
-4908.182557307224	3117.451986631578
68.77441523898155	-245.57438402320977
-1004.3360093875785	24.265843560796
3048.138519867043	6.3164523234955885
1267.2868258200026	212.6261915308846
-4483.27530326105	1599.4812420053834
2909.1742628597613	-43.73875428109912
-3627.0847715380432	-46.37085574670146
1095.5570087320464	-1113.0882341365952
-4203.680800063801	-176.32939196182795
-5574.615278351837	-68.71502512409472
4717.05933552364	-124.42348146684341
-2498.71621098928	-181.09536625195975
2681.8968060289485	52.74698360453911
-1983.6638869008234	4.1464229224136036
4916.7804238051585	64.336723282738
-5340.721951423047	-97.64038258780737
-4949.480697883035	259.6918865306701
2268.4634619647572	392.41120691276853
4539.918894369534	188.206748396501
-3720.4292277728387	310.5292004808535
528.014025753225	-259.7658681276774
-1466.1433189069803	-61.433389937493565
1602.6575261827072	18.63736872503609
7099.781990957869	-133.53330066664293
-6449.762028515044	-335.1733080070408
-1325.8457001357333	93.49468791387785
-5098.1682145343775	110.33256566708383
-1224.036324469037	346.14526838563717
-4607.824051291935	101.35565510646198
-2841.071600938839	17.407111446291683
-12976.013007357962	-251.5695553760459
2292.8347617670497	253.95699039409803
-4469.821819691892	-30.09478938001711
-4206.131499547466	51.33533205938335
2712.5417392218624	-630.8784911816955
7322.501213941071	209.459221840259
2811.63998609683	74.31474633871925
4626.703652990147	81.17206823752471
6820.271869866301	-212.47277783942332
-8770.768971307676	184.28210653311504
-4205.597338148773	38.27175977461717
2445.2642582951776	-56.090543346491444
-1875.3402498798762	79.81317883867074
-2298.432933381713	-371.19520645716716
-1446.7190479915866	94.9790968227234
1269.1558413175067	-127.63712267921983
233.50022105977592	155.40488868198352
-629.1029822424244	-43.92314763543981
-756.5601365308545	153.37267870266933
6858.499782213032	87.62255636575726
2537.155863460038	-271.0112764372784
-3065.626475943724	72.1670136747419
-3285.5030884427656	-13.88750990566107
2361.2804187133725	64.09701690215127
-8098.383206740807	-34.636336849157566
-4189.920872206868	-145.2114643326848
7889.222584959562	-158.45094581683657
-4403.868171371025	60.40759987674114
-3039.652340217426	49.219984036038
6843.261923040091	556.867523056009
-4826.769613647663	-905.1442460435061
6796.857539713551	-115.21107773138883
-883.0845213074007	273.5198760720201
4264.448168047608	-555.3586679150213
-173.0186229566667	26.060879370130234
712.6691320530666	4.972844606248009
-624.3476103257581	19.68310579424405
-6202.368409527344	-58.7598260976974
-13205.855269630503	-116.44835362299469
-1621.733708684234	33.035650502276944
3124.7116910383666	-240.9293170718305
4660.203095698838	1684.8698172983811
1852.873763191837	-173.09593945478855
-1943.1211697420058	-126.32876069432444
3750.819545450075	-135.05017626498937
8791.39780908703	39.711965230371376
2246.19676203298	37.10629217814257
3964.173017659909	52.69651568092119
-3910.8749591134465	59.17397368423924
6881.6316972219765	-245.13558784257185
8846.86591068419	370.70603137227874
5305.29871978639	259.24382598375297
-2149.89048993461	-1055.6181000263282
-3556.678330254444	213.71670927544844
-2524.413098342432	106.02513473371131
-5489.565628107056	36.688978205648304
3145.6344703198174	1451.7928114416748
7610.650947397191	107.63167809336528
-1958.1934806043726	1142.2473622040895
7654.1066289746805	1196.2549456244305
-826.4404115868603	-2317.8895809428245
1654.8629308016555	-2614.491289035973
-7588.341792267304	76.82247041080325
7178.7830207039	45.837949720461545
-2621.934807827778	570.1998065113556
-1388.6009275871565	49.751083273386975
4555.023321501199	-21.011084643622734
-3904.4090106660783	311.53168856889357
2621.421996941929	-17.772129647098883
-2050.118732838125	-86.3502157873608
6221.725476406222	-57.38452415015518
-1639.583594524204	4627.3397606834715
3986.898524099068	-105.12137180342776
400.7840825928416	94.92332932345435
7752.820346786676	-2900.929865661601
982.9990263589831	9.1316112789792
4232.091187779566	-6.324754964514174
641.7457488838787	171.45760329325358
-707.6663117224841	334.91620821230424
765.7141234196076	267.25334946561946
4471.944549799553	161.7973207534236
-3437.694778684955	-172.92985509631748
-2672.541507998255	-387.92334911859143
3590.780123140375	-13.673940611196967
-8613.813300278909	57.639324022345676
-1697.6878156651487	27.949272560620578
-2567.6213336387304	-91.99073667573828
2746.2023255812596	-23.198598591626293
3273.105983545346	-371.63508572517014
10397.64111597055	243.12260004338256
1115.122828072614	-87.10906672779971
-1626.3960733624326	649.4010306710978
-4399.368833171917	-188.3987717146277
-5720.551181671272	50.528773480781844
7138.3477922963675	126.1036035788757
-10958.95165561527	158.68223412765846
8952.068713891202	-105.31185093850524
4698.798527196762	-47.896368725848205
719.6610978771077	-180.89889339478054
-11886.585682505647	-1051.5448627663627
-2388.7562614091416	61.260243464164425
-1584.4150107721955	83.84890679654498
1867.5519959809167	-26.03449294143194
-8520.21268303781	-145.1725557467431
7631.92107467838	-14.393257439418102
5609.296896117132	-58.73950189393263
3183.6891852743433	156.35451471508827
3520.8852622685235	105.2834565147902
646.641134046675	110.77462064712716
-509.1805129197439	-117.04059586231375
-4634.52271628321	54.44287815381042
-5663.413071225488	-41.07892494467473
2794.9275217195704	3.990870326727087
-13690.58532812891	-556.355819018569
2050.131970117906	-266.80648547138156
1981.124381732988	307.1760240195967
6748.653973059859	-3.4179254651788287
5172.279515787745	-14.700069925797207
546.9816673204562	250.0502089695223
4775.595638373959	457.81755049683625
-4478.911317275747	3.9967100411722565
8455.890093031274	100.66260151125914
-1657.4695733307008	84.91982778858048
2085.349038956877	54.573435816011354
2054.723699642179	-4.853106795719654
-2177.3436810444027	55.69790284317848
1215.8714580122087	14.343130970790652
-9850.400801026217	-1034.2879373228018
11017.240056536728	318.2260570442441
2178.939520671948	160.39944889941552
1140.5499970600538	79.65552366594454
-1572.9018170961094	-0.10819791303561381
1681.1740610901118	20.298001710062625
8298.150504131088	-68.63908022338086
5904.64749909599	-54.72239991068585
-2769.5666900140836	-207.81715395085115
4970.697275212501	-50.23507993538252
5541.982321383132	-56.96973957573492
1283.7540952846819	250.30728613892637
286.21134815914496	-163.51618257196466
5978.8449521720195	-170.14118402326463
-2025.0907916612866	36.67105193969983
-5780.374736561559	52.37200727931474
-6049.79333284424	241.7074176306339
434.60578292339255	456.28907044275763
3952.3972849136876	-90.60755625543274
233.41011260329637	424.8168659814334
2341.556694528934	87.74411699026464
-555.8117105861095	-174.2706795252757
-3397.4839968783367	94.53855006960214
-3482.098445420846	25.92226360679062
-3935.25378754256	45.04698570696694
-1961.993480737302	-4.537453109696121
-1430.7426644056918	30.5542309505635
5582.45372508097	-34.41411168665309
1737.1628361391881	185.44721682717835
545.8867190295787	78.39507339785345
-5908.429015284384	2840.650776686019
-8158.195926376066	-991.4518751648925
-5106.330978079143	91.2047833867873
10690.717068911134	-300.5657859326049
2002.2323276762727	-158.73841729090645
526.9371159752709	1035.2733960773949
3831.4467753542485	12.557438459645867
4492.897067984276	-28.493561269954068
1645.6677588026296	96.27472757363726
3597.8145993319695	-32.42690182272706
2059.8077975195874	309.63169131067525
4130.906427327278	-158.80179357632838
3320.8212459005963	26.155338035938957
312.12080126496505	39.185942011671386
1725.8716877559664	37.68225783727934
10449.005938996323	-227.0511331922563
-3126.324262400817	13602.56439462295
216.94861175243085	-469.1906721083416
-6508.661482903724	-160.78125919970037
-2658.696855819647	97.01698657670869
2678.536892125369	-3793.73122205566
3020.6740004958056	-176.69932086541533
-1725.9597460784453	-131.7308817976311
6707.420727548973	-207.38347590418283
-2738.330627909927	-20.72041145908375
-600.1088778795511	-76.96649049135863
-5806.2407167701385	92.57930527864966
1892.5706114664845	-429.93439616461995
3607.1632289911495	-258.54726836221613
130.6475970019146	42.259592826350755
2049.1617950246446	76.29864357186091
1332.7376318272545	-126.64961432616839
541.5492736097209	-621.7007063710377
-1155.2264673317625	-547.2805062876716
-2113.7122694648433	86.72115105007032
848.7556174126393	-95.32210853291866
6373.191411345713	-523.3882987670468
-3466.989961897628	4.935532578516046
2039.952482630286	179.22832536628638
-1282.418328852997	1734.1050448534277
2872.406025266182	71.2368905010461
-4787.448429330473	-2.4390269929747923
-2329.770335322014	333.8588847530908
1801.581363770235	127.89678141598677
5318.816844135984	-61.08271261724195
200.14113115929348	208.6505939264419
-2406.714137423335	4.995279613700937
-502.8549081338651	65.14610409992768
-647.4236932479901	61.79137845145686
3577.9971640833414	-162.65562681414048
3124.1629663649496	-57.520265462781616
-734.5180464441681	292.87637681594816
5158.96640161638	593.3872276958479
8502.477207643067	47.23025227777721
-2326.5121832476043	418.50570319906564
-2173.391450781242	31.640887326903318
-2380.350005793488	-97.63472236648722
49.34961787050318	-103.65033860418227
-9297.16777256087	-7.834526122439288
294.9781576157078	36.00347889612528
-2002.3295060122814	-57.5174636095587
-1170.1526937776848	108.71720155642959
-785.9641463745055	1268.6326978752327
1484.8754464988408	-84.53584673885987
7400.779298222777	-31.378163309444595
-2181.2570019166224	98.14611297127989
-6978.47272928731	419.4851866486794
-3853.5077938932704	-94.58374760565079
-10418.542565745469	-45.21069868147527
-7183.987979014311	40.163384771549275
3060.8360348154115	104.9210683860378
-5751.955552130388	-36.551527971656476
-688.888052939194	-89.60088380427511
-528.4699711964862	49.854584856120084
2859.2659794552633	194.78839250154277
-218.9278419972502	154.5330614144356
-1143.1999758645902	338.4017111573118
-6566.9975842542635	6.908905347756246
-3700.5228225216956	-23.081393547467066
1835.3275789809575	23.64952452245294
6954.729378962775	213.84645652915538
1712.633096727491	-116.84221390382166
3411.1214368465103	121.5491343829296
-6793.967722986769	-32.484832578328536
-2536.1477201709927	19.14656597747155
-164.25096305239606	-73.56387496886714
921.9139238366517	-154.3243562897371
5906.571825715312	3718.1299167981306
957.7482970063586	116.77655596631405
-2143.7893534353298	-22.70542377143087
-1004.2103509975234	150.38615241098643
-1161.2868571538645	1.711512846840107
-4496.5765199824755	3662.011929299349
545.368829266634	-224.7771860928076
-320.296898978222	-21.98645423870774
3095.586933805259	-67.51962937530367
3429.1791379157585	184.861738551289
1242.9274618251602	20.640279877891988
5731.804387561659	-42.64827809157658
6619.972839576796	1528.8800103275396
872.4616426911006	423.05494661020504
-1319.2430775935134	-116.09332698695368
716.6081447842404	94.89742981506512
8498.314107638464	-137.1892439241754
1140.4305126295249	-603.1194688099488
-8352.273522924514	125.50205334126048
5290.19618276388	49.90029652638988
-4149.571346334966	-45.43820538096584
1032.5248759829394	-384.1427536600575
724.9760734555502	116.71528922117517
1919.792247616038	0.18230848601729466
-6032.883446988094	608.3049933948738
-5853.147637459526	236.756795365667
-1290.5952155828104	-69.88418369710439
114.86972825323843	11.524103179770794
736.6488170052604	-17.81540790623174
5602.763405161535	236.22800438408473
-6108.947546520819	-300.61142511056795
-6742.320022966975	-12.420165672212859
-655.8704929181812	118.43168384945919
2309.560669991802	7.683992542405728
149.8669471166841	139.55873493578895
2000.286450473877	-101.14405416288668
-695.8092609699422	56.43717450658951
-2385.687219481891	64.76170578337987
5184.161531642781	134.33081908516039
4966.119632263478	-1.6502942046792735
8571.57605184321	-181.57565700484665
1250.3798168925182	-161.00070370579076
-9.58804034805221	18.439255958955123
3898.24108644028	-83.97615055930542
6281.390017672037	-162.2311953901584
-1828.5141349511543	81.31743785998361
11368.270535344367	-154.756225265171
-2128.615176838711	118.99972131766692
-6260.360068682706	12.617378881239963
-3797.1878618688265	-116.2965213188163
4479.791451906531	-456.0945699699961
-3568.549078158238	-199.4204931694691
-8991.32306058007	-80.02921424190929
1198.464502263672	-467.8618344903705
-1815.1519665033206	-187.46404766654916
-7643.509592134524	400.20697281138877
-1438.2388788737424	-54.57678703993987
311.70931811073984	258.5805265686782
-1316.9098783891702	69.56763498229805
-11538.89400316707	61.09241609612729
11284.584940423589	-260.164600635607
1900.5498683458013	-75.9311684299559
2079.5677766587287	-46.20601617996933
-1903.3196629276374	-36.56845024777067
-435.8059148829298	-151.81245104112932
2519.846541023867	691.588853470714
8479.86686616546	79.94233847991369
9511.41931998052	-110.02881675537293
11246.348690311675	6.130937061047654
2438.008762714827	13.093949712024223
725.3772418976865	-10.478718803062884
-7.856088293466653	118.05234939924262
3765.9292938193375	223.56865254632382
6397.10479698521	-140.79292122489443
-1557.1593283901198	178.98608285166023
9712.695217602542	-2533.163802622079
-222.99828928884483	62.1946529302017
580.9593670893588	49.3866427758145
-7964.557860093791	40.274659301034724
-1001.3906684698052	-12.126541073800238
7237.022088923542	204.99495209818778
-892.673536336343	87.43762856586868
-7877.363463099442	115.80556046235439
243.31843559270433	57.296880800209635
10214.497484974201	91.66757316373744
-564.5664010749642	965.9083724966441
261.08771963021275	-110.62591423542352
-851.2155596562849	10.42981077347548
3353.37333611917	20.254084660840356
6862.7346436188445	68.85635659841085
2970.466081922306	-165.5316970002582
9078.516922071825	21.429013930116643
1427.6731893448134	172.28152408515746
-13.322616844388785	52.540109264783425
4499.4185560797805	159.1581601018228
5359.5240519554545	-113.79307175906942
4582.082065586657	86.94443613076763
-5179.356524444505	67.07239391339351
666.6621619367442	-66.31874677078874
-446.1612173711654	-79.56267161712822
-3388.152101461447	53.43569926092586
9118.170779751094	158.02322217312982
-2142.1058658763886	-134.63807657821795
-6371.841134208505	177.8650107861919
-11431.68785725127	-232.6410505152894
-1179.848577352222	24.876417288905163
-1122.3785767806507	-67.52701680857226
-1583.6503973375557	6.5708932602825385
-577.2367406208275	14.443334716462937
-4578.347154291603	101.33755565901167
-2374.852134232824	84.84546081851634
5541.083476783012	-29.001465462709834
-5226.267638718498	12.629630687392236
-3975.539225071898	-228.4824440505828
-4974.821806207257	-100.67322630861327
7375.916198129953	-10.951138723949327
-4031.2641247336032	-115.30487544986974
6023.822562615576	90.03746538605043
-1441.059803861188	20.489271076251317
-5416.5338890877365	460.45704316271383
-1765.0542619166122	32.67446949101103
-2268.0709066720706	-18.516869020913244
9176.444074506559	61.31998929220695
9062.030870479875	47.70095477439076
3856.9578159908847	134.5380870078623
-5255.38999090329	-130.10933468638527
4051.7947957035644	-152.08766100003916
-1257.463821170275	-28.24839428030016
4.552394132924395	-574.9225896261786
5463.028407011424	-182.4098210282539
3515.2841002921823	-3377.0792612658975
3387.076306393098	26.019069168349446
5658.129892376898	-92.15299621565534
1289.165671375114	-29.816690414664958
-8557.77198124401	74.24204136893614
1621.1748586600486	-1644.7469788760466
10218.517804449732	1079.0096693250114
-3433.5904338703585	-236.13471604528286
1234.6158069853454	-36.66392712560265
-1108.7687723024999	-129.69981722429324
-4150.220267728559	51.33736065752495
-6613.636030285348	219.78060519514148
-4431.953779212374	-227.9162205536444
755.8337126857061	121.62577272257272
6816.222341314727	95.95744815172104
-4973.6441338351515	-230.53575428132493
3141.6288913523563	-102.5600181665776
-5414.497084814592	-21.304970275862985
-7252.76117489996	290.4375303653228
-290.8136279424765	-235.92354976660712
8433.89560848192	-20.258195290667718
1158.0728612615624	2.131863128199921
-1116.3271302372598	-135.15679987460854
3326.593190407239	311.4468760616064
-6352.860648177401	-128.14672855118158
4795.029570076172	23.746524680794497
-1559.1263265676744	-138.22854741691856
-684.644899162624	-156.3988318365799
-4340.510137881523	-40.067526953536714
1128.8347462957972	222.95300196747613
-2145.9738227295893	-80.07909364993678
-1020.2467286753474	1044.0901222356142
3785.300286789323	51.13249034583106
-822.1710037616472	-93.05191677086734
3615.4051487776583	-47.858537354489684
14238.298614443642	-192.19908362575111
-5666.580455371607	-52.827282007348
2355.684005224194	107.04200739046802
3993.2286149683996	-205.21353982447883
-16.70253225387835	218.34877843851336
-7309.517320052718	28.369865669035594
-11518.063795024596	274.68428542901006
-4509.81144006392	112.80893272867652
5969.036949169347	-137.5296636914916
3349.691269295094	245.2664910683247
2843.5555692099683	-340.9294544118601
515.5017728546419	2536.0283331508995
-1354.7827115795774	-12.352999391095207
-2288.1392925583855	-145.60508730540454
1021.492380727047	-128.70288725611252
3133.746721159501	-77.14663185718094
900.5609350717497	98.82817983177287
-3689.056553028516	-1091.2276329577232
7162.75862710917	1.254585849659928
-1401.6897351834325	-325.2943609486477
-768.3551826085909	-11.588225406276065
-11779.02227356536	169.47998549534188
-7496.5255650389345	-108.14964585900017
-461.3925924933221	-121.98946159108324
3037.8112369895553	316.5921550946568
-1909.3023190007445	-23.408507616137527
-932.8825334122889	-346.06650112455503
-2205.444617544823	-8.745304173897209
-9834.857095424506	59.141940312814754
1416.2540337159915	54.04134469889656
12634.181595575208	785.3564723796784
4589.243213574779	-25.110519108313863
3062.520583486823	-11.329335989626115
359.92204205715814	9.012604445514846
-3914.828709320518	-74.77413655293925
620.5410459895135	11.008252371367105
77.26096491726055	-125.1932030099728
-2830.6421965104223	-46.98043238289061
-3053.1356037117525	192.26459695353398
-6120.543998426043	-3842.448266999614
4110.07005056996	-35.67584604198801
461.0094402829793	-238.36611986752314
3062.68443027391	-54.18282599613721
-3266.63028686805	15.773318293488531
1824.4679489266484	220.6770658711255
-2573.55006529099	-1107.2166358412248
-9827.761547274928	-153.4135105569217
-55.61695436554701	-15.606010907358419
-2195.677772068351	173.93817943909912
-5287.160210748627	17.965682216349556
813.7084696212166	-82.50467810302567
-7673.264924774931	-7464.207419372758
9912.3008394859	-578.7432878538929
4395.175925150678	19.831782499968373
-123.153889745507	-73.35263712473571
2924.012773424711	816.7092466061205
1352.914519146629	-63.48945008703835
-6255.990408108986	-457.51724571018366
1156.3196170699302	178.91254168907352
-5645.941112814665	-236.4733004939122
-2095.6320507556597	254.4100056651888
6599.2688535756015	174.32588941142464
4785.997667138902	-108.33988057371289
3318.1579626151984	-77.92479687984287
5086.904890841269	130.4772459502876
-854.5243220621884	-32.33737884096714
228.67057001796715	53.497288302070245
-3362.6382288573827	-469.5964208613891
-951.0819740290784	20.30756287744535
-7096.212117995914	-796.6691708987065
5358.560374973938	-12.66015458522373
-2454.740731929323	-122.7675571109796
1803.9767982757419	-74.8464156326173
370.42678125566357	-117.00917831730824
-9003.075337251052	-214.75817498308294
-3609.1620655051393	350.84430245828094
1912.868509225326	-29.70528190523757
-2548.7175269608474	73.68276391730475
-6552.976787562759	-198.61341990098157
-3971.608341595531	66.45644030745203
885.393055266624	-161.6627748809466
-985.459527374218	-73.0813075867398
2834.344464866222	369.7864971483672
-7112.7066582832695	-202.67941673861833
-80.91701717406222	859.9120871513526
2073.0359981946713	-72.14190292189168
1979.568716245108	-95.69452193695186
-567.8103489807158	12.249653713151954
3717.078903734231	-156.38284052062423
4120.389274952305	-932.9255031542169
2400.796619199828	-22.08116381493057
4441.3898713795825	-71.85561611326354
105.77487259024066	-28.477329914957398
3023.5727103664317	-42.681086289667654
5665.54215269952	-66.04636055719016
3926.015510240609	30.994259989847578
-2679.1461680918305	61.50689711117305
-2984.094623244341	-51.02356573274398
7112.376470806366	-89.09880217912625
2460.1492731555245	10.96501069705137
-4148.679602645334	-24.380754523269786
8248.367910724992	109.24252691820469
-5923.007849296908	-84.99799154391961
120.29615131174201	103.53731617478677
4341.639319320139	67.02466704223541
-1549.221115989135	22.201355529037574
1187.4510385176866	170.1869266155621
-2853.88880005727	4.525171753532035
3813.556084096209	-270.2315225154441
514.3047506085428	151.3035926162357
-742.0274030945762	8.45649143470053
-7063.16945139251	112.08562346409963
-1785.2496632738644	-38.23622062811431
9025.430187359594	-136.61727436862842
-1417.887816306446	28.318068157795455
2403.7241776240166	-142.55065279908345
-3428.994745664847	59.25419894421141
3417.395446817368	66.20584141375744
-2282.924602487017	-13.754170918405315
-1101.6060258515226	-11.84548473152262
-4022.8124545350593	-106.02853272457516
-4744.471213341709	24.42195305679174
8520.700513509732	-71.62419355283977
-12698.841472249296	146.56169093558637
1368.2168406929602	90.82386868784431
1434.89947818615	-93.1075107427206
7957.544883198244	-29.902139315478408
-1789.6054463827045	2235.715274550376
-3726.8974242501804	255.92542151250055
1060.4492443380843	8.098092890339222
-5491.304518686721	67.91174177358855
-2666.040698394312	-65.17784134813064
-3152.2382716272937	-50.63274790752946
-1459.9865506005133	-252.78293451408342
-1469.947665779262	-158.82609334286587
-4819.070632989468	152.3485743910744
-2833.525247392135	6.244243553438731
1625.301914343349	-84.85011420293795
-342.1340216148603	583.3044834419369
3820.0914949358134	-29.868073658342713
6143.683176928177	-27.98133652719907
-6859.982684591693	-10.560153594732581
1355.4694755809255	55.764660611596184
1599.7089718486075	-81.59144014036785
8105.555249941201	154.95338382518023
3897.669695748552	-136.1767642854349
-538.688994532487	-160.76947053005097
-1871.7840519318509	131.38416365664395
-3766.1726277598914	381.2302187548924
-98.79474882808618	-1.9974933197920228
-1586.4842738591549	118.00335069859528
-4965.461007197917	-219.78060089769932
4329.343225201237	178.71135218939833
-573.1091030911879	-5.687331245929013
590.5784742403142	12.341084264546955
196.7200048976347	-730.3909787704775
-5483.504430874049	-169.60708217681528
-2589.8658669484425	49.721650728501544
3790.875971821508	1028.0834174367822
-5276.1115778759295	183.9437380891949
1250.4167363989607	39.34372895344835
-5688.51858513821	21.916138817507125
-2680.353306801467	116.60846295495882
-3033.673730472102	39.64757422685254
-1502.385098651789	34.67861356358205
-3316.973764942934	-246.15393881232163
-2815.268383416077	33.47395792956946
-4329.122665986148	-13.902089376744634
-5678.333817292155	-571.3494054938991
2037.6638752980734	464.5733584278627
228.17938636389948	42.30251206687311
-562.3695039992751	-94.0694788804668
2177.1708408383456	-1353.4708656779742
4685.94242534013	81.32926042885086
-4730.452275143735	-328.434590418088
-15895.319537727964	-148.99336167721947
2835.115914331628	-149.23016956244788
2103.561128243904	3415.8583311626107
-2639.9273872217977	-77.90336212346827
-866.9876008880007	-21.46233480146961
-383.30291326942637	62.27168462328195
6533.999231320957	-36.927197397685106
3897.013013928974	-68.3638146269171
2891.652503555199	-962.0690869097251
-1019.2822414369472	140.57290921152796
2879.188205629557	79.3455001219742
713.2193625268792	334.16909429015584
-2756.2110787282386	-39.78748124336597
11410.038386182197	-92.73510005874755
-138.1993515214185	-67.56933939681959
6866.635995251994	-7.960223411041338
5877.005063593815	-1883.3654348263317
-505.0117742549664	854.6520217851722
2579.7627624624924	44.56471087841248
-1027.8908685465105	-10.931008657185851
-4933.246521485922	180.23841815675806
11601.517222539036	87.09055012196272
-160.45638290938513	-739.6138025475619
-1786.258403877289	124.4654328348841
-1272.655475560156	187.13397375818195
-1853.3478455264067	41.58050002068478
-1373.3035232578632	-193.61768243387934
-5502.456495341341	16.335574045292294
3236.1809354718475	-131.9080212380531
-296.09771378558656	1257.9618489167049
-2577.398360061232	-144.78845551478057
1792.0712665207154	47.292352768774684
-435.4712473892252	129.2923064185879
2460.988556025124	-91.46807427190656
88.60710918955704	-139.0168094549228
504.0380816473455	272.80645828149085
-4974.374648057914	-169.62412917660777
3411.311988675779	-179.92747997808993
-3076.219782537581	7.254092665626559
-2927.4987098117826	-18.578346975112606
-4200.130719030291	-98.28060955582255
1655.2164350732025	308.42431536285835
-1428.052586665532	-614.1269584168813
-6705.3103602712035	135.99712445771655
1160.9102889180351	17.60944714405019
4018.707105795868	-1878.2720957600366
-1156.0680455794234	459.8435905554941
5021.746164034575	-54.29635369271765
1370.9130613511218	-2.9491827129584904
4788.304275673729	-40.29416935558372
2488.1470334207393	34.3278852633258
2682.9954303170325	1.3436091794595946
3416.298089741509	714.6045501237118
-65.9002845708239	3769.6220969799083
-1287.825003039021	543.5791139502634
-6075.484273758238	41.819997891870514
-4317.141454601476	178.1432063970153
-543.5539236935986	56.082567198164234
-581.7432599998064	-278.65296324829114
4379.198936905521	-48.19643673235857
2011.0831733815198	51.941280715078655
51.019055630853195	2063.451682358281
-285.52445790430863	185.21196786786757
3994.8095101116905	105.05905892571282
-2414.311594879004	237.89390701719253
-4049.5195862846413	-354.51833809349677
-5353.13768890775	2177.8909666192335
3056.0035271775214	-51.79976313035866
-2373.4707276355803	115.23522956313955
-2082.40087996056	-411.19109230450806
5648.667679040889	-58.14389312587834
2603.8476738357936	36.245216017339196
4634.05026642336	527.7222907840926
-4892.887780059846	-156.00999678987782
4480.463255358383	-257.651833882362
4090.178081426386	155.15573908210192
-2294.218223224948	-30.860257565610468
-4285.726828113245	-100.6672320715007
4203.330986955012	26.754018363679673
3303.685972564534	-45.71255718334945
5924.535818060223	-1199.5722223934079
3597.1372140469916	-5369.86581276724
-2143.6851585484537	99.07320258997439
-5406.258954379126	-20.34670009628962
1690.1312726939532	45.31786743574202
1900.7727133502785	-42.639541559885615
-2605.9481114393798	-362.1815288723771
6003.229411586474	630.2318126261522
-762.8696159225818	-41.30227330037571
13774.045558036649	290.1921915772601
4625.69368770189	191121.59493005517
5975.906944687965	461.9034800030028
3301.6648144411333	130.48017634879034
3901.6746528689764	324.6535024271056
-157.5274677380665	51.17987576399639
-4272.447596227795	109.43147674271978
12507.079103304186	153.95255457130645
436.4063305039367	81.67446400666454
-7759.636795325414	78.48808220980744
-5111.307429197683	98.58089620413494
-1864.7480859945772	-121.41575459412317
-126.98230586905338	-84.98186760191665
-896.325319809946	-59.59878037695858
5229.25980128336	-64.78555897769776
-6288.323896980884	1014.5076068092801
-5511.045864077299	161.57799834621278
-4501.971444110985	106.02562103396382
-4098.572680533995	158.01116336499356
8649.367929746457	80.08949203047047
11720.570436477452	150.7146903293582
-1416.30807102496	-256.49334917888433
-6467.303353655813	104.47046337831725
-8538.115339438797	-327.8168903510495
7739.48321132321	-31.67574971911246
-2098.3059286842054	125.70713553712318
6119.986974325439	-6.907385381078606
-3830.9953633624136	-352.6981895981669
7033.259421734784	-152.32467682182272
5130.290494663331	197.3670972290997
-10015.782954326598	-49.56262886779113
3137.69863139263	-130.23182183298385
-5042.943830819788	213.26580080077835
-4447.606161050917	-6.042611414057771
4317.880491557392	-131.06827799544538
-3552.2868350098274	58.56043525867072
-7826.331636895376	-149.60083376895096
3437.2972303865877	-9.455457379941505
2831.8300931069775	100.58994399839291
-182.29832504290536	-122.9647395990113
7008.8048296138095	-4079.7536877625002
-5635.135977884824	121.30231129922802
1598.1976574099206	-623.5955172860649
2075.260041366952	-9.266305243110745
-2330.9243835394636	11406.763770711676
441.3069774176892	-55.40067421954997
6767.271611744861	103.94249364168594
4640.952199674279	-86.55463341442373
2405.494195045079	51.2347827746801
-5318.946357438533	38.65331554982045
3165.5247712276464	321.96646437023816
921.5529837261893	-70.18406223589999
-6666.031949031467	-26.148235875658436
4907.079941336229	163.70122248982221
-5202.601295409254	53.58251065351762
953.9347372383112	17.172139223371246
1942.0730812306838	-17.875441084315145
-4064.83962323738	182.1078371805441
7522.589591169363	99.30947776163666
-2085.407086426725	121.18353916929843
6050.152135644925	-138.8761560706373
1180.1234769050282	-4.958329187466847
-8397.87129165547	648.4301943538122
6976.10222485405	-1361.8425919274682
2580.95384914145	-62.266342741209385
7607.755134529538	66.49827552774038
1195.6737865027126	56.7439107016205
-1527.3626781180415	-38.43265112355408
5520.066197786773	41.394952388191015
-3105.9290281280014	131.3383772469009
4527.974983541418	-112.15912297683788
-3390.0152998813014	-593.822077375684
-2917.6550609605756	-56.92051709747032
-390.91514129108907	-188.4937604063272
3792.768870153929	-65.78901886486827
-1332.890360142708	38.892491235935374
-317.8675638777646	318.56399769098346
1973.4140504471864	-5.9734228953235435
-282.8967097661871	-19.299230899554452
785.4819921717296	32.62762389406013
-5420.85053487566	-7.546758248208348
-4520.033619432696	-491.1619131558043
2243.541445293077	63.215039450117125
1046.3830849751087	300.92454674954485
382.0475320174091	-65.60060618451894
-6721.996455276486	-74.05780647165463
-6019.845556294036	98.41234361766423
-1944.6971633314727	112.03106435889798
1242.2731434158943	46.94220604377877
-2573.7087298490037	50.42885499890483
-5217.768946792377	-152.25625587924642
-1699.8375927981408	2081.734735861281
-4089.2001286759987	-55.983301384418525
-4874.208450417582	134.97901289939895
-6105.750732177816	-40.570488697229656
-2465.467283252165	190.05307553002376
-8139.5484472222315	14.70597197662583
-3669.289884130306	-5.488158841636318
-2065.9754823530575	53.571901543946694
12011.030406730319	-15.57631529929384
-508.6688793290559	-498.1489473126516
-9614.48176474804	161.13094473147095
-221.52842216293416	-201.32950418137838
3289.6586507527522	112.46917947615036
2498.09819139756	-90.94154814568947
-5520.72660498493	-11.556980984065849
-2269.8305857968558	-168.6121206657004
-2209.0637187602892	2.68921263005238
6551.4030911516975	117.27562949382867
6032.974104963845	-107.13752098805132
-2773.812089045047	100.67084329056294
3161.7675363111143	-53.16514827684009
-1754.3054350505934	-50.979734629302
740.0782687381296	291.4517652919333
-5156.701017137922	-66.42856544204028
-1119.201670283848	-57.21833668319491
-2606.9662141522717	-26.137166781297676
1368.4852722643	-67.61785203645489
1389.631587721575	9.744119750789244
-3920.865244202087	-195.76182101665034
-4378.789763020053	69.60835347059897
-7052.575333604906	246.52868783776628
-961.3818153410143	97.17387075251041
4908.4500236430085	53.041665560165924
2057.600608900542	1636.7785457787415
9683.275476828827	83.1711908548052
3175.7616310755498	-45.91707762924592
2343.9667086025665	248.87290517402602
-8574.476899046253	110.80231411494124
4867.400277530218	-154.34825253936975
-3335.2495993740013	-218.6031369093001
1548.879274933316	-43.083098660708366
-3000.687847585241	93.9572474193638
-8024.883888873046	-179.9338826118968
-3849.900641240321	-68.63525452923199
-174.617048514643	725.5236455929902
-5018.325994089162	-4527.353733504493
6499.468060283614	288.25738781989423
-2047.6663032926726	18.367278394919044
-3269.6165485657057	273.8237810741263
-11328.474705974158	-55.414932023167935
868.3582639623145	197.22797894549177
3558.302087192099	-205.75400457983358
-3942.0858347387802	103.12779015814971
-7561.037093916658	181.60238940125402
5438.755002528708	110.63645585402347
3968.689081391303	-87.17080053734064
857.7571774721375	63.75381377044956
-7488.582645575478	-220.708071054933
-5119.7028898418985	12.197250929578308
7707.827918303392	6.688776809808972
2789.8852949137554	-85.41700068479302
2078.57012858767	-84.08906383777696
234.96495191395914	1097.1197096473265
-592.6198961435608	-138.90116887807318
-5411.037668130522	5625.013968856331
-5141.0261753347595	-1165.454013251961
-5590.4367316397875	80.35377757330694
-9778.812299894207	9.042479485767212
-3884.50716626041	173.33166352589225
536.1440167493857	691.830505944662
-1557.569955211616	-36.573455585238555
715.3538666866696	146.64102846552595
-3716.457466788304	135.65689971067079
-2951.5788342215615	49.38242963625607
2883.2178715995246	-69.15160074727902
-5532.447964639464	296.62906892859513
5122.921257474876	807.7983167899652
548.9122895953624	84.95634734743297
-615.7053234653113	123.90819844783408
111.00387334771958	154.70346066665078
-1680.0573441422707	-122.01017417106578
-1242.313915249422	-63.08227010792604
1736.109192767004	-161.90910391533902
-11207.949083407457	-387.7958525730771
-6427.950272376135	82.12175138860853
1211.9242057308018	84.6376488767111
-2830.3777560870185	106.34609990612466
-4567.937117678642	410.5905772018767
-1414.4689095113733	-155.41629381414563
7402.369298130766	476.695711932467
1659.6533567084762	-600.7469093832235
1811.4495133486353	535.9399448761645
-2988.7031527796653	-132.54314315132436
-168.81306513534787	46.79580693136768
-3126.5404622519027	161.44572005934262
-3485.0713047465583	131.149518798143
3902.107089307592	142.84607480733598
12183.594766045657	347.37067010625987
-3144.026778291428	-37.01674172420255
6024.903140265776	128.0794665530146
-2751.3500045726337	122.84731522384146
-1753.195643676553	-47.94237727522529
1500.0230571831833	-181.79789112507885
-664.2178783019419	-53.48376749068478
2189.27746902353	32.60863533423821
-7201.366243427803	-731.1512204089169
-55.86132974625572	13386.08313335171
4332.942049271695	-375.49862217341615
-9184.551890425175	-10.004293068056999
-2461.3132021064116	212.46692384082792
-2778.340061951449	-56.4389740107347
5228.934302297772	361.13337903560404
6872.44744089739	169.809880320156
2066.9321559354207	-261.3027939045957
6989.21634410854	60.70933161003856
-376.45959533194366	-97.95132625346369
-7887.445446019022	-191.27312627644721
6011.666540757983	1052.8633582291181
-1969.0473785241204	-2.5107853010472905
-5696.754288801514	-106.05555833011444
3920.7005298630756	-370.43159652628583
-2052.681762652309	16.73611487014753
3497.120394517136	-15.872950999418334
-3648.869146782806	5.930205759592619
-2712.743888842941	-9.380454866195649
6521.598310789713	162.56493099178635
8676.180913150016	-5.1543118713487335
3596.754829313131	-66.77221903845974
-3037.6240514271562	-62.17643841595049
-4967.056902994547	271.575899599327
-3789.10200616391	-888.1529660810963
-9872.230108028189	61.92480601889978
-824.4897455956569	27.29512783203776
-116.3620426166979	136.12448361244236
6980.934195962681	96.02394444829432
883.7910701416074	-83.50254203897292
-3594.9558388270775	-75.40911076091099
-3844.324714870978	-14.224848795772681
-6858.343271730489	-91.04182638625329
-6332.629503670553	28.30399865924173
3166.2388118497033	-29.625051682004646
740.1830425002765	-118.06940970350442
-602.8515931142783	129.391301871631
2891.858538155904	11.60397090590979
7695.960779853922	-322.83961184505705
1939.2097000033798	-48.99726091676904
18.450697592043458	-107.44735876406116
-5397.876893154968	1163.774030366243
-4685.4558565464795	197.50092131947906
-5584.239964985909	-2420.3350647138636
-6998.872332894206	61.00250341313476
-6569.145889107843	-29.391204475280404
636.1059083589388	-65.30446662308634
-6266.6771948216665	-146.25286926705326
507.12136779635404	160.7297139461562
780.1944175918186	99.90972111207238
-108.53341106399014	35.48201416931928
1607.7008267381243	-6.761522071064514
642.3290745545968	13.884257015905341
-4539.112538586708	164.29781146271267
238.98629384033126	-72.62514890319429
-3258.1958679400873	68.33533941197189
2624.5264474983437	103.15736288150664
7690.864329247178	-53.60536726153208
950.8592052528219	304.5258864270691
2786.4111886884043	33.04049057318788
2607.724629422184	29.63085632859457
1465.679768857595	182.09820488437828
-375.3435215383041	3428.239374668161
313.7576548685183	196.11818882004806
2034.5605472052264	208.55954065318505
1091.4454103789571	-113.92622049183905
-2618.82354032944	-687.5239633793456
-1610.592265355473	925.6973250629292
3399.6740953023896	-397.46157050351854
-1235.7107407520928	-321.36853410138923
2856.7813784648147	-614.1522653472312
-3327.89022454046	65.9582101941349
-7996.4015724884175	768.2891273022179
-3632.333364398694	47.93052360640029
4099.537326655764	1041.9656029643545
-6620.884331573697	-839.662012157154
-2241.2013761843014	117.11819788030478
-2586.287310493645	295.1757693007608
6249.027503002437	33.194328726554176
6903.97660073191	-66.70298388627171
-2327.1137999756234	-38.63465135121948
858.9212103203837	12.412589946900127
2610.0668561529037	75.09446695678295
-1852.0836415977492	-570.7111699846824
-3218.9106099556675	-275.99028727406494
-773.0075704704321	-43.3071346203004
348.13644838907317	0.8658167161006632
-12478.088630316219	-15.702306335268624
806.7434245364456	122.33790371890063
-666.9169038837291	-426.22958999438646
7572.852232948394	-17.609088929465667
-41.100599902317974	-45.62428094263118
-7830.762369659802	181.1990990781493
5189.339436872793	31.954530621990422
8146.092259138188	-7.976062689329245
2794.768269038453	7.8997309659794395
1700.7585954130889	-59.4424462690216
326.21647347795965	-33.92726266845845
136.76105518782515	1.6201934514095904
8897.910082799355	63.99207316217628
-424.59189628402004	97.31881129191937
-2574.987130350692	78.3648421666897
-4175.439367104747	121.18575162988293
-1026.4499998344445	-65.6651611054932
6065.071205208514	-115.86765899556792
-1318.6825466317116	-77.10462316653792
-223.4495979079794	201.04043607136444
2016.3346840073002	46.718939895509806
3393.76646399116	-5.863345227178723
2933.4999537452536	65.48420729853756
3001.9619111909215	-68.33504119841665
9838.974700134904	-277.73213904819335
-2525.046416464997	-194.4213685123206
1860.691205571035	-36.65155675210574
-300.733084196902	497.7483568951939
-6061.1900326702835	116.01851923758987
5115.525679197731	134.78170756637584
-1617.7787354382592	-11.971715835203328
1325.111841679676	-128.85610780115107
-1949.9591265867862	-2589.828977237806
842.596977040824	0.7194934509707642
1196.9848255255138	-105.65783909077089
8091.409033982522	1692.9452491850095
-1781.3774585666915	-155.3104478170802
6975.6965545260655	365.27311497752646
-3440.3578815146125	-287.1748688664546
-2301.6530965613615	-7042.432897084765
-6260.139609919352	128.35514328148415
1462.6884448061767	-191.30597213348926
-7.925435069672953	-67.72938651810479
-4031.1597492895226	70.80282361537957
2865.4989935811295	57.3091957620879
4222.408068877105	-169.2018258549626
-2502.74820320793	-441.15129858504474
1229.7136575617385	-6.941852361292847
-3555.256128082973	146.05564134593578
-4714.7836251717035	405.77216566455417
-3407.1475824344525	-4440.858193401943
-3529.491937092447	-49.3861537291674
-176.17702171464342	125.501243024799
1466.83198625892	-66.72607904072528
-1598.6303813361048	-52.49083270019673
-3469.410196910085	13.521850750865978
-12366.445972670546	128.4046751513884
-16552.08678437478	7.246412745080546
-1836.6365459483982	-18.510472881987052
8441.567726719322	-126.87410293350176
-8362.948006883442	41.23577506069272
1626.2851431785614	-335.2813744556853
-5239.698445715583	23.292046026601625
-3819.049673249122	-164.3826169994551
-3821.063790664516	-278.97495414983314
-8339.056768402652	-27.390490538488347
4482.240803506154	-15.051527472153303
-2174.697334162153	42.133411089770064
-13310.685106851008	-359.82129089695775
3521.2083938572177	838.121895459662
7634.711988283614	8.538748074043264
-2464.9787442334177	-159.71446156956208
-6041.045708297396	-104.18995872639734
5211.890259738827	-171.26865586730577
743.663215802739	-114.78420674465741
3779.52412387432	65.59264410304073
1192.7515229280853	-74.74439861644761
-6658.119749601189	-175.0708696135237
-960.3570456511361	-98.15614968033341
1963.8160868938162	-504.57456718477056
3452.182390027709	-0.10735428389725023
1228.0093632252097	-4.347484582230452
-3442.3950857684686	-38.94192980552815
2529.2745981785647	-88.50916241073467
-427.49747574619533	-155.51065081639135
4128.832634046523	115.19802595804092
2868.542918259736	-18.22380027466515
5742.587580861108	4.3143728208317595
11460.21334598877	-90.64901441020326
5375.191731788139	-27.58913250445121
1649.311146407467	-314.87893803070597
-8632.348121214072	-77.97423834782329
3526.6142440013223	115.7573784169483
7604.534072479565	-112.65239052183499
2766.620241390655	-288.15929657631074
-3928.995748494306	-35.57321942156149
-4510.962434710511	60.65287130058566
-2598.9906228644923	-710.9334072843516
5739.141155793001	-188.45540635648763
7139.643362485776	43.09945768408159
-727.1663318346766	-410.0217308654164
4738.625167716331	442.81992951114205
-5821.902896444584	111.56642177031763
-976.214273309991	1696.2214054046308
505.6051922798149	8.891012578574596
6894.166562639667	-103.86949427577511
2526.6873115856592	-55.3417777954904
-6029.469097752219	-17.998405117571757
4954.981286254517	-262.41356111492087
1871.0728533856786	-9.569859783142412
-3030.915925730568	13.246742332122027
-8627.230057129524	212.598567439774
-527.8705768730971	-610.9182791618466
-193.65867477323152	-317.4673662932061
-4999.019015413519	527.2535895627337
-3887.997024855073	-85.7037815096114
779.8835046054203	-7.347697495185962
4370.523810875766	-140.13929642466098
-3256.712818800866	17.087697041238926
3961.117972212906	-448.063682274011
4220.798985286743	-71.17417822799214
-2708.04882385365	254.32919243244902
-1145.3436912869363	-56.326259233818206
8886.58832520656	-70.37720942225644
166.44187648442227	79.99947094366911
3168.981602986273	-202.86283559167146
-2460.7435261686383	-40.368601572397914
-797.7426785016628	174.02211926850705
-2234.3382238592967	-138.62798511619397
-162.55542199097184	-3950.932517107058
-2160.440558948894	118.01077334573725
3644.901527369434	-2278.8820535908153
3886.642756868689	23.967942399932063
-4402.716915485808	1683.9833554120917
-1522.4549580025603	60.911777751887016
-12679.302659371227	386.3364398286251
1592.0801709042594	211.2822231460171
-7911.34107707308	-93.71259549350863
1053.7291209885072	-167.81051764805798
1355.0159625939707	193.80953475234276
752.5516805010672	-45.45789979309652
-6679.58621092752	-278.17413430361046
4256.426797377077	-2897.3378549965996
11512.973259552746	-40.01125398619073
1456.7254501547445	86.29723544190783
-3422.8113504575613	-11.79838962987739
-75.7135308372367	-70.96464712807845
3496.6459120001914	37.011049013648
-3129.481966185027	59.86387377883224
-540.643106288143	-225.8123656236623
-1967.1704768365087	27.606442777871393
-7725.901546099614	-1587.28484486497
1801.64196045245	138.08450477430486
-6677.520077188142	-184.14522664233957
-10263.05528742442	-141.67808030298698
5048.678729366879	-90.37961993822923
3432.081197542339	1865.9292810007787
-1824.794118410493	40.271879919594014
7529.89967106179	223.19315393240902
3994.2102863080418	51.827476540565705
-6622.25605692591	-101.81600887954468
6147.89734499393	15.925431574584474
2038.5488340130698	51.17381616884577
-3052.129376093221	28.070372156678282
4774.822531376828	-15.06150672400913
2179.7902536713755	-543.8448388387899
1227.3772153936509	-344.65770521463315
6423.0281997972625	38.82591477332554
-8111.434161217902	157.83069877747437
6072.076462019064	-150.71343622627958
3357.1194979419197	-406.2202897018581
-3574.866599114417	-148.8121299623115
-4630.664449376027	-39.726529421007164
-5529.574119687453	13.977261957881726
4438.427720484529	-70.05802832325382
-329.45606264568187	140.96516000557676
-3167.217458489761	614.9743172848765
9522.898864703227	-110.23688416365671
8819.486431272151	-131.1172606411377
8054.168595510454	-142.96009948526088
-1268.8776266300076	2007.3940131412662
-5248.723959413143	353.1717600798013
-3650.4715382928366	-2.952784900166315
-970.8091629077098	832.3629234919066
3523.918324941138	77.86289907961209
562.4106688276192	-98.78354738628475
-6020.154683880036	-85.86368348938366
1827.0196807128432	-108.195700703415
1922.525146970597	76.76181959862977
2375.7502450572774	-86.60773649735444
-10715.378645019271	71.80763083348438
3575.153424101555	182.0460659124062
9426.288653222955	42.92409212299515
2194.899877289204	59.25762875202323
3482.6859980235276	-222.578969485491
7822.579394065409	-301.002949846685
-5784.760854442	-92.04513255389031
7478.76662228857	-172.78228175074878
-394.88486273967175	79.84033140713443
252.89699077111644	-75.81102176075477
4277.090356734932	658.8976180005184
1210.3981474285408	-186.91998228206972
-1342.7830416992979	-136.41723309088218
2110.047605810464	-59.053714765949366
4706.001678934774	-824.3902037440041
-2721.840535604736	-256.16417477085224
2347.868592821583	50.39875428921746
