x1	x2	x3	x4	x5	response	response+gaussian	response+slash
-0.8076025709731507	-1.8452244528290906	3.655136454535807	-1.8774430108944729	-3.8809964536230757	31.72869364193219	325.01046785087556	112.29131176842421
-0.6917199723216436	-2.5832343235662747	1.6203645371112962	3.995711059874136	-2.2393351743451575	43.089874242451515	-1469.3472233833922	-107.23059806086187
0.7912429467049851	-0.6266636036699023	0.8321546114471996	-3.426806657074261	2.119302157024335	-0.7843044260172025	-5095.272606932207	5.888127329769348
-0.4933769705664002	-2.7883121671865165	-1.3927953491886091	-4.870873087668157	-3.022385234590562	-389.1522364770779	2340.845962777443	31.471051393077687
-4.242212303875491	-3.6309930232595864	2.4493923083769618	-2.295218116915331	1.3683689819797662	600.0395528850946	4737.50579738799	-21.12831482049603
-1.670153388429462	-4.79835507267215	4.137564174691482	1.8472157837755212	3.569402811892399	-55937.70202051801	-55130.27086212966	-55621.521345735055
4.7904936034756975	-2.0121683853125005	4.118387288150931	-4.961475166709219	4.972968160028767	119.2770882484625	-1710.3744292270987	167.53287246837607
-3.053052497695644	2.0785855595751332	-2.003307780526323	4.563798160281433	-3.8715096624786938	12.578641812609979	-1653.6502433763021	132.43962344499153
-1.6758784381644434	4.251943888351883	3.721252360782284	1.7051989898720237	3.4832538581332138	2.9967162009072776	4221.3569162268	13.578763845284062
4.71578793275828	-0.34142965483724286	3.7497220146084302	3.6913109873386816	2.4828720925131664	7803.133118896087	8317.116132139041	7728.867110223564
0.8389094139190867	-2.35772686797844	-1.1348425761956205	-3.84504438472667	2.2371186313871547	32.23012812438148	-508.3777308699583	59.203655662330746
-1.4256965212025574	1.8651952347002618	-1.5490060086051405	-1.9104554570772825	1.655820958012181	-15.84554996826338	1353.4824956510583	38.14548334064307
1.3772390034752044	-1.72008980355832	2.7034632144111272	0.9250025085486477	-0.5967580376831574	-223.32351772324574	-8879.91423676599	-265.03179812451316
-4.600108326076175	4.360620912680718	4.16225862052184	-2.381009853332814	-4.452178361625068	14.181833692744277	6504.243682798888	229.93403871716262
2.1247633071465275	-3.173072651769895	-4.461477672771409	0.4947134109669644	0.45091430402212307	-1146.395558866997	-3076.6608965933597	-1182.2423014131582
-2.3367103323985186	-2.5808235105353305	1.8677878311027243	1.894565095401103	0.5636128673568255	-387.4430181139683	4136.0258312650885	-384.93549990811056
4.147799627655127	-0.2229066299650686	3.9318196789295676	2.1294450932689424	0.967804779518965	-53.48789668226689	-3536.1279168817973	-2562.193490068028
-2.7056588575378093	1.9269331590834522	2.0384032260406	1.8383913222332975	-0.3461148488895702	9.686314150490116	-373.49500097336147	30.053317844501613
-3.378425676712138	3.802201127142231	-3.5386039969724314	2.680549821706384	1.170529096085195	11.901670241785968	1146.1747431476076	-45.62524754747011
-3.2073033863878484	-3.4321306729771086	-1.6037294151962875	-0.2885432221458988	-3.4837618119680593	-3.9665782667294707	1569.7984984629106	35.06165264364433
3.9256275217241896	-2.9827245068566755	-3.2683018572261844	-0.9673887428691783	3.710657866157982	226.66460398138594	-543.0655329891961	-8239.893891602153
3.6258081025114794	4.083027212886597	-2.8565930031371787	3.3794041849359484	4.685151291625738	12.16485616780389	-4306.327733744105	-266.66508964264165
0.3956277515263853	0.5156377452028291	-1.0144046581681962	4.263981002194727	-4.144531319364853	16.62811897745408	-1566.2291366181994	-80.63024879358684
-0.7400428472886098	-1.9955760675533374	2.3458425467554136	3.8346389937434395	0.6488384284452504	73.07858096186112	9680.078361045395	2357.1770490436165
0.15851853091737755	-2.0781901550540747	-0.29790398128296935	1.6385984141605796	-4.5157014762251535	-98.5737463216175	-1148.7985745318995	-40.91213112530662
-2.300849381185502	-3.707324580674538	-4.349842175570345	1.9339357974292204	-2.793909874475069	481.31784775531384	3254.701388942804	494.06075963801607
4.9750896779128375	0.6669505112989063	3.1772931959717816	4.832526189130244	1.0350498685222291	143.2520281093657	877.4643583984803	338.75544111125055
-2.8755937959471254	0.9498474046109138	0.9188201225862915	2.1775201298194595	-1.7060498340567398	10.507971407594992	4363.359133388276	567.6779152994197
-4.713254785003961	3.3895501491939193	-0.6474866544031901	2.9054772324307754	0.2897805844293657	107.0907241501109	-3215.4888925164696	171.49901814532387
-1.37362268493749	-0.17827294306571684	-0.3942283330465628	2.6932277304730476	1.2839478696997295	15.11619027248629	-5648.10408101779	118.69094239011005
3.4087059286738572	-4.4836357000458635	-4.573904563396236	-0.4249901649521508	4.213110114417024	611.2486762190479	-6718.913669348618	715.4103305404974
-3.367171141346362	-1.387482069679442	3.1856986446089977	1.7200570289636161	-3.9014620187755966	66.23491144065999	-9475.246455479493	-130.2918867495705
-3.991368375369948	-0.570796197661144	-2.8015999890425993	-2.510582950102566	-4.256566553642961	-30.67471391638889	7830.649866161296	237.12823236925243
-0.49419949653004114	3.5571908759119726	4.162243967596201	0.4127511213650523	0.8094889131568355	12.343364324280257	-1011.8183202699282	285.6393724734653
-0.5825315883713955	2.447561733215954	3.069600403216416	3.106257327999062	1.056906106089901	13.06167640621944	-14497.793570217606	-47.27865864747563
-3.990710501020165	2.460845108985918	-3.893755456181199	-0.9022603267922644	1.0466288217896764	10.470683739774666	1163.6261903459347	4.7585861678797565
2.979212963866816	3.4618454114160855	0.3337879400758128	-2.820124818060936	2.23136453271999	12.000023704204674	6434.599709615543	305.3892164312051
3.546070008480795	-1.069729858093683	-3.1597294792532393	1.8668506697831955	0.5002273651143998	11.110933451246794	1818.821352162643	-333.22993929562875
-4.619483613779635	-3.2249623879658484	-4.630563025763114	-0.012719587843736058	-3.9334481599898274	-7467.64372402547	-10232.709561807958	-7474.347002895888
-1.1177428553142366	-0.11858843357363558	2.84697103269939	1.0459343944710406	4.006265871427386	27.54112516888381	1010.0178111141917	-100.35431683425007
-2.18686566401309	-3.578908038349206	2.77510843204015	1.5527660921992208	-2.015771768357857	16010.506923822917	18109.966008888267	15959.88305251585
-2.2979599506223836	3.8799353013267392	-0.17614692712986013	-4.650549350383651	4.655055716924291	9.775514205295654	-143.0878763932308	286.46255377590165
-2.203057244375426	-3.1733129935247395	2.9814253681854126	2.0743146753052137	2.13423684186097	-926.4031559322043	-6496.0388359883655	-874.2862222041965
-1.0244556925448878	-0.08594393563434721	-3.844691958635529	0.9388998588871917	-4.414494682448816	-44.029427124602286	-3148.8643025769475	87.2040844071119
3.694583768302813	-2.3992903846160596	-1.2919013888077346	0.34704686111860106	-2.9511130008666884	79.45631806409186	-1272.4398200942069	-136.58152058897116
-3.4758048311391865	-4.055992860778516	-2.9256724088612494	3.933772366316905	3.6764466345494853	-461.9102127685148	5875.515774581317	-497.9351304829246
3.328050325846231	-4.06403720932225	1.4316345653037494	1.5898354522970646	-0.8221452943087684	-3542.476853886171	-7343.426654278284	-3527.1462938886434
-1.8943883008410412	0.43701087746555345	-3.876951095442136	2.750690673114291	1.3107051795334659	52.041030190707026	-4037.673312591925	27.535969195490235
-0.10880287001931244	3.584185577542364	4.170078379492086	-3.888837221785535	-3.559774292485164	12.092724309621644	1853.1012912003187	-38.36811887867835
1.1206164559364504	0.27761925597611725	2.9059650928638803	3.8231559229746264	-1.6138332175273327	-7.702058303527679	6338.514863719572	-346.1813060610061
4.550007784161776	2.6439582146548544	4.041761109858577	-3.3690530856093472	-1.6284332883969288	0.8756595219058294	9301.213131828215	50.49364868537591
0.006286752642960636	-4.580662156447599	-2.6935804742290834	0.4155418654678922	-3.568634769833896	23.53856374236387	-4790.885932700273	206.36974873963328
1.0255090941866873	-3.9619373910337052	0.6627812641786885	1.7693157916407811	4.625526530965821	-2916.6236133193524	1035.990449704767	-2566.546636279686
-0.6097545982475383	-4.3256860798681585	-2.4186885991869755	0.30671998892961483	1.2327090508226064	-854.9498561436815	-9735.682195422434	-696.2185354332648
2.134737907640611	2.1402842907219357	-3.7586115375294726	2.7153007971564413	-3.603789515025303	8.312682262645685	8241.034662892756	120.59919546882539
-2.9570274969700994	2.664555745950742	4.86738356023589	-1.2217677211238778	-1.9907081293368334	11.406049660152297	3391.3030399792224	556.4175302873992
-0.923330594094943	-4.339397200216807	2.716303408928704	-2.076460713913202	-4.074551737776902	565.6348407257508	-2415.813575067944	553.599085638765
4.008460456299069	0.5029183389241068	-1.5370521905946077	1.5777319393489497	1.623412823493866	-597.6336986347645	13556.361857991413	52417.393118749256
-0.6727382308198653	-2.2373741491067847	-3.7386716912649165	-0.0880277425105529	3.595356914604606	-151.48540895678153	-5833.239581529062	-147.08857939894568
-4.518063042265915	0.8384878003079468	3.1605574908768226	2.100301836300199	3.365881905218833	76.18209730929105	4633.038565239398	155.51511488712634
-0.23321794855064493	1.1496108488782921	1.5126348886810357	-1.0639304185742091	4.409797043543852	13.495966277908396	-7198.44586049692	93.91360185627782
4.030750524463478	0.8737401850077404	2.299372096733654	4.979202915227944	-0.1884881360493278	-6.389301489945222	46.628298968322596	122.79810371975616
-4.69938215585471	1.2283793184650644	-3.1786123045087344	0.1144783915478147	0.9482122532397854	-432.7818983688371	-659.6921900894981	-2631.65654196401
-2.3537167216630306	-0.4940014677374318	3.0123822880014437	-2.574100100461477	-0.5601672678691161	-11.469250100544862	-1703.719828476283	-158.91835082579973
-4.769636064428947	2.688012335905121	-1.6723820555992308	-4.872474187096088	-3.577084913000604	68.01007438690704	3530.362543459585	-41.3064293512964
4.427536244709346	-4.689489215816981	-4.673789896297374	1.1103646134756309	0.028108125853899324	14926.220931810103	7903.885602779509	15115.83556589885
-3.7551417108999363	4.187786419157719	-1.3924568050602506	3.085400090442203	3.3584461999179123	11.914296820629676	9748.520232957891	-87.05416983550742
-3.9812779368282127	-2.604568733455003	-4.176042581444829	3.0114224515686328	-2.851402153767374	-353.999003804285	6299.465650927055	-536.6755487664059
1.672067105765378	-0.856949786726724	4.763079804580629	0.7799252034824153	2.992653034244044	536.983238627926	3431.885954476964	-207.87404981070642
-4.627048302535885	3.7298920027908675	3.0299907017451453	-1.3406813885450388	-1.1286548171976296	24.283188985896942	813.868618505168	-87.78700963448095
-3.1154763166093002	1.6664964338090096	-0.9223533347153978	3.0368235023921244	0.9084224160947105	12.024195799297539	3675.6965408298493	-348.77328433508615
-4.857717784380017	2.166199908532084	3.5762145301746795	-3.514004133004782	-1.5495693669948052	-6.638222982561576	-2347.3222025392747	-37.07444169385036
4.086937151757606	-3.0652750594812774	1.516262672265798	4.049572852423829	2.058536869617127	-29.90411823703868	-5838.124450421841	-121.64644956736723
-0.3173306938361531	3.6182598996874287	0.6502250095164399	-3.1787008025244012	-0.6501920257059624	12.036339693263024	-47.26914896244911	101.44168217236734
0.5193800079803266	0.006508013144833846	-0.5585744421869858	-0.29190799715355187	-4.558801481669372	12.879591955244797	-2691.7568927761145	-275.17927929721367
2.023608842931414	-0.425875168626467	3.825867741169956	3.4352482359307643	1.4698683630962552	78.52251114021882	2552.831090954328	239.84187275037982
0.04913410964952192	-3.648626554574027	3.7715824966911473	-4.62661418673863	-4.301124638488671	-162.59145527243487	2762.975096388327	-233.9053592289716
2.430611538455514	2.945863168666226	-1.2134465970431463	2.7186233416567145	4.424456251390264	11.792699161578678	-4189.936113859897	54.280439326448274
2.646099323415773	-1.9820523323720298	-1.4703150078170832	-0.8378823660389205	-2.8919499434732296	3.5409546450795695	114.11630500757283	-98.71614916069213
4.65951697674913	1.1107473867283577	-2.1471523793168856	4.688702991874827	0.7780248658270006	1668.1667508070414	1377.3323443417435	1603.2864652615
1.0691757152855352	-2.0249563699995665	-0.7998790162420288	-4.506778356552017	-0.6568017631134815	-319.1203857386058	6041.632852688033	-767.7328912439987
1.4716645558468553	-2.4286527395737267	-4.168766971045804	-1.6424546404698361	-3.5968516821020824	12398.290313505788	4518.811201999033	12582.769091318394
1.7439492938534071	0.22017008448023745	4.699254828055938	-0.15622594770077747	4.357165523967199	145.6837845895437	2939.055423872162	526.3734713463334
1.2859812050896675	-3.063004662313167	-1.7453088535877104	-0.25847870210859547	-4.289920047733028	661.2228438100998	10450.475334756546	695.553266882961
3.0764015120348702	-2.173409610874153	4.015158835764197	2.8263027878838933	-1.6744457615013788	26.944389445298114	-6848.5978801165	88.91676179847502
1.3572681003238332	0.6650264509549944	0.36326100262133565	-4.661123225211602	0.11409213505747218	-270.5005981832053	1542.0710415241024	-2599.5830076598204
0.8954560399928582	-4.720828697754329	-4.0856332908154815	-1.171350024758464	1.2395522853717171	1455.6631516370724	-3760.8363797554957	1255.4642115982967
-0.010239307363587358	-4.761785710463915	-0.5193787764693436	4.454207330460461	-0.5441359463566204	-18.94182832015485	3354.3637461923145	133.58104205225925
-2.7974954052711665	4.850183409498792	3.5574426781590276	2.5758371613815783	2.0658411125676954	11.929445972154763	-278.65697952966127	-153.47532298609792
-4.046973213993122	3.017174376378236	2.1189371218186253	-4.2166346159652335	-1.5806822465319978	13.484620416194637	-5797.487140593179	-76.14024371659721
-4.436615376175168	1.0393252535012838	3.701792949590473	1.6377166189894279	-2.1289218928601503	151.65522298622884	373.00368743570783	195.32087497745167
-0.5736279122795809	-0.003279184901510135	1.057821936958665	3.449284697612118	-4.4245446774014034	14.878246725175837	2711.6541375398674	31.062769790447952
-1.776389966056989	-1.570821994662459	-3.52823024433592	-3.295541951035219	-2.3395235575495543	478.8571048173183	-2352.0289968133357	437.7601448368386
-3.047750278836483	-4.002002674400819	-0.30530974902002317	4.739477195263678	-1.6734693091886554	-1118.7880401466239	-5117.119287756616	-976.7378228379591
-3.941716355444851	-0.09902718559922086	-1.20379326734629	-3.496778853398168	3.4149704425869523	6.3176102059613894	-1678.9313064879018	180.03835467449804
-3.445860843955044	-3.3903309477545527	-1.4153252949774542	1.4618378361792868	-3.4297774137430337	-578.2567098345785	4022.7232807146906	-606.6545614686785
0.7625256715422726	-3.2399221070278217	-4.313134635727302	4.6841159766119915	2.720362343443159	5817.697165683394	2220.2232569098987	6111.40032598184
-3.5734045448045784	3.398842546521333	-3.258493520859175	2.7103579705297465	4.71747775466053	11.741484639445389	-3190.468318324854	-1351.186540959189
-1.993780341608744	4.711398950772574	4.973880278572773	0.5433891544420355	-3.9630194187252066	11.476257052883081	6434.643519092944	31.677225871863843
-3.477435486187076	-1.2258283247648083	1.9504910887166549	3.301210511875352	1.1807586570242332	24.769160125954954	577.4692089266391	10.19815412425576
2.6594304027280007	-0.8914315947469333	-4.876579337395361	-0.21042493752063685	1.9132351030882102	-23.707725604577277	10905.11696636626	-41.44828706243152
1.5647592981440432	4.409584472989705	-3.9236854209177965	-3.1316039869235004	-3.4667847532608977	59.540412405405	-8744.49530923409	171.20549529016765
0.4642284265768897	-4.184738647900305	2.8169613718515922	0.9382796229266352	0.9358141202285166	-274.63207024289716	2342.66277260603	-116.54149644253812
3.144282874231429	0.618247910373241	3.6885399217018424	-0.9559653069044085	3.1866717358551924	11.955597350971539	2821.8733804912176	34.7930349328738
0.7884009870320767	-3.768620792635964	-1.669455517806988	4.618679701461204	2.8491357052893367	3230.7793419507816	8686.406845325699	2988.554228348091
-1.1775911277260165	-2.4249742861645815	2.8641947548849807	-3.980052238225744	-2.8585603385995793	662.0486727724838	1685.1588153749046	581.824610225903
-0.768607185023332	4.451538989448025	-3.042777294820845	-1.1035932977876661	-4.2356819452514705	11.928259102292046	-5535.893269278212	-6.6992593914809575
-4.266627715175443	-4.824681537297607	2.878934562978186	-0.3958371523587365	4.649210714262489	5167.843124689168	8439.868600558973	5154.876395043624
-2.9711737910127867	3.569990622693945	4.088777677733338	2.5010733538761674	4.6918695926600265	11.859462251964388	1952.4905359810255	-171.7169693995172
2.84134342878155	4.723536282747517	3.8163010255574186	-2.5605738816694434	-3.4416954216086157	12.052143725016027	7423.645207133994	-257.42360014294405
2.366349975863126	-3.7124099356995757	-1.2826870295891712	-2.0384953250930673	2.532305717261499	-773.5461837152191	-78.88207539041741	-645.1505344997449
-0.4911847007759649	3.981603617952345	1.5902110491363057	-2.087040343790102	0.7662193216456785	11.989723150399437	-5199.660227690744	206.66563998661496
1.0948944868260941	1.206968636133741	4.418207971004467	-1.5019311919653644	-2.814025303772519	-53.86491527020377	263.91128638793725	-207.94769653062113
2.6931058613023104	4.574045958062751	-0.7981078238663875	3.3110958349771344	-1.7930855680689053	11.971131627919892	-4290.844567647997	102.10029622849538
-4.052575702352699	1.5469258647411843	0.9991772041779647	1.03107840005877	-3.5802087189877674	10.896571143423387	5289.167580368744	-459.8270582222798
2.240414853046568	2.819924115198628	1.4831930144728052	2.593807583004293	1.799930862549556	12.945739949465896	5021.846197756179	4.789975160733741
2.4829774902775146	3.0229778627608503	2.39311191444966	4.799879923773803	-1.3421491738252689	15.116357899688177	2611.6785606056337	-62.712877109598985
4.262058324151006	-1.9971010921918895	-1.6111062189276026	0.6985571721482744	-3.0330501927274387	236.10376585795447	8765.074169231078	26.41529389949352
0.6994688684470578	4.915814898111869	3.763461790352734	2.3431495584129927	4.829797528528424	11.822761179017409	-11.94618630279291	-503.7512697815486
-0.6445085779880388	-4.55995667428566	-2.1019952469248357	4.227560568526705	-0.10837085183211581	-1712.2058657653602	3568.2723451680017	-1578.3848925099167
-4.084116973491069	-4.9977124030012305	0.68994523780571	0.49244835828618694	-1.0186559314747665	199.61163393238613	-1462.8433122135943	-120.28452713774018
2.905182418405472	0.7899651745465839	-2.394081229637115	1.7060422551263619	-1.5953544653341964	15.25055241262922	7772.6659873880235	226.63369974288267
4.261889679603332	-0.7951412136564073	-3.499647703726585	1.634871488631263	4.472789145310063	-320.045025160326	-2130.6372593420638	-284.1215720001285
3.3281966288775315	0.45483022984522314	-2.4951396867137845	-0.9189153250769824	4.993214531978939	12.85168521266856	-1825.4957908518254	-351.738635021565
3.3445805177944425	-0.7931493402232812	-3.116612202530643	4.894606367473502	-2.507775066593152	5.693275085401435	-3860.3527833785165	-2555.1088873159033
4.910643094722907	-4.936203023935811	0.6596965995991342	-0.19771171902484674	1.2696107778992634	3588.5422795477225	6331.307600833587	3754.3347809982747
-0.414779335686994	1.5951851743412284	-1.288562458560122	-2.3135463472636832	0.30017474855746595	10.725603656236588	4459.620716293518	-21337.64998149776
0.8392978249313181	-3.4568340455776267	3.4215227006436617	1.508901666059847	4.6242359495524745	2707.4794680570503	-2183.086833177871	2589.784879271857
0.8121487804449314	-4.426197539701377	-1.8444543658691428	-3.0426624771045194	-3.607364164223148	1040.7312871404033	8765.00697270835	729.7943379918341
-0.2755884787613949	-2.371491389116743	-0.5546261167141644	4.146892273646422	-3.395261774519379	-26.724026435946897	4359.156136199826	133.8943784790141
-2.7809959103184734	0.21492786752393744	0.6038342770191445	-2.463898591267398	-2.30778535400866	12.366849282576386	6048.565127036569	85.02168949941871
2.922805784723651	-2.4153497026818105	-1.414911051869303	4.138351161745865	-3.2960398772868373	-32.22131740502188	-1797.8847142838551	-862.4517702692235
0.2913375112856702	-1.6115088168062108	-3.7036980688440813	0.5704100755148573	-2.6942755727897705	51.17129569948426	-159.16083469146517	-45.93216234598512
-2.5759847809134095	1.8804494461787877	1.2531663628710055	-3.8093078851731557	-2.862273108672786	10.81394246071559	7758.673200329054	72.42384631937314
-1.9083761951995082	1.770175713196462	3.9419431449219626	-4.21355996565676	-1.543944278017225	-4.818574644526777	-1910.9443521854796	258.8642288923007
-0.8931733351100632	2.407814800282294	4.113029191554228	4.411574001406445	3.3115637116372376	12.597028743933006	1111.2366563708617	107.48369064941862
4.9762676172505955	-1.9550833973677428	3.648193934491708	-2.9623229620197	2.3223219533643666	555.9172404899529	-7136.067015527911	-253.67116128875932
-2.509257664451814	0.11062688066775106	4.103354217762071	1.8158610711212928	0.007497450260833816	-19.88728235477151	-934.2524802462783	-138.9709529065403
3.7831297502513763	-2.004414236885742	-2.6911476574737083	-4.37983617813021	1.902513560146902	5.207466698139731	448.64712225037573	-104.58016838673592
-3.590456964861999	3.452682306575465	4.398166972217872	-2.9169896726228464	-4.1064417485082325	12.38151565462741	-10183.293328190848	44.86506463814516
1.4404461704210059	1.5277206891324209	1.9870924729385013	1.460845859814607	1.1256637785348653	82.24001834865247	3630.367605633205	34.530457422965895
-4.433600086168723	4.639233280445536	-0.36736585502842	-2.1619578169065488	4.326051151811733	11.623756821358702	-4785.64911753999	-121.33413954386454
3.2549790185758347	-0.2066234223086436	0.8985432089739334	-0.5975916954867388	4.545603193787839	10.673406886067035	-4027.6661250753896	191.6401843719565
-2.032762263545922	4.83015459010206	4.75455642854279	4.858996926506174	-0.8339380133760805	10.890829029566264	3106.4197026752304	3.3733878068721888
3.567403274259334	-3.0653604486050234	-0.7696571340076233	-0.6874547903585038	2.586793672180603	9.000186519711866	-871.8329102291983	76.88197905493509
4.5779866069196515	-0.558486458321469	-4.591647785509501	3.8119879567601362	2.5860875438350863	429.6522709140781	-6020.641761825328	556.4631964727665
-1.473982286010739	3.0954307447378575	3.3916929472232056	2.069617869554227	-4.1932794660174615	26.615159304104587	-2997.8465553159085	414.10812198935844
4.0497938902959465	3.004854948364992	0.5659801471558676	3.5164392529254016	1.7505556600664098	11.934267518772687	-1485.8181887853402	316.1608658192779
1.2169031204192144	-1.694410082701653	3.3269244017505493	3.083023476889551	2.592428150155551	-287.29739661464635	-999.2851322341301	-221.43855550145273
-4.626594690879551	-1.300392206162606	4.963159432417211	-1.236183193092184	1.4969615849381306	2019.5032082959208	4225.6884166359105	2061.383384951789
-3.1280923994906584	-0.28825120905021784	-2.537989673575262	4.8894378909061	2.5057573696034847	11.6702752479065	7813.649164431068	36.51468627997448
0.26011877775945	2.6346876055403365	-0.9139501655199309	3.550423847629716	-3.564724402728788	12.154338760222908	6945.907390431069	155.96832897688435
1.2088233100504215	-2.9656706284186383	-1.2904325729752095	-3.4491645022237094	-0.20129598965272422	311.1536611275999	-10179.896299450222	291.55494076627156
-0.1663881650285246	-4.9471105973642	4.321147228501083	-2.2828684294178703	3.46632514554514	460.593004864039	3842.6835372330047	2148.9158673135153
3.775599601651214	-0.28048378088125325	1.0166807697225044	0.6234352394689004	1.884332905246879	10.26218329681366	-2384.8035165499555	91.66406148948663
3.8174550859362437	-4.030481893326718	-3.7013313437908755	-2.3239737261293723	1.870405401388683	1303.1790734241388	-5652.187304594407	1192.0696109632845
-0.6115671262125444	-4.789100726176407	-1.7233319703948027	-4.04361493319851	-2.5016301101730907	-219.58085146891577	4455.799864904161	-96.85864334539681
-3.6886432871473698	-1.780288616454908	-1.672463992653892	4.686890831140033	4.642065563915715	-874.1644860059015	3531.705063130481	11.88148147425386
-0.9306528590800491	-0.6994381285606845	-1.6063600415578283	3.6342100768085963	1.4317053588353357	-22.74869573644407	-4183.833650350224	1823.7732613297649
-1.009442055247829	-3.3569779570779676	1.5698654138257249	2.3474644598118726	0.48375467121024673	720.608916946221	8273.296645306329	732.8632433880047
0.28094495375157624	4.377817181904728	3.0222193303630256	3.14821008895335	2.8456214802639526	11.934457023904171	-2286.6704353894343	141.58922859961092
3.1939446222430075	4.126365355966728	-1.302496517169466	-2.815938007113453	-0.8110808268621481	12.008323641068213	-4682.346704593758	104.80202750922757
-1.5158633134440702	-0.6490058670269256	-0.5799685188479922	0.050726514629864106	3.8718285627485614	-119.70120247834194	5093.898574905332	-12.847406394298858
-3.024767513338844	-2.3141116354729663	2.2067931599299833	1.858130941121635	4.4446164467453	-27.824044053842478	2825.190393548612	57.91035907664699
-4.850144264578628	0.3802583762602909	2.1448812871422724	-4.374588651691486	4.301925334669583	-135.70384450728366	-4799.609370080005	-557.552256622295
1.3972017934383736	-4.29555538426635	-1.6342406039940283	2.2057282424959146	2.296402187169079	706.9733943410791	-1775.9343082519335	613.4423384287645
4.160310951938348	-4.334674210838278	4.480348430382499	3.7404659897622334	-2.679601369583826	-2810.6538570899106	3132.6886336042276	-3035.421559870363
3.801742118494948	-0.8547991050318329	-1.5130671675261151	-4.452063996779108	2.607021519964931	-12.541691680474322	-3377.849433506565	91.52514760040916
0.1427272027160118	1.2502288340125816	-1.2573095935157417	2.3156388390010694	4.347812037261715	12.042657925449603	1942.3760771717914	67.23069720896112
0.6701056576812956	-0.8943021935617264	3.4469841986599192	-4.820542194788397	-3.7005321403830482	79.01239224807311	-161.96504305714012	151.25438383705435
0.5735445865902111	1.0384101760488216	0.5493971937781383	3.534256467933723	3.8336356915884764	11.814453877723256	-2737.5162089102164	283.1524278727723
2.2111155777896414	2.8139683344403466	-2.7696766347035986	2.1697792705987053	-3.470384254723383	11.369884891276222	5428.209738799164	-83.74447447094576
3.6397066254506765	0.3869965113604117	0.03780888443203256	1.9065721534824878	-2.7502366762475763	5.566558494397908	1676.739494057878	-15.119533920828543
-2.275699663384464	3.233849064138269	4.90826775913615	1.3873891954732267	-4.759436168144147	12.134185418238674	2144.1696923024856	-177.33042742719948
-3.206771796171528	3.2320250656976253	-3.485634674989023	-4.090589334032445	4.3459289561387	11.96768415998507	4924.3222898022605	-41.791420617064084
-0.14461046787972442	0.2564098108300392	-1.4401043078827183	0.5548567172550047	2.8979056991060093	10.607213763771362	200.02915331265706	-265.89150942047644
-4.085779956001793	1.6808151005401664	-3.5238997523037363	2.5898382186198274	0.977957610714749	7.511156310937215	-7410.914740533517	85.83393061223403
-3.600017814334194	-3.7942536675772764	-3.0918009129512694	4.0146243798772225	3.2115298984908396	-551.8277698103082	-1520.5034900725855	-496.8388482369406
2.0157018780239646	0.4189600884593938	-3.958089843192669	-4.840935676927436	4.331369442543199	-84.79547138944577	5169.124621450926	-197.8020101103894
-3.344651400628215	-4.441255644061819	-3.8702420045937194	2.366908444334581	2.9656341654395693	-291.1989286662464	-3137.0946047479524	-9.059949830238793
4.771916831467912	-3.3257591910662008	1.0092098464459562	-1.8201675480429866	-1.7602222528419373	-8158.9642597641205	-2263.7579087235863	-8379.05662354952
1.3394095867687845	-0.37040077001079474	-2.326727987604925	4.148162153961863	0.8860428460084844	156.0973695734168	-2971.0511119991947	335.24240992444
-1.097324884162243	-2.5540245557574903	2.740333383691623	-0.0396262088505015	2.4245799102880037	430.6323638793154	2948.5574624673773	395.22782976105657
-1.3096662650727975	-3.958127853730702	-4.201457699350478	0.9483921722125563	-3.0144409297445742	-6565.543845053124	-6031.172631276169	-6451.631738185603
-2.046917840659719	-3.6348961588403492	-1.6077819535136806	-4.264077749627097	4.025626768273373	-195.82828962111532	-2519.566595024594	-1574.7504951345586
-3.0384457204243365	0.42594995933660673	1.7607925898866226	-4.203255204923474	2.7880764983043305	10.559011137688978	-902.9263779418028	137.24330248072934
-1.5944433548840031	2.0480199919883155	-4.576459414694939	1.2014968444119738	3.6991494091956696	246.2967696646501	2097.5425544975446	307.44060098030536
4.598205300203663	2.5414808489079634	1.4846931306588331	0.03696935188667094	3.0159300204032533	6.0353692422944984	-925.8203411790154	315.76139256766123
-3.2346267277715333	1.8274701806446805	4.417827046020372	4.045025499258017	-3.942261565776847	12.283482483288866	6454.206668625245	-136.70215692817803
2.9161783066347793	0.31741537326501224	-0.4015180874716773	3.308634724747556	-4.960881233017892	11.4289157265305	2178.8683723867202	-35.11334014474323
0.4693102656083159	-3.9279825314153527E-4	0.9026275732813982	0.9370453554127973	0.32736164381436517	13.394501839422793	2102.532197840292	-4875.084702281425
3.12956939186021	-4.2072560765731986	-0.23716255384278107	-2.5314301850048873	4.967465703142755	7.462586101760236	8910.420695247636	228.12677018056394
-4.342117019017827	-1.538315625220048	-3.341568550020125	0.6125776116752029	0.08930803474010851	-279.1060166295621	49.5788482138251	-326.33689567885006
-4.357114386284298	-4.923868839522562	1.2944893846451535	-0.5665272764287801	-0.41335823558035667	4305.894154840418	170.48174672247842	4239.334844143748
-2.715156175348122	2.105264596364891	-2.087419328876857	-3.5860303937387017	4.932806469244165	12.535001040011279	-5920.361845092171	34.86505517815836
-2.771117775449796	-3.0490776527848853	-3.354851669985881	1.8837041897913567	4.296661085397616	24.979663748850562	843.1260491537089	293.4773034208312
-0.7458362173133368	-1.6181404826409764	1.500311053287069	-2.836591642799423	4.1204115916535695	45.14350569352969	-3496.029265722068	69.16227327192098
3.1704628755389503	-0.8567878739278347	-3.122452898822278	-0.2939848426960161	-3.7614010420539135	13.150859936628045	-5321.863238084487	165.61072991191142
-0.40317332860060695	3.9094942626988924	-1.4742927511089974	-3.7554093612104356	-3.902155711867794	11.96050456922993	2882.4199255967455	-35.90636738056564
0.8060716459545425	-1.6641751158568638	0.9388719777943901	4.916571142091222	3.35475523468061	-178.50052288004034	-3860.60030994608	-346.81031756608627
1.7309974032694964	4.208939687723122	-2.970420538024624	0.07007586070994876	4.278820596688433	10.32200857105404	6266.092464074506	191.63990840161912
-3.135908002132096	-3.6775574508113715	4.35550670121906	2.82368606803049	-1.7865197794087373	5.680644038569402	10124.689818500225	257.9236187269437
1.9742249007035522	1.0476835924848036	2.7100680540717006	-1.9992305549675757	1.200794885242333	14.566657248600777	-442.07174021218947	39.413823955046134
-0.7841764556144817	-4.89278632177523	-1.4190354024652327	-2.6280921196176257	-3.9322802224210784	-1570.4233060291342	-9628.206600237729	-1503.9733518493313
3.361325759170766	-4.640272516184849	-2.3325893422019894	2.60470911112413	0.35796193353744954	253.13363259731847	745.3680099255266	-3.5133921988117436
-0.5372234516114274	3.9007951139929844	0.2715214066487661	-2.7534810943032317	0.3627229092006363	11.990073063393796	-593.9748350425248	285.9267319484619
-0.08626755544540199	-0.737061523425079	-2.439688494374459	-2.237033733218927	-0.966898493418106	7.975108637089204	40.58051481758364	-178.66351382616298
3.377702596724582	-0.24010693363857083	1.423037050306367	-4.517583834252062	3.3511354918362652	0.08622424960673669	6622.606913082722	104.39194431698141
-4.46609120614516	4.8070373765845495	4.352453646275935	0.4514354814331405	0.8109113497239129	12.75432283706945	7816.573298665734	-60.36163254727816
3.4465996348832064	-4.238733206812632	4.790648549829129	1.3672083813885747	1.7320476217012946	18.963980474441726	3882.8639083894823	-94.06992987778159
0.17166407535064376	-1.720189096860624	-4.840042699546419	2.480206962711094	3.4846214249510084	35.599583707263776	4494.653031437208	-15.259118140804333
0.44878765599248993	-0.928647334573256	2.074585465446141	2.4899885160474042	-3.545159158189458	-8.749978857563256	999.9092527169065	-384.68671985129293
-1.3810932509324103	0.23339726332937794	3.5312415627544205	0.5199806594206757	-4.631550274386828	85.20851170439015	650.393414615623	189.09801120750234
-2.4668151769609947	-0.1710817044684667	4.765663658589702	-1.7193717218235216	-4.299454892287117	22.909797686709084	-85.73177193607927	-79.04159427540529
-4.192225321878997	2.954420991432621	2.0283141081588596	-4.618259215979595	-0.01442231400491778	18.888959494458852	4011.6618961413233	62.640700828981124
1.0015181867015244	-2.5585209869304637	3.6097397609898056	1.5068526413158683	1.2857561990160837	1466.1734222112002	-3963.1199603230907	1525.5659084495223
-3.3322680377723346	-1.48951018529772	-0.7572131765473795	-4.232955307060829	-1.6191454158907534	17.990153010372367	-2216.2592922225226	113.5310749628806
1.9250067381093263	-3.4711168496361564	3.7093928238864766	-3.573687252558676	1.5711136466825524	2188.988572370026	7081.902386702899	2243.644467805736
-0.9251496900152372	3.411478518837791	-1.3381409998088776	3.1284373750492662	-1.6433975953344024	11.65184341232685	1123.912870156172	346.9373048200894
3.7629705653878602	1.4329900666369255	-0.7974652626216763	-2.111862696121639	0.6732979265563097	14.523206477522027	-4556.54898822445	453.75044856117506
-0.8828481348720878	-3.491213055929665	-4.8285523807758866	-4.539427439203551	-2.52276444363262	226.54802598717419	4964.6132386467925	1852.4856444558707
4.813960198926171	-2.1644862760412718	-2.8581116922114482	4.184043370080266	1.183107392206031	-2331.9615911923474	-9472.384871816179	-3119.345426960733
-1.4991852817308837	-1.7677647734271784	-0.20095436743681994	0.9017397717244275	-0.7563111292100375	-706.0940498561728	715.593046906588	-848.2346302331392
4.137785249300837	-2.247109156891657	2.0779718787334485	3.1852600278090506	-0.47968452107936077	-166.3364224920136	7170.787279223258	-2950.059101955953
2.4117671845143764	4.376601369982678	-2.3074591091651655	1.113059283969342	0.19286572434454285	11.707400243970142	-9429.474746513566	4.193649068531513
3.596859053459214	0.9547140626130615	-4.615717124982569	-0.12818044410055052	2.877822101455293	17.073129206895743	-722.2668959735541	3.213712304800911
1.28548107657031	1.1734056404782596	4.719150484808885	-1.7997450778819415	-3.5972371256086912	9.292321930575472	2560.2078137188955	-6.788069025346836
1.9654972499900651	0.9093821097696697	0.5509035786364969	-1.8500787948672368	-0.1765012341860217	-5.033615245712941	6766.334636374723	8.411907838952523
3.765629067455002	-0.37496072785721957	-3.351933229690406	3.163532759983683	-4.165896103348228	33.206479939556004	879.0208728058763	226.00828865234357
4.265308306006693	-3.2930939308426654	3.5371784354891904	-1.4728676198749735	2.9697142815856603	-4609.681597892052	-5821.273516598337	-4696.705417358414
-1.5280279078759573	2.3756133022393353	2.1299001778233473	3.7488227568578623	3.748973092705487	30.70373964880407	4787.782033496195	-88.4944968341841
-2.745975531082631	-2.664697506492859	-3.627957492032472	-0.7786154015268636	-1.3492789579070665	107.07195633613317	7148.042082409244	-43.19213249810083
-4.8470998539665855	1.615109214200011	-2.1346975474560903	2.4038882804817874	1.0321372972915182	22.79195376207376	-6730.75649807999	-37.22095249529313
1.5056532954448496	0.2659618542463704	0.10993906900301642	3.3466041137174756	1.7610090835500465	18.908134072863678	-573.1711596259385	-68.5773546373069
-1.7467803278253315	-0.43906059869336644	-3.9947211049106546	2.6221818913445816	4.298690561863607	191.16081141170946	-1930.5393395047213	340.3496832456568
-0.015406884730354342	-0.11168228527085944	-2.8898424085633323	1.4551125442577826	2.3287921475363618	10.811685651254702	-2672.6965515319116	-73.06484729543797
-1.950894222322849	-3.634496634804756	0.26891108126180896	3.1237528380112582	-4.8190801749842755	-151.13811062030237	3089.0646240656456	-211.2563101438604
0.17947682425358824	1.059826509494516	1.558272283764345	2.715695854927227	-2.915376837387674	11.241080719020621	1674.2302959258054	43.59486222764863
2.2368479953716482	3.322656778497935	-2.8959656440368975	2.4451064997540763	-2.092399577881625	11.432980138390104	6148.399176436065	1344.402449183926
1.4993899750040693	0.3197185233412103	4.871788845858086	0.9387148538393353	4.323621573913709	-201.6315238274294	1072.4589234366094	-75.52216580001742
-1.5613410249472692	0.9843344339300808	0.8376030302659991	1.9890774602336379	-3.7386805032136317	744.0570381001324	5036.240854105832	791.4098203396541
-3.947618201304175	-0.6485490167992971	-0.15899979380135143	3.379321578108387	3.3700928755972868	7.20028883512781	-4875.342184026328	73.65143149790259
0.5171356031477963	3.2762566233197035	-0.16893738767809907	-1.6468442429613326	-3.9538445584751547	13.71337577402817	-9564.879072981408	253.66571874774834
0.4617493415026761	-2.4521762482425977	4.294578424598454	1.3915637900053488	2.5857988431593366	54.47389797503029	4214.249965405155	270.30061500117574
-2.839010865034828	-4.524618535446435	2.61927876244914	-2.2268292315807314	-1.5773696470275569	-216.13430830761172	-4457.807282872542	-433.5124776988042
-0.1014382195478527	-0.7059642763806284	4.022937455968568	-3.514142493313522	-1.7005384419942384	17.460707074824132	-1290.6572369860016	183.03695008854234
3.9906377901404095	-1.430612936963156	-4.402024454316322	-1.7170511628446503	4.754055786348722	330.9659089516359	1306.844927357953	497.7811072509166
-4.0803024787639375	-3.621373179802916	2.4475763971147257	2.8573114933892105	4.488116861504976	851.2858305129354	-5157.933876167802	1058.8019855508448
2.786739578449988	-2.820846664003238	4.543973063121058	2.2249052359274586	0.12424510017399015	230.31728149027197	6409.249103421906	242.61536236509366
4.43092755140999	2.092486562144879	4.929307111438423	-4.018835666500885	2.254848180024741	-3.7003129071089855	-284.81086703953036	-118.03094051577084
-3.4975543707888668	-2.9606613662792225	1.8958070880964577	1.1081346669689474	1.3783085140299605	7.298758789401377	-52.57019403889599	-221.600352799389
3.6071928237567352	4.685468115107254	2.0316525672886385	-4.82605426780238	3.8975810942945586	12.187181635091209	-694.7397081439702	-65.93595048609612
2.897141644762298	-0.31864481776018927	-3.1381937054222195	1.5873377474747237	-4.365578178330668	129.9605951739173	-3096.579847163444	155.5678001132129
-2.108677878996732	-1.6966306743855277	3.898143844303288	-1.8641082469745829	-2.043315074488199	-20.21668354564148	-2489.8458303368784	128.85328152166971
-4.877049952460482	2.1602258184892618	0.9119489810872672	0.14700163244690856	-3.27519266041035	8.819751442848757	-2279.994681432445	85.56878254507046
-0.7165843776994585	-3.0088479223000175	-2.904596673711284	-4.756096144977385	-4.597038352244878	-2717.1285080500165	735.4304638102731	-2773.805235209434
4.883815742635102	3.6561033479115874	2.683546988864622	1.5710047206688902	3.2397234143882407	4310.543546638929	11578.175268987201	4409.936650125179
1.582626116005307	-4.731459649129932	2.78064416294826	-3.1415348162044774	-1.0486250396297567	160018.33739953968	150861.4014117184	160059.41058944757
4.130362068109429	-4.161964772398504	2.705047568567023	3.639928281767162	1.8412729720721739	-1252.8338995296588	-6680.579630747059	-1144.4987737044535
4.638976213863392	-1.109931343756645	-2.633282966570164	-4.972843562892657	-4.740040670566806	1592.6334312277932	-253.6718328241061	1671.5411594142224
-0.807114054502307	1.8084984349199775	4.314274465253808	-4.060329246128589	0.6378483059531241	17.776325076641342	-3865.9257572322913	-821.0566860025381
1.1343154338453303	4.2030215083690905	2.5054490609878846	1.877804274707474	-4.070612269342061	10.911683287275329	2113.241070079872	109.56399780954702
-2.8878586381635163	-1.9097820276945798	-4.304262394352378	1.9296491707158765	-2.2002275387086936	29.210116695690527	-3501.911603875895	51.46042076490531
-2.911069816196071	-0.1954758580962901	3.2474174062035353	-3.3569340391332467	-2.780423998242333	6.065331861526618	-991.5975761100937	132.03386500511436
-3.693558589360663	3.8409355668536076	2.846023473878536	0.28231912121275116	1.6682065087838112	12.20279476581974	-2716.680641567623	-32.006851062709096
2.8653045719956483	1.5455812700572498	1.7513463714065214	-4.126043062642123	-0.7604216986529986	13.181167263191572	7708.6485297225745	92.80409317259051
1.998866919660884	1.6875268967310397	1.5377273720618065	-1.7254291550411285	-2.4400614186132454	0.13595052962901022	3876.656427769929	280.43925713249297
4.625996308815134	1.1886209754113182	-1.4718219118591591	1.9922148091698535	4.071292718375318	-4.017493572447737	-2813.9473886639908	0.12106353446737828
3.6860100716219932	0.18979576797090125	0.8131817161952934	-1.9763066918481496	-1.2212572791821263	16.555653130995687	335.48456449559734	-180.93522978518257
-2.757331674094916	0.83087167043543	-4.436091601355575	2.1914750696728458	4.412777443932564	15.210517068593441	-8799.731437374949	-16.616066734981366
-4.19301992518775	0.9393116085824271	2.302885380587428	-3.514858481015055	1.269393944117284	23.05367235460792	-1353.7424866755712	58.13555666413306
0.8233973703657718	3.4746702952014044	1.9531627010863648	-3.1027170389684278	2.4611732440693066	11.616150262021414	-1675.7707704496697	-176.37964557565923
0.39686182224800604	-4.836075442126441	0.6148042681692809	-4.733289841296813	2.434145632316075	14971.037559640086	20330.225561307467	15017.621549703379
1.132109292493925	4.554857539989452	-3.894911103736556	-3.110497871415502	-4.982532011552722	12.527978921097548	4119.875816905312	171.22746876323728
-0.6077809195885546	-1.03050119707651	-4.654368854994797	3.895543414893666	0.19577371932246823	-53.424222304729284	-4254.767394620685	-517.3069899058249
3.055256666869763	-2.198739210123688	1.8986123502939831	3.9124554552169784	-0.6639669432048994	16.340401385663807	3110.427517641233	-752.6153613248475
-4.81141373231614	1.063574677320089	-4.129103252460402	4.663586012828516	2.039720127302564	524.9499862100582	4717.05036056706	525.6306789344424
-0.7042087255493907	0.28067672027554735	4.1408204886867885	-2.4358229046354163	3.7426286009563334	24.660080933014044	6252.4187964074445	144.93503328224548
-2.3965480629268034	-2.940994815788952	-4.793940755576596	2.567737773641534	-0.11485939102791054	446.61907849952445	-4106.812340431694	353.12877989537014
-0.9565061682194944	-2.131252263774186	0.6268652626064872	3.6637231255062517	3.218317843550281	15.689070472148995	-10379.08294254962	-874.5382219569849
-1.5734563152042091	4.868250807630842	-1.0948864078383336	-3.82147371014389	2.886848150326009	16.966174730189437	4192.534225345001	312.8325548890387
3.4154385753239183	1.5699463767144985	0.350169814207657	-3.3768948328619053	-1.7624083884818686	11.793139922295197	6131.055661211721	55.84429440475947
-3.122988505904871	2.9213397136838264	2.467878551278485	-4.927834212842481	0.10446463324010935	12.012637073341173	-6270.719465014954	214.5878907987413
2.943687240654298	3.1370684387470114	-4.162934993054254	1.8578307068283735	2.4323656829300155	11.959509262943097	8697.883267427029	95.99322749186081
-0.5495837035921376	-1.845835402721395	-4.865798382114152	4.333352398180336	0.12009171285471609	-159.69851863782029	-7193.212270637026	-164.12937319305104
3.8033546625064485	2.224932417549934	0.08062418509467939	-1.5017156263723241	2.9360245647239296	4.659213260049846	3141.190950973382	-52.0698442929641
0.5245194292477038	2.131675231160534	-3.3936195126554205	3.699169385964554	-2.3487594876247977	13.65448182996659	12.316582006918178	-36.4208652633631
2.348380894961731	-2.9875740050502753	-2.4439289714186097	-2.0644747927735283	-4.6187724720576355	-508.1397859398352	4223.77097127301	-931.7126846117194
-1.319761844224682	-0.9632330441120072	4.294918625780079	-2.681553967553054	3.782648353672437	244.91784181952062	-2371.6563762928677	1725.1372042453909
4.911288438371349	1.789882894080205	3.7775968429092526	-1.3469822470139379	1.8509156300422909	52.61271857157178	-2359.758653612837	361.87573109381793
1.7425857326236152	-1.65432263305346	3.54329536129303	3.5274610899326806	-1.798801329192309	579.3345742730003	625.9542255067855	552.2486056988704
1.8148292344534571	2.663532658296778	-2.2021424715359847	1.745135677426667	-4.985749877446137	17.837514597649154	-5236.525086858552	-36.22256306761463
-1.903085418140865	2.1310983890839186	-0.8479605528138858	3.2049171098474663	-1.3840051545925403	13.881031688440572	748.1854590992241	67.3009561455702
0.7568342520820686	1.2852211554432058	-2.0177443183050947	-2.830019510515344	0.14970390496730968	15.667271597086465	1528.7475080794652	79.55859469735363
-4.289351857624316	3.4228986380451882	-1.1304629135997812	0.41073930733339026	-4.984535961581583	11.319286213386542	2764.7443307771064	68.81895259231811
-3.1848079349324667	4.6647338278216814	-1.1330498055544744	-3.4245835989869144	0.7291304603255968	11.997941104949264	6282.581167258304	92.72624528009386
4.593387475430259	-1.2175410357598104	4.606458147505695	2.4099077129061106	-1.528796257932632	-921.3067847823669	-757.2998193837217	-1949.867826997268
0.45932603553363727	0.7361804933633112	-1.4797055771368983	1.2017539461085756	4.203463957726861	17.778095498578885	6784.207702732287	133.07009335514687
-4.956377284547845	-1.8894364428868196	4.503471791745405	4.64081395341678	-4.458600520170217	1517.8131973839475	-1805.3507556660868	1402.7799371712522
4.360703264886938	-3.2175165026221277	3.6912141811843675	0.4119712249144749	-3.8818275494117174	-1316.480182874131	-4050.6710924773656	-1364.1628157634143
-1.8757577948390436	-4.857836738574214	3.9602802708052405	3.5454665080544956	-2.0664412062264628	-8657.769868156778	-11295.578555625725	-8610.87697837896
-2.788059057271397	4.207858707892056	-1.7047183861521873	-1.3782199085280809	0.7513200022941149	11.887211437371933	8161.3741177464235	28.12118562327788
-2.6710879850754154	-2.4529218720603985	-0.07850679591333254	-0.19463516465879493	1.716767350261951	7.792817967552358	-7182.818315930503	11934.56171454933
2.9673576868066665	4.9032802576418355	-1.858423297611651	2.369469752836358	0.19699105305678621	11.993065652765646	-2972.837561525194	-227.14592821724995
0.5756898500474321	0.04791818718187102	4.496196541140572	1.8224399713097483	3.068729463804404	-19.12781145939221	-2135.621974531451	-12.72244897252886
-3.78599526015409	3.771555208477901	-3.0462605982296918	-0.1671770276690694	-4.168972315430942	11.701407454150946	-7877.230231419146	-276.49389431667396
-0.4972830124607839	3.51062122876667	-0.9706762042705375	4.180730078643903	-3.875269293836859	11.740107349271748	4338.690609299143	-1102.8914290771895
-4.890830446298775	-0.6546937830716395	0.9310256123774625	-2.0977480206996155	3.0449222890299907	62.43094819702229	-7713.272103462072	3373.51696612061
1.8345052545190512	-1.8843808816595664	1.4913132659042017	-4.7156549361993685	-0.9320873688092179	-44557.36412118716	-39911.91224941908	-44661.88453319156
-1.6527526839940485	1.102649671612859	-1.3948829218445127	-4.128322322398463	3.1989301216001014	9.138810539180218	3310.7251362643706	3.6053357801267634
1.408490006176378	-2.93331177066411	0.2366034475018708	-1.1151186819924508	4.047607160412543	-1555.767874234937	4274.263620541778	-1570.5387850419668
-0.1539208359378037	2.6026666126930316	1.3825012160759442	4.608817659716733	4.139916388918008	11.431929151663429	8462.101056579584	-99.2645790742974
-3.3463662033517694	-4.040867698761628	-1.6889903035736298	4.312202031888166	-4.999015176583972	-275.24771055142065	108.25389068515977	-277.07550714838317
-3.2979703868043106	4.2481668100252445	-3.241658052201105	-1.307005708511194	0.09725959182102972	12.006230532424137	-3317.8426254808887	4.784663484113392
0.030748122846287806	1.0594660507048133	0.3539660365876962	2.9630101346981164	0.9301770069199877	11.965809057890397	-1696.501839535189	-34.19262588680016
1.9170932399911553	-3.059748368897046	-0.8849443993897212	0.22107557271063083	3.0867059080077475	-381.4361670987797	1539.7295416051743	-131.600831130887
-0.4061713156264055	1.026892681356431	0.3162818041933777	4.06982022955019	4.880852008896117	11.057714770412508	-3001.5680809680034	135.73419216594448
2.444322460613943	-2.4974332655027	2.6776457366998834	3.8217338159411653	-4.57597795913135	126.12419232318253	2404.4914555876126	343.29816976833024
-3.3896319849241885	1.74545087875053	2.550948314174275	0.5879161619342632	-4.2112575643603805	12.499854103718523	4475.383948846183	-50.45095439952709
-3.7447355718359776	1.188897516198435	2.5199225750783416	-4.292869163743067	-2.0844454886018635	17.99357188038461	7379.162213808224	32.62796010426388
-4.435185461862904	3.1789124728749414	1.9684218838937824	-2.149949466968899	-0.20117702517221758	12.385634130299986	2078.7645981829182	43.20085675829697
4.961489767895397	4.293188465618604	4.46388001066742	-3.567090359600348	1.6204643213081091	13.584377454806686	11405.967650529983	82.54917719939374
1.1228647947281365	2.7837137880954144	4.7947114256130945	-0.3703480063559432	3.690018087947239	7.999819590854992	-3286.8209960405	104.40074741278858
3.6096289795007745	-2.41534697960607	4.782908873754204	-0.6832338828077482	-4.3300899367201575	-178.01708675101727	-5632.896696072586	3330.681071970275
0.2961180678456721	-1.1749358853211653	-0.2722256049120233	1.636027307116806	-1.9900256286993567	-77.12129847108383	4512.103315659103	-183.31035658266342
-1.2653116016665056	-3.49783493510464	-0.6664512212408589	-0.6510878846986303	-3.0866041045334858	72.02231870258629	3641.846778161738	-13.175004667411173
2.4390554205347765	2.7757547481244513	-2.0662986725387267	3.983646650815162	4.5743333252205005	10.991505588728074	131.57359101818793	-139.87436025189652
3.7502389155920497	-2.447393884001121	-2.843221891426401	1.8616772274479567	3.6048008006665526	-12.024720388030268	-3269.6720622132843	143.47728528421823
-1.5631549247823582	-3.7947353535947546	-1.8812983052876389	-3.392558000581941	-1.4708848961580632	-56721.091996869756	-66981.15375656124	-56640.37667615207
-4.042032989922632	-1.2604800795867446	0.7963035843636117	-4.561150799225919	-1.0656034120761348	208.40049452062124	-7179.111260267599	1345.7856905703202
-2.1121105077755074	-0.4111112978898115	1.8970094587566724	4.243793114577988	1.410506296416541	13.181641566117058	-481.2236869973504	130.6996342766426
-2.4140633482799387	-0.04513783145306327	-0.8029304105043531	-0.45209930837032175	-3.016173080600982	13.77347498965866	-889.351065854002	227.4202896967168
-3.084676696974414	-1.7855469153153258	2.6707785110746673	-3.1995921901614444	-0.9579027120138548	6.437290898030712	-6429.496002976571	-45.364815257130495
-0.44109046897434556	2.7325447926856334	-4.2773391249142625	-2.539018658146129	4.18520910053142	11.085022248551724	-4407.484095505094	-86.5363162911979
2.9041319149282288	0.8006284040994762	4.34934108387427	2.5667545219163967	-2.0548493813092614	15.258589208903569	5070.188898023897	26.391585062780607
-1.5594567760992204	-3.4960943966594282	4.747058323991418	-1.7342284896574824	1.1911203444008507	-22975.648983601615	-22523.11530452679	-22668.815168407426
-2.3163252523484013	-3.9399784869521204	1.346630388969726	3.6704845465031966	0.743865507430904	-242.68207313516578	4474.909767598839	429.58759054582924
-4.027065188511106	-4.790548698590472	3.647218804075221	-4.491530340721514	0.32838299062207454	7168.753763392769	-2242.696304221562	7451.30617606845
-0.03104035287915785	-0.23245712077039649	-1.4268651203093774	-2.103995074544419	-4.852939875247823	11.266355073596763	-8471.866014704658	165.0207535353445
-4.288362500450397	-3.213280652496425	0.5923230906899235	2.3931352359417755	1.6656534252569033	514.6095316065957	5301.724662539207	636.807291777175
-2.9709847583405713	2.9866223981266424	-4.470282860650014	-2.0880457426522927	1.0837711877290648	12.324839513418956	5982.102462839479	-113.42396274865199
0.7831296954331837	2.430672951158143	2.0686620583630875	-4.099708845707334	-0.14550044713088361	10.165400969136268	-13138.295899976805	-60.44907972252186
-3.8605632365086864	1.0505850430992316	-3.6564794221293386	-2.9011106086723517	-4.152292711610739	4.834048290920551	2397.9425725282	55.05335145796108
1.1771282048741858	-0.3483220851762052	1.9026644875221832	1.8804292917094223	-4.981198150524607	-90.9066595781205	52.065925332531094	-43.48600423919379
-1.7478724613578533	2.3130440109284383	2.670756778120152	1.5524527428603836	0.33032566992333656	183.99876028823485	-3318.937255646719	-191.1461373535784
3.1597602034016763	-4.140903094698337	-3.013634029523166	-4.396676231425598	4.312074520816768	11.672035470703248	1189.5826670385766	-12.533610220526535
0.11321635453900303	-2.7800993980112523	-2.881559381984183	-3.9827474212782867	-0.9582118944605948	31.392661029967034	9314.502388195131	32.18587039379009
-0.6816712937682432	-1.4206345936669509	4.838873436140521	3.6616409235613023	-1.3879230931547895	97.98481537091108	-2075.1235744776645	84.339078013817
0.6960881831942602	-1.901892583083189	-4.72062561901268	0.07057199430589556	-0.638300394849626	172.91552470285006	4600.95621713766	333.7411687591643
-3.081633020566139	-3.6391204357568743	-2.5455814759763684	3.078238014029912	-2.016500927225197	46.025744938798	543.3928259911994	107.33562140019939
2.9877099773712645	1.415643619385425	-3.0145943891405116	1.9419516659210725	-1.162873459438487	11.89941989144894	3949.471523085166	-667.8929890013076
-1.805734258246734	-3.909884235777458	2.0241160277645314	-2.726961642104011	3.8504553995150594	-1969.0282652936237	-4601.7409232779755	-1417.7648022550957
0.8514722643645332	-0.11269220041141281	-4.902051218718134	-4.924924430166576	4.144923222022511	85.1176398085337	5030.067706057675	125.01736414276354
-3.0373792234319676	-1.2085931069958713	-3.4625982425327315	-0.1890253683083598	-1.3498517707631228	18.874725530426204	-517.3782873678148	-87.98115630049823
1.648354440268375	-3.5426615170797913	-0.51201369355383	-4.40616799609561	-1.8688465580164761	7084.958567660743	10075.8104003553	7043.965407622692
-3.3695341911738463	-3.764786454900424	0.9644722248709439	-0.038037730536807146	0.48776240461411735	72.21594268417752	-2317.1089106739105	129.04200510801155
0.5714013634066637	-4.810813511839226	-2.992473113045011	2.9378714929490224	-3.0141218493083874	1332.078715594757	-3475.3003156769773	1954.0027676285463
-0.11212008208533142	4.846338130523915	-1.2817146171356408	-3.276768394316334	0.9120489344352674	11.993918699835717	-7635.057186260932	5.854678586736008
0.05850237592110297	1.7728476117904943	-4.300702891347324	-3.671487081223183	3.7415568127231573	12.221734382843513	4807.2404314286305	-41.78045358060348
-3.2235199164135917	4.775325545464472	-1.0495749871613702	3.530857582239129	-4.655936281637542	11.993933474077126	-464.89983686566023	56.09160850812661
3.2988375729778276	4.590186017491302	4.4910563026636705	3.688912521584145	-4.18618514868459	11.962515640794596	-3773.4075072368205	-715.3239899035354
-3.4063512896139936	-0.35443038038849206	-4.462698738876831	-3.8504829247244663	4.412265671687313	3.640842378409868	-331.59054957512654	120.804531789029
1.6238428969301637	3.9590167400627685	2.7163547611366736	-1.0204027393309856	-2.0684065189667953	21.37114293239396	-3824.5523584095263	94.520600405782
-1.560076274135115	3.768889451168482	0.4808659245589926	3.68711154651648	-0.9989507265658402	10.371407259555522	8201.446670873216	93.55114841459906
1.6401709649646987	4.739004834144977	-2.6829096420313245	-2.540294320379566	0.5082673261722288	9.455371085156372	273.63311494338643	-9.74173256228439
2.8879178296192665	-3.331655929019741	-2.9683143737584805	3.1249746735648536	-4.73656958609787	-116.49258685554827	-2801.084094021086	-185.83850181262966
-4.732837389621621	-4.610414275243163	-1.8816543476642824	4.514678331041752	1.0459477685185217	202726.59369740228	205077.28518879763	203018.18746172785
3.020819101132073	0.9748076260101666	4.823447388953095	2.7571594970366693	-1.7300956146365367	13.436232303890252	-2354.203101850309	7.771472133738477
-1.3867152852954447	3.816239966287579	2.5074959423292773	2.8031277104775594	-0.4171189381311011	14.02822764895409	-2347.920153762275	-14.914035992567559
1.2636142387231235	-3.6293808460597066	-3.600310375577144	-0.652680740440462	3.983603540024932	2033.5860840031587	1720.2408599909386	1857.2713379513064
-1.1253667580184024	-2.0480295268532434	2.8634701876792237	-0.4992093629642236	1.3109041502209804	344.1113251614513	-1188.8494863264164	307.84384246970484
0.34855362157490166	4.717954026136436	1.959878190776191	-1.7262900521375513	0.5171739881523791	12.08607955318191	3148.097112312617	-24.697604276855394
0.454926002665462	2.5523603609193053	1.6155969289252283	2.3207607532476793	1.4098089810182302	11.385219915005825	4385.78037780514	-6.318793604260607
3.2871680935740493	-3.908795702373342	-0.7717265075969468	-0.6421310808994143	-2.6790760830739324	13.046289801459476	8077.558981624009	16.064026525786264
-3.637282099001413	-4.276967136342749	-3.4068241964954513	1.2607111886369857	0.752998994375039	-1513.2706917425999	4619.51019854006	-1642.7523306382125
1.2647723490207152	1.6726253717171469	4.862023685898567	3.157824825739551	-1.712349051114134	-5.277735205108929	-1600.1262753186543	-258.8115251549653
0.9913491446669074	1.3668319360602519	0.8665719640625369	-3.805022904597407	1.599968498810104	8.147689128057774	2836.732209042578	-23.773469981576316
-2.6385361716777944	2.691059747833229	-3.397582073069482	1.2307959220280278	4.481268196620551	13.393567501544013	-989.1254387803234	27.367227568768783
-1.2348351058417828	1.1849772874003426	-2.6307701736192293	-3.451213217377156	0.6532057750143885	-0.14011363550471323	6149.2946132354655	-161.23021342247597
2.3990437765997115	-1.611778670303555	4.804438634533124	-2.0070086653075125	-0.9206722096638744	85.38960424924957	3347.3354082123496	266.5268793970166
-3.7421606128191653	0.7734703121828046	-4.200187707627945	3.451516749574907	2.1485995197604835	3.42785731079573	-1079.8517716404858	5982.926462910881
1.0102094756607052	4.77054871327724	3.454998953432108	3.366359343360539	0.4704062628811654	11.738637311800305	2002.609635414988	98.3596771521138
-4.5475423226264216	4.436021118950604	2.4882274112553704	1.5847267934956495	-4.020906413457281	43.72329757613268	-2015.2307771809024	-22.007074598858424
-2.7498461170049127	-2.6869261655077947	4.2412238693448625	2.2262049078707014	-4.396032819773666	-189.73804572533615	1685.0655290150157	-18.618040397380867
3.296865186665004	-2.168128706230447	-1.2966548498709605	4.069319368519823	-1.4878030840764689	33.6029967161583	1846.3843902335552	-58.30795233248482
0.27802137941970173	-1.7276821394331554	-0.38030744754583434	4.853026775149566	0.5219057188193794	-52.40710279585147	-1244.86908017203	-4172.163958241623
-1.1285204665741686	3.7665097515585657	-1.8002389142855915	0.3560659293213275	-4.174701315902861	11.363366382782045	-2018.1180886061106	241.07726618974777
-0.5856013671301152	4.566482466850161	-1.340130169092364	-0.9685241966213987	-3.5921327632176525	12.00473439025477	-4217.272534208973	-4.252073666892182
-1.1287512133476518	-3.8779732944260417	-4.656691990769866	2.407886989658498	-2.097965054195081	-2288.5588268465885	-11910.182155426837	-2436.7586835935267
1.3502912329804957	-2.197122678857628	1.2153829269704888	-0.7049709909287669	-0.09569785423917132	-485.7192587143132	-7449.790081728257	-208.2295867530613
-4.968966776779892	-1.0503461907648717	3.898633046496096	-3.765228916119284	-3.9569704005813877	-289.9052328430641	-3070.954587494459	-231.76151570393256
-0.4067430595466961	-0.23433616033992521	4.772005245618624	-1.9659364839191462	-4.669091997744111	19.75727349730116	1394.7068801160494	224.39312629086723
2.1978847450800574	0.47900737856380005	-2.733139386063992	3.8384647984708895	-4.238856270774773	-6.308957032190886	-2745.408733005205	-48.59326357497102
1.0691673519708598	-3.906162552649489	4.219075331570668	0.9960321256977513	2.7858216303626113	-1442.8411980378696	-2498.2745810559563	-1074.377348473977
2.3592610661265967	-4.362910143416733	0.6681175911914341	-0.8492745223920481	0.9522240507983213	856.6974512021987	-1130.8068270824842	786.660057440402
-2.1336505275333195	-2.1665493475186217	-2.589253515051743	1.1191315190332674	0.9479832306477354	398.01259467460596	4300.932982973909	431.6219206935495
0.7391767273225831	0.5468532940914992	-2.7051993820603624	1.9438537840250438	-2.364264884874098	12.475369322787795	-9601.870605974866	-154.72690865549473
3.6567415186427716	-4.325844829901117	0.37531821856185843	-2.0537415310698726	2.2822001680383046	405.51137189703195	11206.881875859432	397.9649826746285
3.5218881033042795	0.3529758195262538	4.920435249193311	-3.175404727727924	3.305363257378829	3.651107054682736	-562.1796026617159	-36.79444917354688
-3.36840357854297	-1.105770203351255	1.5765995144487057	-0.8635911430535153	3.8654375351630375	23.491657916609192	1800.7544050280023	172.954430207369
-0.41649637746430823	-0.9044194503027132	-1.279448956736652	3.1926715969655373	0.4587145173672127	3.2749801133876257	-3241.6373467285257	1.7566707299238473
0.6538086719664005	0.03762785065896601	-2.0563367004977726	-1.820482477593619	1.3229215537535257	38.46733755041939	1687.6051532353335	155.44646027000653
-1.6843912354517085	0.7463520990305632	-4.687774322995617	3.8848455224420384	-4.490159312230987	151.79794688178436	4493.054972111793	640.365698417944
-2.4069926036446008	-4.890262639860622	-0.7913627189689096	1.4628315279109172	0.5361453291788552	7231.901999527529	1811.9863324629387	7331.542863764178
3.00266626617759	1.992479663845213	3.195068892426896	-0.40259441780842664	0.6320651906114669	12.414227692012563	3866.1064819166663	-20.59366113890488
-0.15767585592933386	-3.634731856213189	-3.798293679675803	4.748260269982406	0.5434461156119497	881.9735540210635	2771.129545250274	639.1306288155579
0.8388286739909345	4.990010826129778	-4.893034807185007	-2.921561110353795	0.5161728031987529	12.23254322755203	928.6361225401026	-72.29008252228239
-1.7824481336353717	2.6129780875065665	2.454938992943296	-3.901969094295329	-2.8896213867914033	5.026801733134174	-1555.1296054218585	265.30793626263255
1.3934078461105628	-3.271355143787078	-1.6973780997864019	-2.4683940305739327	-3.7734837883714145	2211.951295539108	2544.373453185625	2175.325598526591
-3.2580496275727135	-1.7999197730959358	3.0997608213834837	-0.1910983398556132	-4.954214604091105	25.983061683876265	-9870.774759544849	74.47614820738657
0.7923578929212338	-2.4948654837576	2.7128954182413123	-1.7679817324950031	-2.2577693645789134	181.05434181182497	-1035.0885898849929	-533.9387092024098
-0.8139275646381776	2.5676738204705067	-3.5239562956084236	-4.757075929766412	-4.244364820957919	-0.6153544578805352	-2576.823910815116	-1797.0960450789403
-2.0082594407993817	-4.526059184979866	3.4202637657881283	2.6100961426968023	-2.888936317631563	-4739.042076665805	-1213.4893813696226	-4838.253157559778
-0.8441445083990686	4.372151148822299	0.0042439542042247425	0.11630225933172778	-3.4329738206917004	11.99040650267348	2008.986729967572	70.64354580721343
-3.024450470410444	-4.455518896871114	0.24418905928612666	-0.8698649966707812	-2.0709405070127875	-74.88693513183782	690.7238286680981	-121.9203778768186
4.529220683269722	-2.187715270619522	-4.862564352405581	0.14955494103581657	-1.1428949655847775	1459.5619283056533	-5790.709807922074	2252.567254907494
-2.5070484519212233	-3.231625059269574	1.6042378072684809	-3.672923465807717	-0.11845754606636927	-233.1281370743801	4522.849859422117	-100.47394983882617
1.1881833881841803	-0.06513927039938494	-3.9296422317190327	4.595438527793442	1.3551881637242227	209.96924351264394	-8183.85610267146	302.35805505713677
0.8187632121815476	2.582903924769803	3.6347058683761837	4.049356380188268	0.9117477630004576	10.859051353036996	-3179.68400858341	62.78009499169373
0.36791027883222416	0.5417905328615138	2.331847329584823	-0.569277117664444	3.5514758149486596	8.001895586816524	2857.621599487458	109.47785435650778
3.016802583705889	-2.844882088240581	-4.040578996510051	5.321799419739648E-4	4.076589625792291	-40.313196332133025	-5028.156435021755	-209.36784172934554
-1.8346101688709773	-4.101598662249462	-2.549328204796705	-0.41006833443023805	-3.1259465382846785	2850.8641220332843	-5975.435250838242	2995.7838525643183
-0.8690743553226818	-0.05748195683578494	-1.922162902299318	-3.6781520144100854	1.9391951322559065	2.0198005376937225	4492.239128346083	58.124617161407656
-3.531203219903384	2.037057898871783	0.11942541626542358	-3.019175283544481	0.15028903446053654	11.998841083666608	3793.4729002955705	17.313358744332884
-1.2734205254764799	0.32016788978278754	1.2233168691172143	-4.512646614991968	2.3509870460894593	99.6028765310705	5078.603278064117	214.6178047209677
-2.0341025526285783	-2.8653030969273097	3.27472746457957	-1.1187536856198497	2.3433795003529614	-1112.6081364013812	8883.015046666744	-1003.8666744841513
-1.8586472535347176	-2.3791686635569165	-0.6274187924611656	4.999290012570523	-4.610481129951688	-592.2622376831599	2447.1054305382895	-731.3833781021777
-2.821189174120696	-2.4292363831908528	2.3835791940436755	-0.8152654059007833	3.175075813475347	-65.85584188923931	-8177.881276564225	-31.8826905198302
2.8422843069281356	-3.3740679503778415	-4.866007441407594	0.11210477307787947	0.020501784482680918	-257.1299118237789	-8194.659012630656	-215.08984296576688
-2.6027097274997857	1.978190082696739	1.125797400182317	3.629012265585466	-0.9318313878262536	11.704394011105796	-7242.455074254928	22.674452023960093
-4.62211713917881	-1.106318900817782	-4.874873348003867	-3.552240686212879	-0.49676845453725704	-877.644454980634	-448.3592942989742	-860.7520374255017
4.7187856211317385	-1.6995245699908512	-0.7274108527228993	-3.8205748341489465	2.9550184504465262	420.3463566780165	1598.7308554941721	443.5082484935008
-0.2175915754848159	0.3107558467914444	-0.44825059707054304	-4.706609695597961	-1.3010070429732554	179.78730425195167	-666.2748195757073	110.41222644556974
4.45753742754982	2.759868413581695	-0.4055470508028396	2.002057562418594	-3.479565780735655	9.422962544348474	5359.511813338655	-129.8109720718799
1.9487686192823785	0.930830583524962	-0.3131348434105963	3.5264667212261767	2.0942121776747964	7.7215311006143414	6005.393257769192	29.48727166084593
-1.7052622650254268	-2.7963527024037083	3.331821782912746	-1.4165663406152729	-0.971103546613735	-7083.540870931446	-7456.126338530943	-7155.364716984189
0.7253613358192315	-4.926298563590796	-1.7327954678738164	4.455276730183673	4.617684590477825	4072.163086141933	428.9475692990354	4106.327477506021
-1.4235043809453818	3.7872841746706616	4.404604554117782	-0.5486103341230519	-0.7908309537140319	16.59577893862608	6761.7840361500175	-240.06353739453235
-4.616339659475091	-4.609407390721184	3.203893907316555	1.8880100656044165	-4.901118849867029	39098.87964787948	37560.95484696253	38913.788251024125
-2.9736305527677933	-2.084089137901537	2.9286649472280315	-0.677837375422091	3.946593011076043	-18.530081248867724	-1792.1996223045478	293.1067838700338
-0.9992245967127822	1.273637939454547	-3.0461488205006857	-4.022744440193247	4.648155418939311	7.213763701034004	1613.9676510597737	-176.82798546926392
1.256209809708131	2.1212125369523305	-2.413802419078012	-1.6795013128274014	-2.4910126575096694	37.59174695729541	-2267.561949257579	-94.58609719596609
2.3394046520149967	-1.2491309506896853	-1.7902888179354393	-1.1149330831675277	-4.713114694898065	17.393394686549037	-8865.485270080047	37.667745749784764
3.2958868275740443	3.7031980000278804	2.332057764868205	-0.04760306646332779	-2.5185442665442457	11.945271997558212	-1096.3947915353456	-1.1039119240859137
0.4025407756057442	-0.45602281222546814	0.811058937728415	1.1647372441663464	2.0447281209532537	18.105815295751007	73.45917958884507	-33.42623190189277
-1.0867040418156737	-3.1000092159534356	-3.7902372269499907	-0.20500843089694332	2.815177071229762	-895.3839611323517	-8391.082096492275	-967.3678538207087
1.1892776053981668	1.9875041996568008	-3.1880553283050252	-4.421783590249601	-0.5180160466090236	11.681053686522073	-926.1764001741547	52.21819772639539
-4.213766842049923	-1.2701383490378806	0.6307615510312772	2.2273085148441236	-3.2566860046083166	87.68163038670001	-9106.629119124816	7.786438035058055
-1.2404285140332694	-3.7408527368670685	-2.9061358538395945	-4.486911327559181	-0.5214145384809754	1083.466409103413	4731.5318034224865	1134.391093486673
-1.8260456056921583	4.925460670478319	-1.6984684149279716	2.0627180446592632	3.652664504515963	11.972008562892135	-12525.857671579826	-170.39887853184857
-3.2103453730372387	3.126867931451038	-2.2944024393460527	-3.5881533822744363	-4.770276625930708	11.967102674037058	-5129.639332025973	-15.46322354062627
-1.793640682211941	-4.7208922198150685	3.559277867746701	-1.4563881625568342	-2.777017609013057	-36437.018036168265	-37322.22265013484	-36365.35251318103
3.906940939761883	-4.013830301962845	2.9387880132326236	3.89173849231808	-0.9449189293109583	-628.3917061018421	1077.945449279215	-587.4610421476003
1.3819292659673295	3.749838072784394	-1.2761511969333696	-4.012818741252799	4.688661000707274	12.064879984422765	-5431.28215570209	12.861163602835562
3.5560176207054717	4.1781063256432915	4.989435888043008	4.2598680222562955	1.9988720046517479	11.881362506871177	-5288.9544233071565	-18.872794767861762
0.4921660104236576	-1.3613106799687333	3.2475887724017003	-0.6245763427659874	3.402580496403962	-37.80638773180993	3784.778656632109	30.864693853384388
2.5691671636363367	4.8144639306997625	3.6703189807293572	-3.309106268300499	-2.312647957347269	12.120413225154527	9560.976323162937	-113.00789379894657
-3.3480053073505225	-1.4092842333566038	-2.9658744201180554	3.5911679103883127	4.983522047787494	-5.732919059995009	-11509.785729849526	-127.42796585944302
-1.6194158886709218	-4.008500928275404	0.06877998539679187	0.7402199148554658	3.7164834343784943	5747.572499320094	2932.9848208633334	4983.7669038720815
4.125268245322779	-4.016044823346857	0.9206601710480742	1.8247697006899806	-4.767968090619378	-2375.8955603166296	-977.863614542516	-2653.2331952661684
2.5990681802601348	-3.7207240552662957	3.110575968637244	4.451923653315186	1.4434833488987833	-83.81905584174022	-4283.4158131959975	-22.970354194908445
2.436312681300282	-3.9481982529168524	2.6265918429056923	-4.7958242825153174	-4.738377811480273	-2458.9663834235525	-4869.76825442921	-2306.4486508827245
1.88673891582107	0.6928940380825352	3.7971051221183885	2.9569228230226248	0.7118446106481278	48.5708542720755	813.620982629622	-130.85187666880327
2.127749260745434	-3.2280138666209424	-3.3540872143691147	1.006574447011232	-1.4993969700088061	-1187.4802599155253	-4876.655145766474	-1554.4155273682525
-2.4902526512795964	-1.5211135713343928	-4.684930905383547	3.0434826962709565	4.291110689399613	108.02453391140035	6069.137397463332	302.40617000570126
1.2682773148476736	-4.160116843356667	-0.18537352038709098	-1.7536423109863488	-3.506192701236417	6902.474681653223	14261.95619117011	7023.086359277249
-4.959163906413401	1.5101958540305658	-1.5595018416681148	-1.8493055130877698	-2.0175466055214653	38.601537157775454	3912.4502168660015	101.34479429490995
-2.7304140536506702	-0.09530886332139055	-1.6383682114750808	-4.863642894301935	2.923375795303979	35.595989801056035	-5014.785771904236	73.2276488139122
1.2939114924107855	-3.0669762148539794	-3.3796407771717907	0.0489630052526282	-4.9675050499555615	1566.690140597048	4102.812674777747	929.162762031344
1.1082188639496202	1.4438947309444528	-3.072544403879908	4.303336106807437	3.655257668755782	27.27551658944448	-1758.077507952173	-41.73118302489456
-1.7701700836191012	4.036399864498078	-1.956845717465412	-2.876088386468786	-2.9044339829048815	13.168836897093513	655.067903577223	30.012722812928263
-0.933556810975543	-2.7746191761267367	-0.3834462875057376	-4.098247977917485	1.6160475018805727	146.4684252680175	6940.034637230176	-22.649200935604796
3.1438648662102135	2.739674450713273	-2.0851896401450096	-4.3031206707715075	1.1547346469473174	11.99980607186052	-4378.671853763631	48.1565374813145
-4.462385710766147	2.079869504121871	-1.0264750498541977	1.3903897518619583	-0.842645829952243	-7.110757372358428	3598.93071465884	137.18269841506958
1.5635865323656537	1.264688110060142	1.3287422717625628	-4.247028693525516	1.001740830804085	-768.0798885029475	206.67643609681556	-642.3964043874904
1.2490498219409938	3.782467428154831	1.7106291667313558	-2.025643249118809	-0.4525205334248934	12.136940872431948	-1813.597948915998	-71.63888656372453
-2.1328409544344575	-0.34025840831286924	-0.36848035404894297	-1.6056941351357148	-0.18606832396196893	400.4156354736701	4498.703492021089	1102.869927687253
-4.06678838651625	1.1059268965760278	2.963871339079306	-4.888849855369724	0.1494149823684685	5.030813432273662	929.1304609938703	184.581117347824
-1.6263835339987809	-2.9153927351313733	3.3916041479308827	1.410861316508515	4.562198192615101	5599.178744411546	11282.42820735967	5694.186303731098
-3.448612715362791	2.7255944567633996	1.2492349787609411	-4.643691433011567	-3.4620759271110444	13.966744387541754	2149.572860712302	-593.7021714594955
0.5370262118786782	-3.1062232849471574	-3.887100469050635	-4.285500332991715	4.228758461022036	146.74257349000513	964.2451232156717	135.2126896024097
-0.3002592048578512	0.5743588553334824	-1.4076707074875952	-4.214911557513627	2.6459234599403487	12.453808109176002	-4430.401994251893	-27.095336740604736
-1.34464179334143	-0.6556266064776652	1.1133979835382215	-2.3049764104137536	-1.3202957443886945	12.267861259948393	3283.5837355266362	-496.7065148514809
4.893433419170618	-3.3063768187631917	-1.4921353800171833	-2.3436274826427206	2.411878168667613	-2239.7013374730695	-12236.309210679607	-2300.5985871307694
3.223355729374541	-3.4877298960561975	1.7092795501280396	-3.4566356390293027	-1.6219795893533906	-20.732690352503106	-439.43006972244916	-19.66156477937135
-1.3503459307677588	-2.386747893381125	4.635430118861141	-1.4502867111313056	3.2571476115299074	3767.2612562006334	7284.112784933577	3628.246196072438
-4.460963169058024	4.062859202196126	2.484931694314132	-3.509644162619674	2.5730822818703816	13.153297073018187	12474.15266502916	-52.95697025923828
4.325223084077107	-1.889439622508954	-4.5484023326800855	-3.6467762575523155	-1.98197105665614	400.94644009758457	2306.7132592666558	312.05636776014285
-2.480877051146735	-4.2392476081228905	-1.7507187595491325	-0.9945836832385337	4.07844753275924	80.47559634920941	643.3364569998107	151.19247063866717
0.6905991891593448	-4.082016717139377	3.163357537828297	-0.062461658924116925	-3.8141970795576805	-935.8953914592198	-3224.581648801296	-4897.541333298592
-4.225491554056965	-3.084162233878512	1.819578545228854	1.0944635219099466	-3.05166277486561	-17.358788353408418	341.16914875093295	76.99295134086779
1.4525001590144226	-2.075359378729104	4.763415849139852	-0.37101130737179044	-4.0052345586125435	-2060.423039861239	2465.226986649758	-2288.2359692550367
-0.9911888432158564	4.783224918764859	2.3576155531188956	1.768440006054112	2.2630862371349725	12.563895509268184	-10843.484656923909	-5.786805023081191
-3.883902217723929	4.783312856889134	-0.555647485859593	-2.5154749400373353	-0.9003126219786504	11.941098554232408	-8521.925620912736	-72.11572438955467
4.67839538910196	-3.275430449236686	1.2138012097551591	-2.1079605514921997	0.5947797989049963	2183.481969211073	8440.196976237765	2383.042063366737
-0.5197452955046522	-3.9925801544208364	2.807691791084731	4.444009945897427	-0.6117427523523222	-142.15570149109254	4694.370466522444	178.23406692065265
-1.1804812760983374	-0.30779595682960803	1.4963395938992363	3.3670253877164544	4.587307371306364	37.13715553259151	-1966.5979343834495	-3035.408193315576
-3.007835287479086	-1.1803067106976983	-4.721539829609505	-1.454159981811519	-3.500021821317304	1.9778608267984925	-8325.959635469453	83.7231233481552
-2.9827969221748276	-1.6591613203127755	3.5419588887980353	-3.1124864725049015	4.2724191344060145	-5.737223478350931	5320.9950973913665	-113.32621547655658
-2.5110506661424328	-3.3261157787740983	0.08994941742900942	-3.825822336767396	4.521105565283053	-98.38402821504111	-4453.892871119083	-98.79648332833779
