-0.010039558290253218	0.029529745226237553
-0.011450528975995973	0.01760557121692454
-0.05043237778288086	-3.2466137330559495E-4
-0.03263219410561973	-0.018055442799403406
-0.017494783793573138	5.426041252593341E-4
-0.033946147901292245	-0.0033982971327774507
0.00929346328438904	0.10006706485357204
0.09191428139650114	-0.005321776218993831
0.009682926727923787	0.0029222547517824236
-0.026677906811765403	-3.4257215695332634E-4
0.07466715016599247	-1.7279668934725288E-4
0.009972017055653978	-0.001778923504756503
0.04463693371614124	0.004656416871739707
0.002138131425823711	-0.00462827391868947
-0.08665324966102445	-0.0021363283325850227
-0.0448198821976933	-0.0016010363347089662
-0.024372397728296812	0.0026779229898903738
0.048788250186531795	0.006798256856281797
0.04430021670062625	-2.3850180442558085E-4
0.061736368753558916	-0.002679064143236307
0.06306127593576	-0.009206320473132013
-0.01035251192856618	2.2221865934996787E-4
0.10711920697723461	-0.004342523349936655
0.013324870124933923	7.04622254366114E-4
-0.01074800814371113	1.522600916219798E-4
0.01726415472495414	-0.007607098534180719
0.030120133760245093	4.8488090257389966E-4
0.005977270933736517	-0.0025887073348002617
0.01122120947852069	-0.0022837953840474834
0.050123192101469205	0.003864088769830257
-0.0013386085799844158	-0.006637244958154086
-0.003873765832788613	-0.0023724305663769623
0.1323741827701796	-0.0027293799373251746
0.06858270513880521	-0.001984649661767696
-0.006903290215243158	0.0016085418464747425
-0.12825552332761883	-0.001460195076707487
-0.004589299089772035	0.014666313437606743
0.03645399006149277	2.530726197807416E-4
-0.01002124102134194	-0.013402766112880085
-0.008454182619462116	-6.618692487561337E-4
0.0326734462841634	0.011887851712149662
0.05829111621963559	0.012170996485849211
-0.06231522699355178	-0.004900973364508409
0.005658951489711015	0.0035470387956125144
0.054353008517960565	0.007349072176725641
0.03308293922737685	0.002773237771022037
0.06391415561702335	0.001175179163484065
0.04458069110061612	0.0030764193110213024
-0.049939762665522684	-0.002919658664729761
-0.008812053673960646	-0.009994271298591305
-0.0053314297308154944	-0.012952857828089442
-0.010203257715255007	1.3648796853290882E-4
0.024957760257089696	-0.009548080682739064
-0.005324106078750508	0.002312057992663092
0.019387993911793997	-0.00914687399620831
-0.02691537749907867	0.004781148126029301
-0.00853130705444112	-3.3668810026565794E-4
0.009848751226647337	-7.920721067283229E-4
0.014183238269063515	9.706730823007516E-4
-0.011796491236801546	0.007375902014461293
-0.011054101870899452	-0.010612531691650736
-0.01865042315346233	0.01842760307868415
0.024092493731686374	-0.007932707468592563
0.0479032531974931	0.002496582145034295
-0.018864892704525016	0.004996941037349054
-0.0029995185270642946	-0.00422115511853786
-0.00425980391635112	-7.269394560702105E-4
0.024807193416553318	6.066673631690777E-5
-0.13017475957148325	7.25929193444659E-4
0.07994933185094683	-0.005026262142533881
-0.052684677012617885	0.003217675426049745
-0.009074588806847004	0.0019017776152525148
-0.029450557912712356	6.497460292228153E-4
0.022919515035553558	0.015888389263325416
-0.034613529134320045	0.001393837971586552
-0.06180805133951676	-0.015837392648735616
0.11727583452259725	-0.004974935041677583
-0.011128361168175008	0.005342059749161389
-0.010936720016951748	-8.290552743877661E-4
-0.043675259757436136	-0.007007450843584939
0.018115744200888118	-0.0031916166041329247
0.04817343885140837	0.00124523857881548
0.09827315264863726	0.001596617280744834
-0.009048070514005307	0.0032109034331934913
0.006241919638768157	3.38175936047673E-4
0.10954263718172205	0.007093243025483983
-0.03157435932298754	0.004223397672938601
0.008250963562110414	0.005815564453995683
0.026094305333021546	7.680597080174482E-4
0.01261546446721268	-7.78292629608244E-4
0.05541542955785008	0.04912002345944416
0.010362781754885097	-0.00342119197035172
0.005988394498924224	0.0018570325598913937
-0.07630370472394603	0.002423075693478997
0.15964607538365833	0.0014736434649179992
-0.0018929918212671406	-0.0068911072067974295
-0.019748060278817745	0.019021292316092345
-0.03259471399115858	0.005796427294269046
-0.029587194307376195	7.273667031858697E-4
0.0713892284857891	0.0407105614881218
-0.04271011633298035	0.005814073567395571
-0.08238843238784481	0.003985869538786956
0.10993092221212618	0.006784633766450581
0.008523912909266488	0.005789079626251747
-0.029774707351344666	-0.006366824186578262
-0.021297164099020986	0.004287250311844948
-0.002215011096574923	-0.003703080795100052
-0.010227086973761205	0.0032031277060030386
-0.06875852810198003	-5.755115789462425E-4
-0.15275323755434936	-0.003573742236329076
-0.03320374281589234	-0.011001951447610396
0.007502321666741485	-0.023046999775878794
0.039874106123646315	-5.210383068837324E-4
-0.021908080805461024	-0.010453112983425423
-0.015686591097288167	-4.016427847030447E-4
-2.6850344017753777E-4	6.24034088945386E-4
0.027005178304596446	0.00333661342618774
0.043077626928539184	-0.00552985732553213
0.046766021279778164	-1.3825793432479218E-4
0.12348185613914203	-0.0012210544805255302
-0.019472703348782146	-0.1645963286962359
0.09235643294994232	0.14435228929844643
-0.009808812782364376	0.0011513345476298032
0.01889004026543794	-0.001451296327660771
-0.05488078371547267	0.017999142377550622
-0.06225563226764281	3.543412997873594E-4
0.05040903579597879	-0.003046619889715959
0.0076630979365966915	-0.0036175439996504843
-0.052648615711914086	-3.5179835055519E-4
0.0059259299925727895	-0.0031316482602404797
0.00252387726991441	0.0012281647041781742
-0.002718441139629476	2.0682479386800024E-4
0.061865089362710714	-0.0037350543378354395
0.009851063699772358	0.003735391686450108
-0.006213391475159949	-6.065455733318329E-4
0.011404854379855377	0.0019096521411246892
0.007943816452165405	4.223378324760466E-4
0.028764304018028177	-0.0013025563750248242
-0.08923459636911295	-0.0013871221829908648
0.08462718211249645	-0.0018508384630177154
0.03652633010156939	-0.003885057514064031
0.06779328521231356	0.0013388123306411277
0.008028621895751894	-9.561183693042242E-4
-0.036401374832287364	-4.739409550149413E-4
-0.006932160117156608	-9.861342387621217E-4
0.008868745001172152	9.941432832168728E-4
0.05361894308690685	0.007456680616502141
-0.019647414546603716	-0.009064907046299028
0.04215750831545578	-4.0589303380664075E-4
-0.016839023591294928	2.1548390513874145E-4
0.08486287592886216	-2.7108834762306814E-4
-0.09955361619005743	-0.002616955367534254
-0.0015392432431144737	5.669649311509313E-4
0.015115740478472925	-1.397906989269596E-4
-0.0052667985092080625	0.0044366750654439135
-0.05504185563669239	-0.0010479691606130885
-0.016621257675097045	0.0027743493809988
-0.03150922640082349	0.01422401711875231
-0.07084176409958166	-0.003226688920889517
-0.0341667322748175	0.0012745686306631164
-0.0190653167569064	3.1125981883460676E-4
0.021758778798795543	0.0035042356345050237
-0.008979047870459876	-0.002011191710873023
-0.013016970536165533	-0.005149852506931996
0.022894398302862894	-2.669511464159452E-4
0.050092061141475706	-0.002760623676437137
0.026496734123826006	-0.0025809366272648306
-0.007303408277838822	0.00188413805427923
0.06413196674779303	-0.004032527396469576
0.07275331746025786	-5.38647348242775E-5
-0.0028894513473674477	-2.4707782225076423E-4
-0.0022768817299291077	-4.728402660445473E-4
-0.04264448572747071	0.0033517853001263074
0.03304203300558524	7.723434062151889E-4
0.10298618059326436	8.142633253211681E-4
0.09772665556404585	-0.003931348234799267
-0.041451886561872445	0.0016679161953490286
-0.05302450010878595	0.002122091088192106
0.03769088946059039	0.004182408469309243
0.07404614854545151	-0.0010407445709809668
-0.022084544108616086	0.0035758365891787815
-0.0032993893840562224	-0.004002903839199624
-0.026577093419158142	-0.0033803399778079414
0.07316368701154538	0.004717088285221587
0.025512190858511932	-0.0050620506553986444
0.09795581295715355	0.002133620643206317
-0.003924646012325754	-0.0019514164243180417
0.04219559930238533	0.0015006551400059541
0.055944546438151076	8.558985291543546E-4
0.036821575131370674	0.0020868044246228376
0.020296959024986065	0.00588628341873569
-0.08301410358701995	-7.177232407412679E-4
-0.017362023528649954	-8.281247286029535E-4
1.4977242461400084E-4	-0.003228457274519113
0.03192110977059977	0.010388830745553532
-0.04092618764403168	-0.0013861955921056165
0.12031187673655716	0.0016471166118434254
0.0011013711529922717	0.002253357504128845
-0.01341655761783399	-6.798503421138009E-4
0.07912047788939473	-0.0012693679343035078
0.004085776671317383	-1.8012260060123962E-4
-0.011958734359422588	0.020477825759904148
0.04155531357277339	2.9464288834991264E-4
0.05180222387867083	5.578331887856013E-4
0.03641392060126154	0.0016054841701550378
-0.021135170644115093	-0.0029316817516587775
0.06856380766188847	0.004922525092806145
-0.021963719534108413	0.009790690949203856
0.038933564072347424	-0.010550335584000842
-0.06766015397618673	-0.0014672354120779472
0.05380870550802549	-5.839712387092423E-4
-0.008430379665342776	5.833101587868338E-4
0.039671676211819815	0.0027083379816211267
0.031894189310627	-0.007210920723349901
-0.05333663201119065	0.006422062626169045
0.07354871432942282	0.014917110640918016
0.02865904819636572	0.001152575008703791
0.001886892718857865	-0.027712931712290712
0.030614879221650605	-0.00273040093510461
0.010793012844580932	0.009759205520919032
-0.07670432446689278	-0.002225053707532738
0.03212411423582252	0.002783231133413651
0.07084585799861422	0.004313092714680072
0.01059612281607421	0.002633120960924302
-0.0041318625623219625	-0.0016059414835176888
3.403211401566824E-4	-0.00138986505569894
0.07961136590677939	-0.003266112570359977
0.05686744340357917	-0.0031738307583834124
-0.003944593297478117	0.006801441899055378
-0.03908055728926432	-0.004083014301920397
-0.05879763266163748	3.39904748945384E-4
0.031559160062504844	-0.0023134826507550887
0.06802849312179432	-0.027318690744738205
0.020189012836094956	0.0011264603225295663
-0.044807206112784825	0.0184675914202537
-0.029948567718619562	9.005831165658828E-4
-0.017357537973965106	-1.9515464098017216E-4
0.03714728682673106	1.638811098163655E-5
0.049784343493548884	0.00114019077610145
-0.0012839011996746035	-0.0022120245362471074
-0.0014639371330140577	-0.0033509487381422638
0.01506686630349365	-0.0027818848508293684
0.026238272801583713	2.0205641776852907E-4
0.06538171580640229	0.0037771561535498775
-0.00951918512307343	-0.04218364739296141
0.05366229777071278	5.043345018245942E-5
-0.014271544676212998	-1.3062786453835576E-5
-0.05684516390604815	5.870886598296792E-4
0.07906168280657946	-0.03564515970975082
0.04287472036051129	-0.001690382444576865
-0.0051314512981251665	0.006776455881037035
-0.06658945910261706	0.0024780320072665604
0.009014127626493685	0.012262652382746658
0.04228200182697041	0.007064893373963188
0.025490676190042916	-0.0022276440446857807
0.026389182245039142	0.004016985828942946
0.0027229407873305585	0.0027111655324117355
0.060858873193598687	0.0031768586306770543
0.028333056656222558	7.03301790788091E-4
-0.061567978138813824	0.004780448011230377
0.07447145086891083	-0.006097035385339744
0.005695678750616149	0.004656577305072365
0.12725039739167454	0.003491415343054325
0.05792446136278384	-0.0020693215281749828
-0.03240442600765842	-0.003086326306143723
0.050370989179792484	0.004460146464728164
-0.010344806417831337	-0.00525436887863209
-0.03561399226771788	0.0010467773318080726
-0.03652426044858251	-0.001347687616111985
0.0026150942010227185	-5.379351178196925E-4
-0.004991805134055847	-0.001398817157684385
0.0349499020068308	-0.009523438001767312
-0.054827104633121355	-5.218565251338618E-4
0.026267058864813696	8.567503458436486E-4
0.007062928440910849	-0.004548695191164217
-0.00402071372187318	-0.005649309059792511
0.018088141578501322	-5.149188054608877E-4
-0.00938238144001361	6.229653809049134E-4
-0.019112314682273434	9.078306935420707E-6
-0.12106710026659968	0.020886491285368628
0.025948377908725125	0.0035944366433222717
0.05173616327520728	-3.103857157033494E-4
-0.005637474427637922	-0.004273669272932667
0.06598516218438007	-0.0026322633066106125
-0.015268207099803255	0.05813338980580961
-0.016783480095998674	1.1091772936711921E-4
0.03113060955333247	-3.24677305172843E-4
-0.018346904530698125	-0.005073152206918579
-0.11068415337211021	0.00431025914788792
-0.004840583636222647	0.002366912611140242
-0.004759612646914166	4.505161047229245E-4
0.04897817181699283	-2.804377187066822E-4
-0.04592138651862093	-0.001716293531750508
-0.05428303377692702	0.0018951677141784546
0.023145296470434184	-7.523197492927148E-4
-0.07163118186521326	-9.873621439033807E-5
-0.01245722886096142	-0.005860443678133558
0.02047139161468015	0.0037329330130003897
0.06784030868511269	-0.008663362029483715
-0.005549372556737632	0.026656771587611018
-0.04342610495882473	0.007986157300813767
-0.03954987125786634	0.005984825853092002
-0.030556123786921005	-7.115601347163205E-4
0.031552844022245306	0.002052385278578313
-0.02469007492539358	-0.0012819772625106878
0.03350982640123622	3.206817902599272E-4
0.01636470647917735	-0.003754509841729407
0.01606045364775511	-0.006443233841191663
-0.023661201344825345	-1.0940675832039155E-4
-0.023629850931510384	-5.201599398128547E-4
-0.07321863317574338	0.0011180031161680782
-0.02614845314840443	0.008371742394250757
-0.052472633580801675	-0.0022125472284046867
-0.08670691937771309	0.0037079451060305474
-0.016956722395249285	0.004741211608565352
0.003550234452876114	-0.006087403123849613
0.016553772392604322	0.004797795833449518
0.01254032011316287	0.001599759062847623
0.07739095741070079	0.0010989935594906664
0.0424002385833583	-0.008463460170434246
-0.0455275157728658	-0.0021020071676456594
-0.023445400789872572	0.01002202867407835
0.04895159349749153	0.001059110166304999
-0.07575901844845048	7.846231296074289E-4
-0.06113452762189678	0.0011488953005877884
-0.008240765935701284	5.090287659005507E-4
0.04873768916618477	-0.008133751126855902
0.038813078571485575	6.298397784120662E-4
-0.04090812753261858	-9.892501092810451E-5
0.045940914191059994	3.211269711226761E-4
0.04182110691378321	0.00772742931822407
0.03178345045891867	4.737891372752474E-4
0.002914318656356209	0.00125398636354151
-0.057086062467376214	0.0022010910023129607
-0.045371640881453935	0.01411960674395776
0.05572706640634954	7.022866170991485E-4
-0.03225362297297288	0.001565979254302131
-0.08552831754635347	-0.003188888900485147
0.017293654495422073	-0.0031020274784869057
-0.05708301823154471	0.001612901578760933
0.004049898771069934	-0.0034851794794477937
0.02717780622228402	0.004010143801726111
-0.023673975956148598	5.843596390111039E-4
0.01806931636894709	0.006794250971503211
0.02398499061767466	0.015892274454471327
0.07919080343116304	0.0016343834732781735
-0.0012103089546598518	2.73252993825859E-4
0.0043369881153872735	-0.01178312799241902
-0.028223332186801092	0.0017557610867275093
0.02666942157753936	0.2228871128566847
-0.06268428041458139	0.0030397827012230852
-0.10141473228640736	-6.719587219887947E-4
0.0501288768107158	0.002253196531316799
-0.0302519968078666	0.00455936604301672
-0.0324311349298779	-0.003909251101564282
0.10603077716375539	3.9336505609268194E-4
0.0026062435585373694	7.092228869959299E-4
0.10158571353749694	-0.0010291503565822318
0.042381018282117745	-0.0011002409469514328
0.06326507838407965	-0.00454089074931109
0.05033385705442565	-0.05480178502804574
-0.017781963359474413	0.005414232775314286
-0.016122029303240748	0.0022139414529946627
0.15019233219386938	-0.03052881392975802
-0.0647342267511945	-0.05265867065321863
-0.04609594074531109	7.247278370386403E-4
0.03327073031617221	-0.0016370948194944829
0.1008288580289038	0.0017121819362634469
0.046525611387528434	-0.0019986141788032132
-0.023114908981815074	0.0023444074707639857
-0.02248986693249796	4.5002992952703245E-4
-0.0023134247125755434	2.6306847021738517E-5
0.01877406229237642	0.007132186690996706
0.011805993988328413	-0.0036116821373532075
-0.022244405544893073	-0.001121476735346102
-0.05519507680270744	4.139965641213518E-4
-0.02078350897307674	-0.0010523073547252465
-0.022876198454512293	0.0014057408177870015
0.06708684251770006	0.0017515623612624682
0.010397603614408734	0.005229501747006579
-0.01868971956522516	0.008220702449469179
-0.00344569421290362	-1.6017989082925011E-4
0.05248439763129119	-0.004324712548123431
0.057114241074574565	-0.007277119030325314
0.04158078453938924	0.0075196150248079225
-0.06775707905567994	-0.00205951104885219
0.04465731213585993	0.00433268071434043
-0.02908396557054209	0.013103420221793423
-0.007700011488170751	0.002298416952390973
-0.06087850656547344	-4.280405139119954E-4
0.03225208250089021	-0.0015824364529428907
0.01759007689247183	-3.6550433191487734E-5
0.03154772389984155	6.60668497779405E-4
-0.04529664945030191	0.014044046152741888
0.005962584492917514	0.12076129110456311
0.01772389726043731	0.0016871837147106122
0.09496904797173855	-0.0031482869074907836
-0.007196278991078536	-0.002407179014493535
0.03194613003741088	-7.796692806491251E-4
-0.02577131534550746	8.360648820045141E-4
-0.026602337940585943	-0.003219564578357589
-0.028140096990845236	-0.0019416078912447084
0.037166176483877295	0.004299518906741642
-0.020548910767451366	-0.006561989968061517
0.008456611047460096	-7.28413452705963E-4
0.10291937228575351	0.0011272554555956619
0.06783129964138487	2.4066606639403155E-4
-0.012759165221842238	0.00863829511637862
0.02999910636951062	-3.5668287274740016E-4
-0.04898620942462797	0.001708680683073642
0.0037359808696986302	-0.0014456630807870158
0.02302722400969171	0.0018443465787848408
-0.14151793734368961	0.0019025843613565327
0.05916179894705476	-0.010372848225203226
0.025250971424108155	0.0048024540856563235
-0.08469127740845274	-5.784785217036288E-4
-0.08368992278520324	0.0024402345270926355
-0.05703539234650632	-0.0018335559929502988
-0.003320336075421293	0.00743742485940801
0.0633525590555845	0.009067368828663179
0.020601618804286303	-0.003914522013899519
-0.05000895745380756	-0.0019502116938267548
0.03216302453147908	0.005551035019889602
0.02833105615535525	-4.358710441602805E-4
0.02651699261159856	-9.274455748639895E-4
-0.03690878384704909	-0.0037807118755209613
0.03807129203665689	-0.010115667249415525
0.027697977227598574	3.358073638998762E-4
0.03984346380509386	8.073709110442268E-4
-0.04867126255408587	7.913228359184324E-4
0.08586039604969273	-0.004270942262361851
0.005129398145972104	-0.0022431546800314385
-0.014633537028355403	-0.002724583772290782
-0.05232788678216337	0.002091394040896109
0.10298756794373919	0.006443858863699881
0.06394215692849646	0.0019661484346774035
-0.01026647433159904	-0.0014059464808908436
-0.009194740055939055	1.9549530903502542E-4
0.0471753419833308	2.051369798710315E-4
-0.12069277373255405	0.003049300972605858
0.008334874352423957	-0.0012955368244822268
0.014699208983928853	-6.96588686665145E-4
-0.03183461678832209	-5.255151746065395E-4
-0.04119925378702903	-0.002811847402250628
-0.010370900923020603	0.0016948515051410811
-0.04724599417619453	-0.0031331733847333974
0.040702119716148275	-0.001511747121032532
0.03516650536189289	0.0019359116338066138
-0.022736955240373627	-0.0036045295819549833
-0.02248641232406285	0.001222806689768455
0.04260540537243251	0.0023616373753633678
-0.039757988792840857	-0.005650335843329813
-0.08053588637140048	0.001763362753891326
-0.05326338772401682	-0.6449024666984405
0.008710604502858975	-0.003126266125462177
-0.0075763924752774	5.405144361992068E-4
0.007535046173116563	0.010566721629891328
-0.015232173660404634	-1.332539482150584E-4
0.07649677182843471	0.031169553326453048
-0.015777331320045287	0.03506768737263097
-0.10298349541598703	5.167004033197472E-4
-0.06651776258033339	-1.5722487526775988E-4
0.07280791257324042	0.005267129350059046
0.01853819744659975	0.0017567090265884705
0.007709575792860316	4.339776667282805E-4
0.06235556014887439	-0.003566867621012469
0.023316384596921678	0.00197151216294137
-0.03638554164653885	0.006185404190325833
-0.06829528542045037	-0.00869513647295876
-0.0161608549442421	-0.0051142452690053014
0.05502306453747182	-0.0010341294961216684
0.034966280997274675	0.006500875622190029
0.023305066715234395	0.0022046726759993793
0.11753900141930694	0.013639733409196308
0.05408543407440523	2.7690293434699673E-4
0.05428788677902485	0.013201082988516239
0.1200837483036558	-0.0015165589397404694
-0.059159945211854276	0.0022621941905656253
-0.004011164367542031	-0.009600858559225649
-0.0068927773357728645	2.736512341508458E-5
0.0770309064212107	-0.004230924084228622
0.07756899391389542	-0.0052125604830433655
-0.05415420363045079	0.004989871996671551
8.742073579621496E-4	0.004361185274446824
-0.0224772560079936	9.832766732114243E-4
-0.013352942139439149	0.009818222204508049
0.03230574820726975	-0.0019151155773126356
0.001353455848760165	-0.003291629724603956
-0.024467830131528905	-0.005034717073731849
0.007046861792343824	-0.004402893940768336
-0.06265155998151459	-0.001183768186501373
-0.022365195064439555	-0.018165426988645175
0.0010818713190630248	7.838794061838209E-4
0.10521348782612301	-0.0030504777965478635
-0.010542231012621521	-0.031138899644919477
0.032426149099567994	-2.2161235523564254E-4
0.009879417613921224	-0.0012558125231879628
-0.0425972645646603	-0.001233320206605755
-0.0657682091476609	-0.004896071516250254
-0.021898546168464754	-0.005904714108005874
0.008823527203371137	-0.002166050748817516
0.035623286546159136	-0.025231172285904855
0.02696755053371779	-0.004228972596754492
-0.05948115319724546	-0.004157156770369957
-0.09204790412325015	0.0014017296217445172
0.02887120614137961	-0.004356239255378762
0.07952605999074504	-0.0044568496275119605
-0.004456769286550075	7.923611931134045E-4
-0.04842988165559364	0.0026351013686311325
-0.01399168266467876	-0.004007667505070494
-0.04119413449863834	-4.721648482633033E-4
-0.04992060170223705	0.0031218106656964685
-0.06344475181754926	-0.004309560489109203
-0.06930644191753853	0.012986628211393786
-0.00711512323544447	0.005836244654178738
0.054544784458428384	-0.0023816260806126667
0.00428812566809191	1.3134799094634636E-4
-0.048515027215972846	-6.943993821842053E-4
0.037517264165638955	-0.002946184147473114
0.0185376483402261	-1.7607753087166029E-4
0.062138889575417314	-1.9999917011493065E-4
4.965612087246576E-5	-0.004078057979496166
0.011489922216835015	0.003941229018102336
0.012894052837108804	0.0031471064221684636
0.03247221915420937	-6.35109004208759E-4
-0.053278405294618705	6.883816044735682E-4
-0.06724030094438795	7.433771101973061E-4
-0.020904376592057464	-0.0016243735204654849
-0.06323923700741359	-7.820150570464519E-4
-0.07177004831933534	3.925395809849807E-4
-0.05527361639226195	-0.003492465072804562
0.028325165175717325	-2.6428140311570553E-4
0.04580355956779512	-9.098042138479499E-4
0.03885477972462052	-0.005074426421066876
0.0022372831237591107	-0.06442643909196041
0.013599696166197632	0.006105747710845754
-0.027185546459118533	-4.703230033755249E-4
0.0029604492894475475	-0.005770470298705477
0.024742083041249117	-4.3086020408030954E-4
-0.01894563306428394	8.898862618840108E-4
-0.0463857393300121	0.019981071689866056
-0.09405907515843737	0.005501943739370173
-0.10341879271940774	0.0014846760464022452
0.07159719102123026	-0.03230236056826097
0.06631455648102277	-0.014029855061610714
-0.015269848385896309	-0.0102686892049771
0.016705342152236013	-0.038028199220045994
0.0018119167435696147	-0.017694807633654122
0.03298491892837912	-0.006224657053149112
-0.0139718516277654	-0.002028299810422009
0.02775237249199619	0.007031567336958329
-0.038534002594238725	-0.001152384697910781
-0.04400139783683296	-0.002622604685747148
0.0691211362518023	-0.019509595033690593
-0.017187212276151526	0.0013794132186582724
-0.0019430861447657477	-0.003588515725636711
-0.05293922718907238	0.002728366094735321
-0.055922609242184985	0.0013130536007573699
-0.06672074613306939	-0.0031903288542330516
-0.09126186197261807	0.001890430310905141
0.05868765072071892	0.015909481663890047
-0.09570570645864299	0.009782127926375695
-0.10524025160916171	-0.009785974111726613
-0.018797752411513036	1.5016893246916368E-5
-0.029706253302946125	0.0043444853453470265
-0.012759087600947544	-0.0033180282221832325
-0.011164809727262411	-0.002568628397157648
-0.003524569556563415	-0.006861121606535611
0.020592847519178985	0.016048997290175924
-0.08528815758288717	-0.0029443008058374414
0.04397194255437695	-8.842770569236981E-4
-0.026632461188642587	-8.341069270474977E-4
0.0754685843732908	0.0022081768505012147
0.01723561436124884	-3.313320132960206E-4
-0.003980394536424282	5.593902875690472E-4
-0.01574989215651793	-5.259953220549194E-4
-0.027493138390534293	0.0076221577023198196
0.06652513019844433	-6.805918543088298E-4
-0.014687407167219379	0.0011920358484019376
0.05494936761534995	-0.006595222612620574
-0.0036884869441802907	-0.006610393984972118
-0.11917125246953147	0.01583312790421635
-0.00734092791401803	-0.0023620246874364124
-0.028330386799571415	-0.008672041900509941
-0.02104780665508235	0.006765784461715229
-0.11141478865470665	-3.1624300125226735E-4
-0.022325732781946765	-1.4363704651417284E-4
0.06963144153825312	0.002202000681941303
0.00929643323255245	0.001511256435648329
-0.029751284379949148	-0.011057335493312892
0.03831690954664171	8.33629496031334E-4
-0.10947600372186837	-3.0082622459569217E-4
0.07589272020234973	-0.0034699108753233213
-0.1048733634786204	0.0013390072788553027
-0.04188666624608087	-0.007098658396588057
-0.021580970478646398	0.0038162543144367655
0.010068371589445358	-0.0010082387620748683
0.023190237816076882	0.004819342354909909
-0.02475292330884265	-0.03756191284044969
-0.04885199701864716	-0.0012942551108917843
-3.506100900772791E-4	0.0034291185248236968
-0.06978343884049833	-0.11556099787879509
-0.0023612943432701726	-0.001229000777736892
0.06434209172492168	-0.04695553621217712
0.036403673736611804	8.20537872023747E-5
-0.02049736300151102	0.07012970222115149
0.026717527204166567	0.012385582404265053
-0.02325169493273553	-0.004058725600954142
0.09400505782827086	-8.18932082168682E-4
0.10689613535931478	-5.46336855892396E-4
-0.006215033016629254	1.1514466593376017E-4
0.041731979824672194	-0.0012749920811113424
-0.07002612868479867	3.9242921935873866E-4
-0.01201829112886907	-0.006337276019299091
0.05123192916648951	-0.0018531845986491321
0.020906122228721888	0.0019017689662456066
-0.050831245543519164	-0.020602765723472007
-0.05853008578277237	-0.0027491612560125566
-0.07255184274917868	-4.75029703782682E-5
0.03132842842780457	2.5801901133960597E-4
-0.03615459825364906	2.8200835526919415E-4
0.10537009908227797	9.78395297924261E-4
-0.027414841493971664	0.0016822606624911098
-0.010121753336233136	0.0024685855198930615
0.0016286465536876715	-5.131018341344711E-4
-0.007878111603743873	0.006517623603725381
-0.07199237181011617	-0.01598723226722177
-0.029173126988002496	-0.007637264067177023
-0.048537949761180255	7.109838729316318E-6
0.020661458614090307	-5.264096866808261E-4
0.0655566205566027	0.001369002012174418
0.029166649902972564	0.0113943536459948
-0.06824499194885204	-0.002621962701852951
-0.006694907673395753	-0.013041247625992018
0.00117833924290138	0.001390342975149151
-0.031345412991635443	-0.13523843448660608
0.057719147715458864	-0.002141961933135672
0.025930008503725677	-0.011662420286574339
0.0031634798356114957	-0.007066332396082994
-0.015765634814978842	9.730271046558379E-4
0.003989841395901993	6.447054026671969E-4
-0.008017647251546758	0.001674197535325676
-0.046240064021889016	-0.001786456470479045
0.03366263920939399	0.020510547080691825
0.03148479567697134	-0.004772822696446264
-2.828984507354232E-4	6.840021371296436E-4
-0.06893938716835524	7.746185011914869E-4
-0.0337421423944847	0.00291794334036081
0.09398239879458725	-0.0018799039089750595
0.08424863281086202	-0.005156429115973846
-0.0782169275836299	-5.047827208289574E-5
-0.02658681584009341	9.431611012905364E-4
7.944109308842777E-5	9.879695329453283E-4
0.018303857972772015	0.001135159456247707
0.0514363204707933	0.022981698696153924
0.06505703694119419	0.0023044266230008146
0.03023450529278171	-0.006963626886734371
-0.022940427621798504	-6.525147046146018E-4
0.049725498780451405	0.005383619897228996
-0.04642397996885471	-5.355636133385549E-4
0.04162480218456372	0.0037706600308057563
-0.0245866338695488	-8.183405894289391E-4
0.008917205390622854	0.002030165036589659
-0.06015266503865823	-4.1527334159399996E-4
-0.029904250550774607	0.0024560202744027984
-0.011488729155730832	0.004269275348337698
-0.05899548020201369	0.006837690757480327
-0.0039474891836175745	-0.005378276376701698
0.08270071327845266	0.0033655715288435513
0.04945011494311812	0.0012207971508853294
0.04164503076914499	0.0029440270364618397
0.04194318871800098	0.01277398994984811
0.10071199559936787	0.0012394412130830946
-0.028412621050661828	-0.008955192949911981
-0.04554227908865564	0.005876142928472651
0.02633161513810994	0.0031033330179677417
0.053426414665289274	0.0017991259027835725
0.028910108362922557	-0.005003983479204425
-0.010312151557966937	0.01045477509862273
0.04269011316681555	-0.0013941781001728768
0.028425053241519376	0.10631268262748006
-0.05737839293834401	-0.0034354164993987517
0.07629429283995368	-0.0055553893897562386
-0.041198989428036493	-0.0018408641524015423
-0.05376702606031317	-0.01070460621901788
0.01698615167378858	0.00982984576274452
0.12449549320854583	-7.51874575523053E-4
-0.06592884190768412	0.0017845765443462727
0.03845788693787178	-2.2727547635735106E-4
0.02782513422589425	-0.0017260633371284782
-0.03709310422801896	4.560125467559087E-4
0.0021252938140802194	-0.0024071988801194237
-0.0885560327507049	0.0028082967797074636
-0.022089528991382678	0.0018578943907988003
-0.07914132194648227	-8.38867114882655E-4
-0.03195171220348225	-6.567239819526617E-4
0.03580157421926503	-0.0014807294855744447
-0.055056971617171886	-0.002101083013421076
0.015586264854790423	-0.0013794655485214592
-0.02830586449044752	-3.3527677841399767E-4
0.011510492119480081	0.024463039413603987
-0.014534089875552735	0.011023507276471839
-0.025564068444670747	0.0032210773949977764
-0.04027326995768708	-0.0024998136603482327
-0.07699242820381812	-0.013219404956328243
0.009231166443047872	0.008033433739468845
0.013299167218680782	-0.0017715557668050287
0.07055592306856119	0.009262551948483477
0.08955525462021896	-0.0016040007706011655
-0.06659304554881673	0.001474670353782713
0.05160409267219266	-0.007782905503159437
-0.024319504350833923	0.0010593166237001274
0.04625808278975353	0.001695119379987664
0.07055021621095839	-0.0019148327032686345
0.022816710528741558	-0.003225065856386598
-0.046825011620824634	0.005452507768650168
0.015439651074698595	0.0012512719487140376
0.07239258995958593	0.01109664709048686
-0.09488772914448323	-0.0011772970453094618
-0.0435481322692198	-4.5004990400300456E-4
0.01737967720363849	-0.0035166454635535056
-0.017846104043235608	0.005521956121692245
-0.022015261840263634	0.007004880753651218
0.0882166644944801	3.360728770087219E-4
0.03781867716847916	4.300133398831458E-4
-0.03881321451526101	0.007891284918295197
-0.006425231357001591	-0.026804323407994886
0.009089471374774352	-0.0026362458184532385
0.09286510976441192	-4.0799016355482924E-4
-0.08659301350065673	-0.08266402678415938
0.031235529240064952	-0.004427604460660029
0.012216140094235666	0.003874254075829384
0.060865004293323435	-0.0018509119292429942
-0.03985552201077443	0.0010676444783663853
-0.01568094992942292	7.402568299757396E-4
0.028106980390934316	0.004260863373782052
-0.026900349494418024	0.001831307808803808
0.1131775379224226	0.005831087048926829
0.08186626852227748	0.014386559119898702
0.06560970681430621	-5.511277835869857E-4
0.008564867883057343	4.575780517855507E-4
-0.07552893447956704	0.0012444367110511535
-0.0016199953084556273	0.0018051827175140976
-0.012572398433582606	0.001988271514462775
0.013622860376968804	0.020628760319546018
-0.07269437982705135	0.0018932277974004128
0.05830375912210575	0.006503675270776501
0.02280535774183619	0.00217594790155017
0.018396503926702668	-0.0027821798738862616
-0.027156389036463387	-0.002032476034094307
-1.1032380987327256E-4	0.0035828275174119525
-0.00369519766368095	-0.008734872568806194
0.013524117238770644	5.546477621341074E-4
-0.033576303551384294	-0.004200000502757162
0.03010180527521434	-0.00137273318007704
0.02345140551225005	-0.0029186649551251427
0.07714070269369426	0.01335706748374004
0.008249457722726396	-0.001762773425302288
0.02741079643456594	-0.0037709275887038303
-0.028255561032253563	-9.187437375658012E-4
-0.0028008066124702003	-0.0018088612748409288
-7.949540368221552E-4	0.004176465286064966
0.09279581595828344	8.383764713603668E-6
-0.11920819234003606	-1.250483845468875E-4
-0.019532463960860703	0.13018455346335406
0.12736112922927986	-0.003713219677867565
0.017110330467412935	-0.0010821119026706303
0.05393594964565317	-0.006771706078393258
-0.06641098096669908	-0.006322570828170975
-6.461381219062211E-4	0.0016322592107961098
-0.03637252734136997	0.011467762063978877
-0.03995710919901881	3.326024954799776E-4
0.08555750113816002	0.028868834282833104
0.06103938434133458	-0.015104087029593491
0.03157029053769865	-0.005856805932187179
0.031275030692245284	-1.6225138413571163E-4
0.06405185672381904	0.0016583078851658533
-0.0025909798928703772	-2.617519260043846E-4
-0.021601709339389537	0.003079831307755313
0.038560149806288066	0.003789666158538875
-0.08943322372697836	-0.0018847356394633616
0.09691347571225904	0.004075658091069743
-0.07080346380654169	-0.003145222005530924
0.006402884761079481	0.0022869203588661473
-0.009350978165497409	0.0011388700373930452
-0.019171219255864052	-0.0016792019880249062
-0.031954580531011974	-0.005015234889554697
-0.04756190961876915	-0.002630762101771871
0.019245703506157008	0.002098129454546536
0.026008866563550136	-0.002657000389584804
-0.08446608798747514	-0.015105265100019381
0.10832924322259956	-0.0020857431390865805
0.04394450531280646	-0.001356151508716012
-0.09889540484851389	-0.002178564127749365
0.005101151032753868	-4.584999946764875E-5
-0.053626815918015304	-2.0247605425291042E-4
0.06629760787552523	0.0016020963299756721
-0.027074214141875625	6.842247050692479E-6
-0.030411781715737468	-0.028775543415427658
0.04708101496601474	-0.0022367285828136176
-0.046938297618574085	-0.0014572257147439742
-0.003043591118549737	-1.8464222100432308E-4
-0.04100561460359745	0.0028170068882699528
0.04218175400623926	0.0014008109306013986
0.02510516735617947	0.006891325868146826
0.07346516591235941	0.005231389869070244
2.192035394766735E-4	-8.791882268362431E-4
-0.036862520659489806	-0.001298101706979841
0.06211849091614961	0.014424943849897016
0.04334778600521029	-0.12899335889975008
-0.010735577949392882	0.2638606149538644
-0.023597613005845813	-0.0024776085885167397
0.12322810802709565	0.003372122992877908
-0.030682389359309507	8.871304366533291E-5
0.07558380328390205	7.981296318763041E-4
-0.018840770427352407	0.0035104423881394792
0.05895399295530983	-0.00354151071698458
0.013365823441291254	0.003059209927390493
-0.013019172027005437	-0.016879003469077922
-0.03392796151079205	-0.0036599524603087136
0.016321790654693732	-0.002769780255989751
-0.0589005500649603	-0.006648658652546866
0.04210157645998158	-0.007282719812714397
0.023956386073318705	0.006197960097449317
0.11249572952599485	-6.904926666498146E-4
0.0018316646639392935	-0.002184807841256209
0.05476528655337459	-0.002632987412698438
-0.030765403192605453	0.0016371183939744615
0.009582134848643876	1.9300729551170533E-4
0.05993148675277251	-9.725870688662532E-4
-0.003545610152806298	5.737353429808975E-4
0.06115366062583263	-0.004006392674416967
0.030716343191297006	-0.0037205344329605916
-0.005158774976124033	0.009360612419740153
-0.026323289013289498	-0.00112196953913728
0.021101804697091987	-0.003345098131256628
-0.081668824456444	-0.01193687207543852
-0.04450026393901469	-0.0027815052283951904
0.01096110427691519	0.0025574312733302254
-0.09143097615798641	0.002531317560343895
-0.10182335704463953	0.04825740579413973
0.026825775170636754	0.001624411610450402
-0.012222402058657987	-8.702941627082099E-4
0.01339599172579318	0.013819685202155577
0.04226992220354725	-0.0020687327564648294
0.037837112572289965	-0.003383536979623666
0.08289819408844828	0.002404396478123479
0.04844185142284177	0.03083812308024625
-0.0014615781931639235	0.0882431813284828
-0.039492466782927164	0.0018508344554357106
-0.012196719191345882	-0.0016406005145005855
0.03049892509961377	-2.919143323436232E-4
0.01063603235644265	-3.823453153147703E-4
0.031145411631791384	-0.004520043954998486
0.017599627330791113	-7.968399767333624E-4
-0.004602748422937847	-0.0017004981764747716
0.07202157759242714	0.003381135238518352
-0.060962595401613966	-0.005128700156445796
0.04761119870864218	-0.003998668613903469
0.08358001840327904	-0.001792579143657291
0.06708244891666736	-0.0036263299634210874
0.01614957654011584	-0.002892259333093535
-0.029414634876246046	0.09560816819965974
-0.03349088308866924	0.003232291236189595
-0.01913047920435006	0.0011160306761431253
0.012153595034245877	0.21953632085907823
-0.07694826525715268	8.553433044305597E-4
-0.03095022769436212	0.0011915929365660346
0.06023284971759016	0.001062586456449933
0.0259413946710903	0.003112428422524869
-0.04424088977962905	-5.9587674921987426E-6
-0.024718240730881715	-0.0024879155704815867
-0.037133274880758155	0.0012267059019135508
0.006081517409802651	-6.357462321994519E-4
0.07420828836295958	-0.0038385146371708143
-0.056094995923149524	-0.028584880180157
0.07652789683358735	-4.518670244199417E-4
0.025319556994703413	8.049267985135662E-4
-0.007784548301502402	4.3517670294565704E-4
-0.028265140903045168	-0.006288573509355345
-0.027333795487320015	0.0012119979160335845
-0.020057180662744166	-0.0027003278675381544
-0.06620255134279472	-0.0022278881876265973
-0.012918462222870193	-4.5785827001783194E-4
0.04351618756684634	0.0029576996963815586
-0.016983380413348192	0.016023432086823292
-0.010916103774281804	0.00423500946038391
-0.06347768539757126	3.5161171495372425E-4
0.01742424627057168	0.0014853784572321093
0.012420025675138823	-0.0018046481501636585
-0.030274179239671312	-0.0011947568993993538
0.0036474117916071333	0.0014711829829678444
-0.11514524003712513	-0.018566045122598462
-0.042892561555776455	0.0017384289037568185
0.03983138058183651	0.004651724405360134
0.09422953234518029	0.014202637298434049
0.00734588842957668	-0.0014538769610364843
0.028520546659580447	-0.003401847767749968
-0.029281123585561595	-0.001048191280560345
0.02725435740636422	-2.6711420045288665E-4
0.09525475302254864	-0.002050431836901724
-0.05386553102505685	0.0012526446650902594
0.004651700815460834	0.006847829317396286
-0.04013006156451848	-0.002033964834469502
-0.06334198887646762	-0.00159416745427499
0.053850294565989776	0.0034817845279400883
-0.015903167179351904	-0.0013646389539041309
0.03508124820295046	-0.007398089676893438
-0.0328745508222072	-0.0036313428959100676
0.051785162655682344	0.0017090630192325286
0.04963426186593348	-4.7055022580754375E-4
0.05221653755240334	0.025050992545516664
0.009808538518108124	0.005593685591960648
0.014375086270486217	-0.0018632052589457276
0.05811590518466394	0.00849160970294952
-0.03600146997092741	-6.67855599279097E-4
0.016975484111260136	-0.009931008575593979
0.027811553284568063	-0.005091725407870247
-0.003372679187293953	0.004594740655000645
-0.005030651815498756	0.005012064768800357
-0.08433017358473627	1.1906873676722844E-5
-0.012227781860377616	-0.0020279214141143164
-0.03784683000708141	-3.723180273935921E-4
0.0540757262578193	-0.0029833145438219097
-0.05093515794366571	-0.004295349989084318
0.06335615221638397	-0.00833050743775854
-0.02820417813577336	-3.416551206206523E-4
-0.015174385054367997	-3.4358444405791205E-4
-0.04532764908254371	0.0010796917869776773
-0.03385416529538715	-0.006195174045517201
-0.0024284609136195155	-0.0032915831410587175
0.08242959406515096	-0.0024355777130581975
-0.0210304288481134	-0.005448960885760843
7.956160618007263E-4	0.002538071294948835
-0.06944850384152834	0.015685476321371104
0.030313175582792402	-0.010318636096183142
0.054814410616880145	-4.444262035410647E-4
0.004790386213087534	3.284804694852326E-4
-0.004478384622963495	7.256504132591812E-4
-0.002980093615013149	0.002878217202321501
-0.043540696158472864	-0.009519756096223823
0.019976389219226568	-0.0031115857654558034
0.09961995469683607	-0.004392077438386368
0.053678045393398856	-0.01164603736315963
0.05939487930512807	-0.0029531507873793647
-0.020490431235648775	0.05696075859426402
0.06561780774462765	-0.010187123422521222
0.033877172253515254	-0.0030479332513348644
-0.02549747035938978	-0.0010657106454997473
-0.030762117281086063	0.011834294546838861
-0.07570947240371774	0.00516451292434672
-0.013414708444867205	0.0010283925058804204
0.01828561380496198	-0.012733511113286907
-0.03360763396818422	-0.004356273546790525
-0.0074790063405252285	-0.002050738397916173
-0.0058441494048391655	0.0028259891014481694
-0.039057122809277665	0.002132080112045259
-0.03559709759394927	-0.003405526408646556
0.043576424076090484	-0.001171869748318924
0.016292573549492668	0.0030716090583644755
-0.07801142651667753	2.618414163694213E-4
0.09969813702892741	0.04055520905021322
-0.09755218028173343	0.001426358924080265
-0.09948465707323052	1.3330160865866866E-4
0.08392919653168894	-0.003747490508175484
-0.023707445537708288	0.008775490862394326
-0.08380348351186657	-4.855740471885423E-4
-0.034095943096421846	0.01939352935149893
-0.016013282875076043	0.0034471011887790884
0.129685963684601	0.023824166445072903
-0.054276179214183484	-0.0034441087500586896
0.005198732963738591	1.9389996303395944E-4
-0.04674417947709155	0.002831001955133429
0.044528631166394446	0.0012973111611369245
0.02131495238172935	0.00750056855138241
0.03826357139005917	0.0012235289294271234
-0.039228902665810875	-0.0039239610726277425
0.11006269268007456	-0.0021315151030041534
-0.019405770279475727	0.0025590750824792214
-0.03868246034445532	2.3211355867130783E-4
0.003814513271995043	0.0017159805215970364
-0.05295005206935274	-0.03093369552144222
-0.02984805640454982	0.0013797600562291054
-0.045989922327206854	-0.0016347375306474956
-0.0951269695639033	0.002036629032253424
0.02597671735920246	-0.0035814045936234428
0.0062056641531855	0.0069382378798001545
0.06591819051478323	-0.0033858482863794526
0.051093413136686555	4.59191477517564E-4
0.019308231408352444	-0.0034561434907315336
-0.00879606028797424	-0.0036971643615478847
-0.016264040279341262	0.005729028802874154
0.0196190587565092	5.93911598495618E-4
0.09523709926141194	-0.0013212302825939307
0.06663000423127594	-0.006287094262144475
0.07911920721922533	-0.00468736605281656
-0.010935739905367283	0.0023970335621267447
-0.06795500162484566	7.290303212687389E-4
-0.002425135575436934	0.0025193456852975744
0.024256616532942952	-0.009539957312856851
-0.016032212599574314	0.004484397927306355
0.04779756428765907	-0.0015407656293476948
-0.0062146010273985836	3.903035629849004E-4
0.0037977639578280838	3.4204486841569407E-4
0.018511669600003177	-0.003628880408228185
-0.05040835338538967	0.006069628167209461
0.04721482270727237	0.0012863098344071922
-0.0688100177574857	0.002894171061633463
0.01965132990713089	-0.010202024883057565
-0.052982199628995474	-0.002295927549190185
0.06253385550794176	0.0010205659732038651
-0.05289781846048693	0.0030560838643170344
-0.025525697223950462	0.0017494007061937965
-0.0724603259764519	0.005918233743743983
-0.09698179261965506	0.0014631679259050811
-0.06799937976994479	0.0024576011196759265
0.06765451251704975	-0.0011496515814474965
0.0022486966752821927	0.0046634102471436074
-0.016077892621284725	0.001073189773834984
-0.10434905427006026	0.0014690828440011572
-0.04296209734855297	0.004003962532157017
-0.04838114286330968	-9.279780861486167E-4
-0.03526336807318867	0.003922228726349497
-0.017770519667732926	-0.008710775658866592
0.037964567005888995	-7.705243972901648E-4
0.04415472847746408	6.845008366871459E-4
0.004773835758144366	0.06617377459325094
-0.055698003788990154	0.005264542783870385
0.04562409770508694	0.004271193970082322
0.02851773382241315	-0.008152381078471624
-0.029234280523097525	-0.011599327089374492
-0.002966572429403	1.4276704711356402E-4
0.0237915666834515	0.006540923611907412
-0.031493539967504335	0.0010677454061131008
0.051168916208959844	0.0037694949902623088
-0.03949127382195984	0.002226508219840273
0.03382512669654536	2.7984775608294366E-4
0.05945303244636805	0.003702966753840882
0.057460075233421545	0.004595138249278016
0.05724337638328409	0.012779200921436185
0.007078866694498044	0.0063096323856057235
-0.054616842263260655	-0.003718037440561995
-0.004689306124980157	-9.410568673059293E-4
0.045870077307116126	-0.0016081584456303414
0.07710450154285921	0.001500503290702164
0.036935178092888835	-9.74568729227188E-4
0.07325641772039096	-6.866455794014255E-4
-0.02112015633143773	2.57721672748333E-4
0.025937243573255844	0.0032910950840059437
0.010805820026678365	3.512039247035323E-4
0.13051611640766286	-0.004424830797755219
-0.03175753207790368	0.0036345516412395387
0.04057150846549494	-0.007951152129513295
0.024912285505775213	-0.0012631478271361856
-0.0334338390078004	-0.024411156508112215
-0.033453736091625365	0.001116107712965136
0.01976745098667976	0.008637547679108354
0.09484577934180388	-4.41048305650106E-4
0.04156969364442343	0.004176829013614477
0.02966166015358409	0.013785534752169298
0.0022141260358814856	0.0016483211360016389
0.029199833790274514	-9.096123130783496E-4
0.053105804397658905	-8.737529557749082E-4
0.06389751393525771	-0.0015264654290018614
-0.0748430543374988	9.739414732937691E-4
-0.04977127619390893	0.00421591643159228
-0.08514269369831541	0.06274289922315514
0.04227243781368979	0.0026458365494854553
0.07607824269023716	-0.0018408199095131632
-0.044691181115651145	-0.0035661014702267108
-0.03625446858683681	0.001629817935627678
0.042332547312774894	0.001682816732543815
-0.004476071327811485	-0.00468234050112793
0.03525638688768982	-0.04070642510893578
0.0452991754467733	0.019862481611568634
0.0025729870526569414	-0.0023619491863523796
0.03720037323936018	0.0030233334811433444
0.015340523788376956	5.857087507632325E-4
-0.03644165674658306	0.0010910847575307545
-0.05190676122733804	-0.0019178647531696244
-0.02775132031836735	0.03776022302315802
0.011796404451337906	0.0032564074246677972
0.0025615935970830688	-0.012406777055797232
-0.006288351091772679	-0.0023020182051660476
-0.0042090707476281405	-1.5132747663266095E-4
0.023143661605202596	0.008075734433177002
-0.025217222614913055	0.0010973572483146388
-0.04610501653471014	-0.004766561835097256
-0.00493552022811516	0.0046505824095611345
-0.09764619325214921	0.013885903057204683
0.023768831670782965	-0.003316782629433735
-0.017657234133310946	-0.00569186636018015
0.028383921053041525	-0.022572341629769593
-0.08392554703879333	-6.039920609901225E-4
-0.02622735165024887	0.006276133054392403
0.00144997326976382	0.0014154945138451828
0.10516961296236071	-0.00863891655547455
0.09554036224101303	0.0034081450048417724
0.027683185205326744	-0.0014300272972223435
0.0025951171327466423	0.0020415456566475606
0.007867565596132805	-0.0022282556922822074
0.05040808064103493	-0.0019339283967490428
-0.07425519594291387	0.005160208633993626
-0.08311364021854488	-1.643533599275888E-5
-0.08343979052002766	-0.00964863376731038
-0.03801659040729539	0.00512873133046921
-0.016943867773060117	0.04770050752262088
0.06498401634556117	1.5782361673350847E-4
0.07048167502897941	7.562811185328459E-4
-0.025595705358678732	-0.0017812764766608796
0.01747551747421843	-0.004957033729938458
-0.11283334957799983	0.0057388130078500675
0.037397367684431526	-0.0019468220487148223
-0.029520007847963218	0.005863814417016143
0.03180893663380335	0.005438062097744065
1.434989904063204E-4	0.005139948801130389
0.0032721678328243896	1.70952318828154E-4
2.6379920543300735E-5	0.0029345780018316396
-0.07243456572792248	-0.0012574723610353333
-0.02207067414008416	0.009907867710040532
-0.01735760073459825	-1.751218116864715E-4
-0.023854417911651427	-0.005866341568910303
0.005505241239796007	2.652136919356427E-4
0.061470703776872686	-0.0017852240368739997
-0.1070370455583201	0.0028273093791943036
-0.07139695959566682	-6.211976591205088E-4
0.013372074365082998	-0.0031643662012472828
0.018030425458777425	-8.364893902662515E-4
-0.041172402736220255	8.176964841655228E-4
0.053683148758950104	-0.0036361531924880594
0.03818234683002851	4.2700863914241287E-5
0.007315567490400424	5.492677445166856E-4
0.04244244434164697	-0.00913032381787831
-0.021922771763221587	-0.0019272397504543016
-0.04506587145995468	-0.0036513921429483726
0.062158956428689974	-0.001965280894469074
-0.008332667208407061	0.0037925603530028075
-0.13072996947335075	5.924919643089123E-4
0.060284416963938714	-0.0010829029689110807
-0.01639444584988113	-6.855283045298982E-4
-0.04709197989256075	-0.00606803539776417
-0.029184502071821248	2.2429213135766025E-4
-0.027493288049628254	0.0011644794965320472
0.010700865253636569	-4.164884600900936E-4
-0.05301991306027882	-3.2842105054314656E-4
-0.011999624388070144	0.03491457960898557
-0.05190396450772009	7.26824748845426E-4
0.022847872721265938	-0.0017075383385212002
-0.1440259680307012	0.024246887874339974
0.08676046381235385	-9.140439156307734E-4
-0.09334777129902247	0.011795341898176872
-0.05830424837722054	0.004970120696779496
0.027261523684405983	-1.7230561202880875E-4
0.024082732299343632	0.0024216266951445856
-0.0755294926167065	-0.0045200049640741835
0.020450868988007537	2.136650464651885E-4
-0.008069296837248469	0.002291346435559465
0.08684234121539128	0.012043775648223861
-0.005487832031912076	-0.012233569906151983
-0.043366096522654454	0.0012538362159262213
-0.056033486690992465	-0.0028345698203978698
0.039323639920841424	0.001770496284727082
-0.028567885558355564	2.291275183780938E-5
0.035867605251970545	0.0027832467962510526
-0.016927403444353017	-0.0021388714166107013
0.04593024181089912	9.363373432906941E-4
0.01187469191347243	-3.9080661329072723E-4
0.004045116304145073	-0.002759795708443386
0.018169346082351257	0.0016627091915677938
-0.06569471705954533	0.0030156389381878015
0.12344875302360447	0.005966698152632668
0.07084516913805176	0.06269937235265476
-0.039003002842351774	0.0014867399297993015
0.0025480079876947998	-0.005706006195108154
0.10368940461255036	-0.0022615125631414356
0.003617639287807608	-0.007142061591854414
0.012351668791095961	5.111785764535038E-4
-0.0032378986076587587	0.021415553708681305
0.05732491652802058	-0.006645946151433412
0.04383650090633157	-0.004187629046802008
-0.05686228127878649	-6.795108419855948E-4
0.007214132149343777	-0.01932293135295529
0.04083539079851288	-8.04549167011754E-5
-0.11911318670729215	-0.030948216268322396
-0.0505117537471943	0.0019538196163554817
-0.034749553623459356	-0.001286234546400601
0.002028539236970956	3.6120352885498475E-4
-0.062220563669529376	-0.003867352806389255
0.02167201905450023	0.002958021768340704
0.004349318029467614	0.004328228931204254
-0.0400528832367847	0.004423728775275859
0.054885312423150215	0.0032329835965307463
0.08788669205435605	0.0573379899204877
0.021371103232740322	-0.0041404058026221656
-0.03641608538882701	-0.006836034901100815
-0.0013786607587059562	0.08831011006988164
0.06853637466890852	0.006920541377626022
0.008898420545257609	-9.533072254934744E-4
0.0642545535390087	-0.005343076143832587
-0.12566018472992138	0.03783627466542116
0.02952716814842652	-0.015128404157741542
-0.03612407809449633	0.0024111178524156215
0.011692379844492963	0.05170169014491025
0.01129843430257063	0.02520347482192709
-0.020343623649491372	-0.007660807731390534
-0.08367208126310337	-0.0023834648025128297
0.10175668829337224	-0.002164269392486423
-0.035673693922958744	0.002182483326718717
-0.05361273761025758	-6.362397847427803E-4
-0.06076851571691516	-9.26327368455978E-4
-0.06515175450719173	-0.003678686449851206
-0.005266797923826311	-1.2957946623523545E-4
-0.0026269623144277027	-0.01226959859012071
-0.040826877234304934	0.0011299071394577588
-0.03304989690955113	4.2513713293912815E-4
-0.011528577747089321	-0.00116678881543211
-0.0411726096046943	-0.009539697752782579
-0.01039952913578516	0.005985380445341795
0.05658277177835547	-0.004743201823081207
-0.00830665779352521	5.38074508896112E-4
-0.011641033180876312	-0.007617498120662409
0.04321356094841004	-0.0032486055607848763
0.030787616485949184	0.020405397680554892
-0.0049508760428694605	-0.002439824343369465
0.003404544709430178	-0.0016652295814434757
0.013537703110818151	-1.5333164127308047E-4
-0.08548650980844778	0.0025596200061290815
0.07277558179306007	-0.0073813419361553455
-0.10962178253780054	-0.005165725145980451
-0.04532989636357092	-7.029403338106743E-4
0.0404882223137733	-0.009971779680215719
-0.04326117085910466	0.003894386985655896
0.04257087361576934	-8.282108533525579E-4
-0.05711298640742204	0.0058710161169476345
-0.04502182852898676	-0.005074126661196765
0.01443314803583296	-0.001596049457600841
-0.11600460721564983	-0.01074293299375841
0.0461896547861314	0.0033226519934714998
0.03462647437908233	0.0010583801513196001
0.036186371535550835	0.003473541311782635
-0.010864728295432545	-0.0015966222661609958
0.0851289914657096	0.00418045244801199
0.019854116226256716	0.0014575456028608365
0.06587771394158703	2.814941514503231E-4
-0.028286286859978728	-0.009496408376607361
-0.07339421097499274	-0.005331247010641624
-0.05990736964277827	-0.002739956636063081
0.03402799570796591	0.02109083987759224
0.07709584912278973	0.002086502989952958
-0.056126163978126635	-0.00162980302756472
-0.013491070611189546	0.0011122950381829682
-0.05658423610478498	0.0035644053850590806
-0.0370519138927679	9.701300634046772E-4
0.07461197652019294	0.0013389775801335962
0.0015137200376350087	-0.006890841551829255
0.07346656334914112	0.0054952751138655715
0.044486760123979	1.463045384247769E-4
-0.056928277212142324	0.0019904489796415924
-0.02039165159858434	-0.003844462032289487
-0.02243831577834819	0.00776608837578724
0.04759687602485378	-0.0021263356109342694
-0.051621547532868885	-0.003931643342989633
0.0649315626688528	3.3545228109978264E-4
-0.08392725627504555	0.006567140034955123
0.011049491948956889	-0.006160173536351339
-0.01782465628109615	0.002066531295728185
-0.03231315033200525	-0.002615287798913039
0.03540765361602227	3.7445222620451687E-4
0.0599500885473547	-0.04642494751645894
-0.07687736537422322	-0.0016615108578247845
0.017340356409193444	-0.0020889401949307075
0.006719788751320928	0.004141231421458349
0.004652435796177506	-0.16142079870934292
-0.06851119351426262	0.007389077348320142
-0.032225730772671685	2.708655109027885E-4
-0.07337380445934498	-0.0029428240041365025
0.07531981621557896	0.003850091554993394
-0.005784874334936864	-9.621800531141912E-4
0.01961890158917604	-0.003309895385068012
-0.07342100046535799	0.08678839137011411
0.05469816689578585	-0.0027136785706216473
-0.0015744477149040141	-0.0027915887185492993
-0.06561212764969539	0.015391006229819426
-0.004904366181303506	0.0013252988162483284
0.035495186857477795	0.003876356724707029
0.03341276795348606	-0.0028849087866611254
-0.06690613022373938	-0.001113425277126133
-0.013602901888286117	-0.06471275888932393
-0.055866758642099945	-0.0033156079838461442
-0.013528020239028092	0.027101285216309695
-0.06193026384445966	-0.0017117483933182006
-0.015130980412032523	-0.0037146576570970314
-0.07943114011844417	0.0033010053418005936
-0.07928781383480045	-0.0016073089465717812
0.08120330150093212	3.6689680331866513E-4
-0.02479857000458708	-0.0018308827450942875
-0.02173527620545924	-3.7194730808198177E-4
0.030164691405287134	-0.005021933169611907
0.06694373987524121	0.00415580571096142
0.013576118665709671	0.004380706324557484
0.04213023803673736	0.002838191390421519
-0.0335034918869071	-0.0052957816125348825
0.06273030133795277	-0.006426201078257134
-0.0038138767898166005	-7.234098695871425E-4
-0.01756258812993071	0.003327472283882932
-0.025182598487005586	-0.0015642793994642059
-0.016290403975416073	0.004252775813553631
-0.001671457120191966	-8.674563970288416E-4
0.05234887429011431	-0.010030827823928624
-0.01413979217264298	0.0029417357930224524
0.07276260608414939	-0.0011388507764238842
0.02976703573653249	0.004249856034569073
0.06721786466821393	-0.012104010624673008
-0.005086405482732031	0.0014899783116278744
0.016312175334432247	-0.010778138686389483
0.01738339207299549	-0.002584129465388876
0.036797596640057065	-0.0021544896383330066
-0.05949305623795475	-0.0017037623080342313
0.09382011611506524	-5.625852239417088E-4
-0.12686648455457436	-8.307483400880494E-4
0.007537183282051435	0.0035828961110066864
-0.060856843095336344	0.003074399207149881
-0.06007426582014534	0.0016880295934143398
-0.03648573906132926	5.970022128547684E-4
0.01836915669528559	-0.0025905346811390755
0.012020626799784462	-0.08605882264324399
-0.043534512885888596	-0.0024516992896832313
-0.07209378914760509	2.7152228104822943E-5
3.935666312708056E-4	-0.001816923052263693
0.12412041839660055	0.0023040230917368005
0.006321138992128126	0.0014205238313726065
0.01801488215149008	-0.003364820041179809
-0.008891183236985333	0.0010734559261242177
-0.06485550919663868	-0.0038444771722409036
0.07530650315633487	-0.002266990645333171
-0.052417493112157494	0.004378834475046348
-0.009324772396492398	0.002890725064093435
-0.023568817788297322	-0.0011511324987561002
0.061364695832513645	-0.03796984318095052
0.05378650466132049	-0.009988474508339562
-0.044013047505395114	9.947552058417629E-4
-0.049303411653253	-0.006104100417998057
-0.08752761939848337	-0.002390839393303701
0.03611668500247002	-0.047935420506674487
0.03832055999335375	5.316847293357918E-4
-0.07284760892168696	5.997118955901536E-4
0.005344181956807008	0.011824851399369962
0.01635889263147441	0.0024970894029294624
-0.07515341422856894	-0.003501915507103959
0.025729958336801636	-0.005327910910561522
0.03270381262335927	0.007754029772351597
0.04236729328562799	0.007958958347098982
-0.055190691344849704	0.00591908835808766
0.0876711601441715	-2.926902852601717E-4
-0.009602819040562139	0.004372636234913385
-0.021544353212182274	0.0026317468613507983
0.04031135000183458	0.07592894802933482
0.04173910109949415	-0.0012021554161927737
0.060166630501840894	0.0016746662854422191
0.011580473301191323	-0.22782798039830363
0.08531040219337052	0.01723010709504156
0.016152661588756716	0.002534545736431894
0.019297597322705636	-0.009364011433746839
0.005036129835561874	9.560413499103879E-4
-0.013836469315982468	0.05072367315262482
0.0546586285294335	-0.0022121486671262637
0.10203856936884859	-0.014339818307774097
-0.055728156591388536	0.003025468918974015
0.017181682945893714	-0.019173597078305748
-0.02111031200610906	-0.0022361956626045856
-0.0015503639021401026	-0.007533558085752136
-0.008011851327573725	-3.0007361305911545E-4
-0.04410614989059832	0.0020590973242174794
-0.05053604515815333	0.04946926412758394
-0.04200391609034624	0.007822147087783489
0.0010809269933622812	0.0021183030296198155
-0.1231828052282677	-0.006365498560857948
-0.08054980538665259	0.005053660509362125
0.006255868574341038	-0.0018493110816435207
0.0033654425142177844	-0.0021678975135617966
0.08400004081806423	0.0017722656124539798
-0.038431656611020444	0.006545837612805732
-0.0141999379953837	-0.0021902717499901634
-0.024578754024272308	0.029211668815041166
-0.03689634282803705	-0.014654985660244174
0.005057953885224862	0.001438575614301113
-0.07098230670729978	-0.005709228865137704
0.08981776987097397	-0.004088515211316758
-0.04028075560523677	0.08574237963049716
0.08871317147658653	0.01788278484890802
0.0011304164032024202	0.0022028780759225366
-0.04227609371525942	0.0020724762929226143
0.1626703401771013	0.002453947639791768
0.03471538708385588	8.010730703186855E-4
0.05368026976369151	0.028816294581864535
-0.025939107176386453	-9.322677256282097E-4
-0.07527814666320926	-6.993911447458063E-4
-0.046613318802108436	-0.0011265417886451904
-8.846001941601204E-4	0.0020051845710821682
-0.014060890835183233	-6.005065859605032E-4
-0.017276208215812442	-0.015194477342825464
0.037580061358088494	0.003980991035663151
0.046296261768567125	0.0034851878468700717
-0.011470446409522776	4.4185073432704164E-4
-0.013354379617334869	0.0025286898328718155
-0.041353062375182555	7.239842028927084E-4
0.029996345036900025	-0.002602026434433357
0.05768640279741748	7.22221284425737E-4
0.01833674008624879	0.0015443599699815633
0.022846687139714508	-5.897654952132615E-4
-0.033822768324628466	0.007494689263601085
-0.020715549657906746	0.0115482888207554
-0.053904115003219906	-0.0033266543324532182
-0.05712444803540834	-0.0030128205841193525
-0.03484548667215831	0.012473424117468412
0.06103159694650057	-0.0038817923573481712
0.07431777266582788	-0.003377802210290215
0.01905714317236692	0.0024808456064458907
0.01806234662806722	0.010406077826029224
0.05848330737126009	-0.0026786051973923665
0.0537218534763462	-1.1555853133710996E-4
0.04200115707261912	6.585921636443968E-4
0.0445386579161069	-0.013530561756694587
0.086789937025864	-2.3498198796297276E-4
-0.01514809927029798	0.0018444726215718925
0.07240370686401845	-5.016886082598131E-4
0.02111221146307039	-0.005995984798322058
-0.015913921287399147	-0.0024246311689690623
-0.03551630778324801	0.012621361140248004
0.0545657137809631	7.603173000396245E-4
-0.044554645735164496	-2.553521390866039E-4
-0.005900536035223539	-0.010707930626745465
0.06583501567693163	-0.00334960277665178
-0.009978992846131829	4.512949118561251E-4
0.05960202345816432	-0.0026062529951962217
-0.0036297238636312915	-0.0024660922590605413
0.002905947583184868	-3.625680598444281E-4
0.0849072885562695	-8.744050931400116E-4
-0.062424808702696614	-0.021880096870447143
0.003385354235483044	-0.002759933294971754
0.0024826203619814943	-0.001380304454667034
0.06048302859624898	0.004674695765285888
0.051620140593932134	0.0034995852868243684
0.0740955235524277	0.004887938839716072
0.028947025609316775	-0.23946170235681116
-0.006296325268083846	1.5662047440329464E-4
0.027924234084273053	-0.004451844997095235
0.04329847999910737	-0.007461519995358972
-0.03685774225116929	0.008216754225801612
0.1064908667886952	0.01281713490319393
0.04687722199296523	-2.7990447545207185E-4
-0.04348176281517506	0.005328760177342217
-0.07098165321355211	6.854640528548334E-4
-0.004947239342113731	-0.043556038931559383
0.046161935286703246	-1.0405262749996983E-4
0.007304554942990353	-8.765601608318636E-4
-0.05062596519129076	-0.04610600589155784
0.0019286429756466142	0.007292015532097437
0.06062758463884544	0.004017529862514703
0.04386662595188428	0.016993014867068324
-0.05839256682247161	0.003218592555978924
0.04611325102763522	-0.005294188247316824
0.05831476297296387	-0.0032629248636565343
-0.03881073847077137	-0.016013150922790025
-0.06486145600822804	0.0014069292595198196
0.050868068954713005	-1.5718526234987252E-4
0.08683339343445586	0.09541946827328437
0.023364949021892935	-0.005054242616725272
-0.015761464224957618	3.1374743457601066E-4
0.0176649864259132	0.00760475952298453
0.005793888237243899	1.4289171195422379
0.03962144114970641	-0.0016104872758733546
-0.01284634537214937	-0.001767903456261531
-0.10794377809319383	-0.011507823601051204
0.10565748089291446	-7.344998893414839E-5
-0.010163712841317426	0.023387616238533023
-0.08775788249045074	0.0030599350212320315
0.0034450009648826475	2.473035592379412E-4
-0.03952060702352399	0.0019726735130029894
0.04686792609710854	-0.0028524451376320255
-0.051798449743186536	-0.0017884812483304523
-0.022665892701285148	0.0012586845645189083
-0.00467354742293667	4.881148583926493E-4
-0.028497892714002913	5.187607922257633E-4
0.040631935661884166	-7.258505809895839E-4
0.00927077430356852	-0.012145012299443682
0.05572518295077483	0.003711362471226904
0.10666064773203299	0.005028428808668438
-0.03604711381148323	0.0020943074472482954
0.0889977265570889	0.0012366497539342157
-0.007966444937162191	-0.007433626990920276
-0.07830438924666366	0.006808168796046323
0.06540457796370958	0.0011582879729006746
0.00894672078231359	-0.002043663896889369
-0.01155783027455703	-0.004325622846182975
0.030978447188318995	-1.556370835508439E-4
0.04690508638583433	0.3447349241320361
0.1248369726268002	-0.017086315578288255
8.04905260401808E-4	-0.001977951097889556
0.00851359270231114	0.0021820699050633017
-0.11179530530743231	-0.005656881806442504
0.051979069339752416	-0.004631628809128801
8.803046401120938E-4	-0.0024636391056648333
-0.009283363522272972	0.0047535880676092416
-0.023597753642629716	-0.002227394381673428
0.009222019984343027	0.006393365801176307
0.02009251801773749	9.304274601450531E-4
0.024048706405108065	-7.623287748553824E-4
0.01507429896559911	0.002436186024715907
-0.12715668545037556	-0.001591441183630451
-0.0557060145385014	-2.2165621142073458E-4
-0.13393272005575382	-0.0013082841024687761
0.022348534014584594	-0.0010517518791541775
-0.03090238766761694	0.028731712733551715
0.013293266262587184	5.712199705024045E-4
0.035367411416109704	-0.002101836576318473
0.003933602934778978	0.00524191617356192
-0.05533572986234311	0.0025693124211004217
0.05268846752662638	0.002876577256035905
0.017402784113623757	0.004754882029004621
-0.0032457881467221608	-5.679538233630038E-4
0.07421780867471992	-0.011065839666487411
-0.04718291631178656	-0.014298991678518969
-0.05115402531823288	-0.0015278882381457464
-0.06132125197273454	2.862742855932015E-4
-0.0412666378317047	-0.007210564437827035
-0.1180058178564691	0.0013090038685769697
0.0638307087556666	0.0060777305646736186
0.03979975991081091	6.061295423100645E-4
-0.007815333623784889	-0.0010832198027584338
-0.026697690806067237	-0.0016030811926093383
0.08707460325070311	8.7302002910134E-4
0.027100262191407595	-0.010895597391133965
0.08273259537594418	0.0017278175384491817
-0.031007685148022483	-7.310786739139244E-4
0.03985964777999885	-0.03366786434765234
-0.07096604591345142	0.00717794869307137
-0.029871362085042874	0.028452923763153684
0.0038089936900192636	0.003333722264534069
0.07671001946910928	-0.0038279608591434075
0.05804471668259783	-0.011584874934958378
0.018535711495769165	0.0011221042240041985
0.012101318724704537	-0.0019670667663038385
-0.01618471965339986	0.012658013729645003
0.010641063084983457	-4.855283077287716E-4
-0.008157650597286731	-2.867136672330575E-4
-0.009258401323056602	-0.005279134434813891
0.0458315211173742	0.0031391093857527194
-0.04995257683554953	5.809890869676429E-4
0.046640534647406376	0.0018970132487670173
0.006915672988576671	0.002400808040598004
-0.03746713099782875	0.005694789385739326
-0.03558264023579669	-0.01306224387276808
0.0057788185598631634	-0.0067569359267544956
-0.09834520105144298	-0.001996126056321181
-0.024708214461665413	0.010290389657425231
0.026532485278390312	0.0027722055807653813
0.09479250139040603	-0.0014722749139687143
-0.0021694880622333975	-0.004257604371546963
0.004423330748014621	0.007208845268081306
0.06970292806366808	-0.003942118967772979
0.005150543415541954	0.07397474193583038
0.04825898020985218	-0.0020432699122216198
-0.06992626522329051	0.014619904789375361
-0.04066737075126009	-0.03297403725708554
-9.979606592139886E-5	7.471741548407346E-4
-0.04819911316729832	-8.520409455806797E-4
0.025907650228520075	-0.0014026695336512795
0.08480717552440815	2.938578409084803E-4
-0.055508638712408735	-0.003746538745690735
-0.03348227355893982	0.0036935605766879797
-0.0699450854155071	9.918713754006477E-4
-0.020935780602375262	-0.003424548270441628
-0.012076168498297181	8.393312646426037E-4
0.09272618486329927	-0.0019719485611076203
0.018225884943690453	-0.0018560109201574524
-0.02969421062207731	0.001278068982163414
0.06823064831488314	-0.008972499477608925
-0.013731885485162902	0.003484490231943554
0.07550119279362445	-0.0071836637983476725
0.02403874567009743	-0.0012854198248945102
0.03370754397260951	0.0019741617621634377
-0.034344367520811596	-0.00418364230851341
-0.06289832295252042	-0.003427253070523827
-0.008065687594119648	0.0012616764576269537
0.06709284351419147	-0.0035520054527909167
0.022976381078216326	-6.343182583366249E-4
0.001046578248106173	0.01675332967762196
-0.043145543396482015	-0.008632786316156375
-0.01181009550962316	0.0020648091080861064
0.03797304465919603	-0.0045346131224375695
-0.05052348656030764	-0.02832128058663968
-0.062340405809106526	-0.001137394209866879
-0.042873634439675866	-0.001936844773942352
-0.05413881910781251	7.00744707196932E-4
-0.04867059059929589	0.06802077326402736
0.07439078626715548	-0.0075245201738785615
-0.06756828998258349	-3.147185334992998E-4
0.04142974604670948	2.3386759611675913E-4
0.03988448545937315	0.00629906741114995
0.0074618434169208755	0.007957741441860715
0.037250310632766605	-0.011132079931831348
0.10588279928625903	-7.811809356127343E-4
0.05683883749209913	-4.711560473728826E-4
0.062120602730758395	0.01116938229515286
0.10730588990499199	-0.001998146182300371
0.06734308078202811	-0.002940318584443907
-0.07345876022957408	0.0024034437306471495
-0.13407439370569346	-0.0016890192119815286
-0.0695303889001422	0.0016459623326690528
-0.012611811513051834	0.06418604757022532
0.11117324975571018	0.002674241273712409
-0.007763877364128558	0.0022792296665925067
0.026848435240221867	7.197709288334176E-4
0.04842420133333554	-0.0038027931797334326
-0.03132572503916877	0.0026792124567081308
-0.013279009964801008	-0.002973983931331135
-0.0021208587381765687	0.004545953220094531
-0.006600918675010714	-0.0517971373655992
-0.017790520947481063	-0.003218885886216068
0.10989239953142416	3.2129927614253656E-4
4.5703964747392936E-4	-0.024939847830722534
0.06941476243839599	0.0020036922284961682
0.011051817835946057	3.0718585466774025E-4
-0.01004442054433341	0.006555566283968007
-0.06378271210243217	0.0014597215384547174
0.052375891135088816	-0.007124434303668331
-0.0025487438621264796	-1.321059429687435E-4
0.07504597616744438	0.002014145291425437
-0.06345981817597274	0.004676235370474718
0.02200993554431787	0.009329246302799165
-0.011904860360282736	-0.007077424311964355
-0.09555863518403293	0.002267083220106012
0.05297227472597549	-0.0019056578371750392
-0.002551650346362822	4.1442564964300503E-4
-0.024993480055433108	0.003915905598760729
0.07969782702345336	-0.0033003396618002797
0.03665010036212976	0.0034343098632343572
0.04014219198203085	0.001882769759706796
0.015894330372841048	-0.0026191087789015004
-0.031114383844294775	-7.389053434290654E-4
-0.05599883476403859	5.052421855783865E-4
0.01924611368032242	0.0031917750708139823
-0.05644041988528295	-0.01152805738190427
0.09691783187749836	-7.385796776599276E-4
0.026429049162192176	0.003374467121247674
4.7529766677769053E-4	-0.005098896185813717
-0.08422741849178182	-1.6345376024524437E-4
0.10023166324879229	6.245770943733778E-5
0.07488624024478649	0.00693430084966285
0.04865470776187851	6.782381975741462E-4
0.06353301919304574	-0.008379675336385633
-0.008913990684257309	0.0024872433532931305
0.03185740149290754	0.0014516408922601034
0.031427496840247204	0.004256122041103573
-0.007898491035244332	0.004775001639010957
-0.043215247711319904	5.631114899924648E-4
-0.0314602983552113	8.875474013918119E-4
0.029985171409817973	-1.3088507621606213E-4
0.0913673181176457	0.10832035359206829
0.040050985807711326	0.002594644046775733
0.051843780372257696	-0.03491646989295843
-0.03915089851692191	0.0029146840067758085
-0.0188975057655173	-0.0036045083229095673
0.034907566333536005	-0.011438917817097178
-0.06769514929347482	0.0027822097642933885
0.01490778738782399	0.003394753665097867
0.056349089618162845	0.01396934439682792
0.010678702727187388	0.02690557882864588
-0.009371985570999716	-0.026510514914168372
-0.007401204232260484	7.836618027156421E-4
0.003776581287212414	0.0022595269484389233
0.05489512051410672	-3.595814456443656E-4
0.04636885884550256	-3.647900427025749E-4
-0.006227093785294936	9.158377641798041E-4
-0.1650394401479224	0.002088243714466723
0.02040475977947869	7.297592606809499E-4
-0.007640744531499406	0.03370603822736269
-0.0443324833573431	0.0049766475288001615
0.06549449047026494	0.10421779801338003
0.04947660321319289	-0.0024281555682916615
0.0777624388091095	-0.0015634412450077151
-0.027611827238261073	-0.006633220137649191
-0.03208682500650353	-0.0026295979771772645
-0.10100514927413062	0.0018307939864684569
0.015055716101711856	-4.8549200463849523E-4
-0.06363714669207793	-0.0018176571358479545
-0.02497025833855391	-0.0018008621814621995
0.04066881325537663	-8.3602808180617E-4
-0.05092758812946415	0.0030311308343226196
-0.016192488243236332	-0.06091345073683536
0.037669456109552635	0.13223034301841186
0.08374338234853224	0.00423466402612611
0.029358583008453343	-0.0014920662948775037
0.0341639970006255	-0.002725602224484483
0.054944619985465154	0.009735684578951144
0.05773883782450161	0.001255337451744437
-0.11080949675513412	-0.004828727465687452
-0.036902276673785976	0.0032535161117677
0.019133138491331265	2.970411550030092E-4
-0.01158643488366677	-0.549238896385204
-0.023457723884300882	-0.050737817604419706
-0.033206122638981816	-0.00443846244706229
0.04297754063520412	-9.078684894280618E-4
-0.032595214287733806	-0.002401104460910288
0.03140849562035218	0.005047369128212129
-0.082307594068	0.004611142839383957
0.0025003965948445783	0.0011427733821323352
0.011184130062786091	0.00373550738494169
-0.11438343523169575	0.0049422347659433446
0.014539808759210812	0.002030009916990978
-0.12910659617380527	-0.0036560340973474225
0.07742145499274278	0.00306513513086129
-0.06958760759649057	-0.009946741235801264
0.03548007795693584	3.6269618609300415E-4
-0.02675532882219359	0.0022831200030847456
0.007244566161555449	0.0015964744118970905
-0.04371866537308985	0.01093709713514694
0.01723648540899719	3.722801032018873E-4
-0.033255784550471526	-0.006540494816888254
-0.01723647297130565	-0.0046280583810497135
-0.008854089228343688	0.005287438678500484
0.06856070938968409	0.0017387857532600497
-0.04513665948695684	-0.004849214961557209
-0.10487810619924619	6.448647371172694E-4
-0.08535339723158177	-0.0013867685833164557
-0.011561719775567959	-0.002219928139442466
0.033858909438485296	0.0031767622594587584
-0.0522045298684673	-0.004589497652683986
-0.019120671751688387	-0.005742772864542573
-0.014320055078590353	-4.6871514410459933E-5
-0.09090308344942818	9.63330066778734E-5
-0.08633425826556691	-0.01492790080029702
-0.10208214303055528	0.0021283538372416995
0.02535483584634411	-9.923531040584022E-4
0.03135933858440436	0.044295619907159405
0.005448138805211461	-8.882355681662239E-5
-0.02461571216828432	-0.0029055352010048897
-0.027033511808231003	-0.006240162866706588
0.0494596416076683	0.004931433376539073
-0.06450110035773814	0.01739702156128416
-0.01710929025588123	-8.130250403838468E-5
-0.06475571414791556	0.00500204675282419
0.04692449764718497	-3.166725239324797E-4
-0.07379532894947038	0.0015429240746975055
-0.007068291757101311	0.001798998422323121
0.06908889774280162	-0.004201748778535831
0.055217429145787575	0.010279720722651183
-0.016505322058345255	1.379287690540172E-4
-0.00720792973478562	-0.007539633897355499
0.031553543046946644	-0.01719572943870047
0.05981070022686267	0.006045154269103717
-0.019526717770147757	-0.00374821233357613
-0.05417872989045886	0.0021072597593394795
-0.061428263315492206	-0.0018872697707098094
-0.09277048799362422	-0.0019509103654455752
0.09645690595314887	-0.01745995836713667
0.052707930928565565	0.002289019277688925
0.06366114407358442	0.003975075338398401
-0.03041047281078394	0.0031636263795650084
0.020522072970866338	0.0025231291699909
0.0489659507094968	0.0026117783494977605
-0.05255089965773382	0.0010393886025096256
-0.03449095886190733	0.003422790078695363
0.015161870600545127	-3.665206396861289E-5
-0.023190925605375768	-0.010016599989580339
0.02086257926346694	0.002625881758471491
0.0215992785928892	0.0033620330605959718
0.04737530441469759	-0.002662866613022393
0.011326882972335002	0.00272085704329384
-0.027306088889571006	1.9242257882899147E-4
-0.02058651591296395	5.50507457009002E-4
0.10454129339819994	0.029086605159456012
0.007363865995547119	-3.363846473805538E-4
0.0035907468300550027	-0.0028914099067855947
-0.03973182232606556	0.017140418042517536
-0.01648013542017784	2.109979090143887E-4
-0.055961569971398	9.06210083697919E-4
-0.07208026678607271	-0.007191588015537976
-0.009557746473408575	0.004324110077473612
0.08963413756558195	-0.0032350250138319173
0.021769098863495807	-0.0010005466335798285
0.03613377375493268	0.0016865247193068892
-0.048382946132614034	0.003807154087709909
-0.028896328905145034	-0.00371133390007591
0.0956437052212666	8.036150243512604E-4
-0.0213697374389999	-0.017342735402595705
0.03535560521319049	0.15962962692815233
0.05282597997776266	-0.013027954682900238
-0.009686561535931868	-3.976064328651301E-4
-0.0030380943651031225	-0.0021346374695341143
0.029929095392178796	8.179464817122926E-4
-0.012729196153911016	0.002990390192550061
0.014521647413319402	3.132935487953096E-4
0.08618033566617955	-0.020464967648176836
0.0012519672557538535	0.005666013820087779
0.036451318773901814	-8.646843534719318E-4
0.0011774560964066955	0.0017533499342778198
-0.001957655120299649	0.003400558724477214
-0.0069229082962152565	0.04415882876207927
-0.07372509399963623	4.654563778058728E-5
-0.03508186414461849	0.0054232390701427005
-0.10425859505873562	4.700341484341282E-4
-0.02454946440489224	-0.001342048590083204
0.07492606837107657	-0.8953903949791638
0.06915606276064516	-3.87639779356263E-4
0.06241429309613612	-0.0023606741910497837
0.01612900368955658	-0.003517087425849698
0.02874412166967606	-0.003025226886581534
0.026037377371654638	0.10721323669304283
0.016609036190875646	-6.179217762894547E-4
-0.023735162793190125	-0.0010615244661405679
0.0040698748739991415	-0.0015933332239483975
-0.04154491038523512	-0.002768813283828187
-0.05929717522539483	7.645215075198441E-4
-0.024896408395273694	0.0016148336653681304
-0.04367025231323565	-0.08537431636831255
0.021600844816431552	2.4827436464432774E-4
-0.05981312246801024	-0.03119302473818914
0.010679099576075834	-0.00798807540181357
-0.01280641577307321	2.1651964885676037E-4
-0.03834498954002332	-0.04923654602378296
0.008806248635405309	1.1479712118591018E-4
0.016412449325784853	0.004441827554263872
0.009533979808258266	0.0034356098792503497
0.005961931043981141	0.00324920060983158
0.05753554617136506	-0.0010958530363193255
-0.06411732992918857	0.0020514561384926506
0.09387357389960475	-0.016564011204688155
-0.06321331832158754	2.77595750999787E-4
0.02853009503890035	-4.8734318476640487E-4
-0.0012533768106261322	0.021935587354853736
-0.01307280056295125	-3.6213928612452033E-4
-0.007181858102791396	0.0018802712208478593
0.03508743450991209	0.0013242758376256572
0.06314127138014915	0.011622263176985073
0.13359244226572783	-0.3663640036465783
-0.0075327377864915805	-0.0031857701108883568
0.04950179236131949	0.003087849272793744
-0.08484613965098609	-0.001018861353515342
-0.047134740450454134	-0.0035250603268004183
0.00335036210943839	-0.001200442104981101
-0.02928729201695237	2.4652546873861453E-4
0.01456831343791994	0.0011386597697961875
-0.01711678114261887	0.0021578540057101882
0.04488251876929037	-0.001427573446691639
0.041299714966709325	0.0024274064328840897
0.017175631192999818	0.09819279775941467
-0.03547214921457767	-0.0010332495084841074
-0.08081117840835325	0.07343554080937476
-0.0588177513988208	0.002515464827391607
0.03741496138067186	-0.003898112234538693
0.0238231274667428	0.001256133280730622
-0.029094607755159083	0.001878402459176377
-0.03454075768873564	0.002063387224876827
-0.012923336194278972	-0.006776839979082915
0.13215578442774042	-6.492434903285961E-4
-0.06244870040832402	-0.0011756918630913347
-0.03842221790271332	-0.006721468970402867
-0.15295150760405055	-0.011390393004561994
-0.04388555691423127	0.0011699664085108145
-0.11414747487553238	-2.8371894132011346E-4
0.0360789435769262	-0.0029706872205931905
0.0020645858945988692	-0.43091810803004355
-0.019054851509326384	0.0035986906975216523
0.08102852775840692	0.005124651697254631
0.02783235582003144	-4.2257238195636467E-4
-7.338079800946018E-4	0.03828440762218318
0.01255954442738701	-0.0029444512642554706
0.005403507085825025	4.668278755616612E-4
-0.01822020729010158	9.833119243212315E-4
-0.005512560876379581	2.3141863781939848E-4
-0.0390052422377237	-0.0016224765989928417
0.08202590135908609	-0.00666842150541441
0.027234086002879316	0.0011242361189530456
-0.010964001271599988	0.0019143743158501652
0.06421785315960676	0.0026437717671452658
0.045766055994102016	-8.659956650424515E-4
-0.044997167359482594	4.982587926101014E-4
-0.026164527131629117	0.004778792641303886
-0.08577460353365755	0.0020631000788144784
-0.08091242222472447	0.00779131175032852
-0.0075897663277212915	-6.601499572527706E-4
0.0671504984663726	-0.04872698471869669
0.018725147070400933	0.0017058198791736492
0.06863050326377963	-0.0022391293284764057
0.024929127985067846	0.0010911142567973573
0.015570503239704124	-0.005538621945262275
-0.009984182131774018	0.0035182448456918393
-0.03723617250909033	0.001784116672842635
-0.01233576574599443	-0.022229081187580327
0.011666938199234483	0.020925709416643214
0.025448197089269035	0.0010355459603140556
-0.03722147750618067	0.007097794097582753
-0.024671000679122278	-0.005279826772786383
0.05452598372188065	-0.006546053384594452
-0.0984068259175555	-0.004781298156506041
-0.0734836835987717	-0.013490752248589512
0.005174814861624373	0.0029519526273339655
0.08853916401714626	0.0025728053509687997
-0.07589144182651275	0.0025540425338051124
0.010978779103456836	0.008655708169817037
0.0025834936773092574	0.002988012150191281
-0.0018503908510952604	-0.002406423656557713
-0.00520102862898951	-0.0019443193371554922
-0.04284960789119443	0.005865667824555134
0.006007867593841429	-9.230141776018263E-4
0.03834358895520328	-3.627225146108886E-4
0.04971225359609788	-0.006725880082895415
0.05600255022176172	0.010961793413654497
-0.017212945433485366	1.0883036132603794E-4
-0.07786750477054548	0.0016741242589086124
-0.02710997612319625	0.0018037777130398421
-0.010905799637920925	0.005330998266981799
0.04953097022287079	0.003902530833622872
0.01926395742090033	-0.0035191863248604637
-0.016605433606115126	-7.322654044778205E-5
-0.07177100470411592	-0.0014121960750303458
-0.005016032358331268	-0.005551948149003419
-0.07850928591783052	-0.02825960285955714
0.010892976282508335	5.286477619598345E-4
0.03789808838367957	-0.003961058311714762
-0.06840899450778978	-4.941041054439189E-4
-0.02604680994528383	-5.830367414707033E-4
-0.09488257399700503	0.014519809715730725
0.005358912094844529	-0.005741576801971212
0.09086190596234896	-0.0014924200411912216
0.029163748948997734	-0.0023784081182356637
-2.387286991787201E-4	-0.004125187202530369
-0.015346348309405329	-9.011236373161524E-4
-0.01708088520100508	-3.9244405943971014E-4
0.03310320284800029	0.0012451232755240139
-0.05521777819431563	-0.002063028460202464
-0.04627378625139781	0.0041895180943427816
0.02971743855211393	-0.017398881174852394
0.014921064360508343	-0.0035822221432186066
-0.001688622885731679	0.008135725799305438
0.08589332239052805	-2.224727414724748E-4
-0.025572821606287415	0.001491798047994365
0.007437468844889308	0.00276519016035781
0.08447707488765992	-0.032448340302319155
-0.016632521560548348	0.003177005806740272
-0.05928462051948192	7.393943351898587E-4
-0.07551793437543305	0.002181863579428982
-0.019076618662869374	0.008483642279291125
-0.028364952122712176	0.001185614854019842
-0.01734237491024567	4.0106184082784444E-4
-0.042584877105496695	-3.8486747214359435E-4
0.05004619525319004	0.006212067252865333
0.006592480070519638	-0.004999751630947172
0.01713687659676624	-0.0011209277468847384
0.012354907601309069	0.0017319065302529037
0.05992934295840583	4.342856007523893E-4
-0.10173867797537126	1.9083069249547957E-4
-0.10228048728875484	0.0031487842890281985
0.03327714378460568	-0.008609425171577348
0.030067224979870973	-0.00255658922315982
-0.0625848130904677	0.010977569394414206
-0.002893009075651123	0.002899868286032709
-0.006114870497917765	-0.015949862571888056
0.020996001303201336	0.11478430907276219
0.04642579970014614	0.27282472720761225
0.025890671254712148	-7.549276965773482E-4
-0.06547494691714842	-0.004492295751001986
1.3102630454897498E-4	-0.0030730057670524326
-0.023982923991010374	1.9526983681706534E-5
0.006439959770450847	-0.0022057986243659
-0.05268808237733376	-0.0022003405209618963
0.031127178596149777	3.7701616953853684E-4
0.013822689325444679	-0.0026825265984956157
0.010407643447120939	0.002199030370419196
0.032884299930136016	-0.0013203197499359056
-0.07320692230592765	4.2546253410712304E-4
-0.08082514807541774	8.159646149962604E-4
-0.047915177651890115	0.0030947972365923094
0.04524765071844577	0.0025363399136579005
-0.0033331021107927453	-0.009528165470484124
0.04045719710530181	0.01945400974324095
0.026423843695779367	-0.004514369729273018
0.04696960809695869	-1.0377679968585557E-4
-0.03931328791448727	-0.0034447661669092526
0.010391093815111559	2.9441097821723453E-4
-0.007756395536039958	0.004319363251786789
0.049236869896381354	-0.001495115871135064
0.09943918591691531	0.0019456684665213845
-0.02791756905399233	-0.006690303287466574
-0.07272020670862704	2.881807296639223E-4
-0.046686329849399875	0.001798256056077702
0.011510317943351731	0.0015423624390110203
0.0715327822575037	1.5811516456689035E-4
0.07252619193458991	0.001977229126102147
0.02678488240629979	0.002941466607632685
-0.006039413764582396	-0.09827176936136264
0.03806579809389219	0.003456133661437608
-0.03606788379287079	0.001306468856358163
0.05094395732413918	0.0037536635965353437
0.0016980154800922433	0.005073532598300576
0.061483178870699325	-0.0022805274759726325
0.006448950202965929	-0.004961186004245948
-0.01774935798670989	-0.001788555245106721
