x1	x2	response	response+gaussian	response+slash
2.0359712001556405	3.544040215729229	0.14930010569449478	0.13926054740424157	0.17882985092073234
1.7659933956152507	-1.1753546646519055	0.037811075632758144	0.02636054665676217	0.055416646849682685
2.9167895405305346	-4.4096484713003345	5.184103526032483E-4	-0.04991396743027761	1.9374897929765338E-4
3.692080867741101	-2.4798179710867263	2.7389753076787173E-5	-0.03260480435254295	-0.01802805304632662
0.09134659459030114	4.17340846502764	0.10947934887581433	0.09198456508224119	0.11002195300107366
0.2077835696903012	0.8120905738851114	0.13185054252400913	0.09790439462271688	0.12845224539123168
-3.7279975759639172	-2.1982305792294166	8.412765245404377E-12	0.009293463292801805	0.10006706486198481
-2.8277939032687085	2.022774651183327	3.0343398406614873E-7	0.0919145848304852	-0.005321472785009765
-1.0602207696236379	3.291190659553804	0.00785482013711719	0.017537746865040976	0.010777074888899613
0.6701845291958488	-1.940642294868855	0.042875675719643604	0.0161977689078782	0.04253310356269028
0.08600702297733775	-3.3728523007348885	0.012151960756349098	0.08681911092234157	0.011979164067001846
0.006366780727871557	-1.985237340495476	0.017477718161329144	0.027449735216983122	0.015698794656572642
2.4604414836209356	3.574261334805696	0.05033668064276883	0.09497361435891008	0.05499309751450854
-3.8005520200951857	-0.3194820923765409	1.0719070567457612E-11	0.0021381314365427817	-0.004628273907970399
0.5793330981290401	-4.445827776473319	0.016944500602279037	-0.06970874905874541	0.014808172269694015
0.8950795247697254	1.8219431326872808	0.595900250000081	0.5510803678023877	0.594299213665372
-1.532372178243857	1.9872398616393374	0.0011212116920984437	-0.023251186036198367	0.0037991346819888174
1.367920400311574	4.02143600166924	0.2484934477517178	0.2972816979382496	0.2552917046079996
-3.607312772142013	-4.970233205584954	1.0596904772364687E-11	0.04430021671122315	-2.3850179382867606E-4
-0.40224324533156075	3.9131635042930775	0.04378304163705402	0.10551941039061294	0.041103977493817716
-4.307386281478046	-3.5627232838564202	1.5394087291486926E-14	0.06306127593577539	-0.00920632047311662
-2.7184317771615474	3.7125394123362483	3.703165463468072E-7	-0.010352141612019835	2.2258897589631468E-4
4.210474664009979	-0.8542951664746372	2.6819342538539724E-6	0.10712188891148847	-0.004339841415682801
4.082869004118088	4.086450060368364	2.005663008493675E-5	0.01334492675501886	7.246788844510508E-4
4.816418466472337	-1.913810554646096	2.2850329393916522E-8	-0.010747985293381735	1.522829419513737E-4
3.4216091191941462	3.6152600919241564	0.0011618438536957617	0.0184259985786499	-0.0064452546804849575
-3.967118841340187	-4.264527533988549	4.1044235461790476E-13	0.030120133760655535	4.84880902984342E-4
-1.3276274122970086	-3.6347798384636434	1.1424277637674068E-4	0.006091513710113257	-0.002474464558423521
-3.126216031508359	-2.0472404977473815	1.8443983633668097E-9	0.011221211322919053	-0.00228379353964912
2.765561331672634	-1.5800326352944518	0.002481173748559023	0.05260436585002823	0.00634526251838928
-2.3331740322319705	4.765201351644471	2.3631171224247277E-6	-0.0013362454628619912	-0.0066348818410316614
-4.1242901481531735	-3.3876111307068024	1.100234853677739E-13	-0.0038737658326785896	-0.0023724305662669387
4.848680136944903	-1.0619972001164824	2.657350193812987E-8	0.13237420934368152	-0.0027293533638232366
-0.8669753314382724	-0.8467965645092583	0.0024703935416704086	0.07105309868047562	4.857438799027126E-4
0.5060999572500577	2.4014804072712135	0.6477083907680176	0.6408051005527744	0.6493169326144923
-2.891300485199355	-1.6298157301135263	1.4535394153961824E-8	-0.12825550879222467	-0.001460180541313333
-3.218346175173602	-3.0937735753729045	5.757278074598327E-10	-0.004589298514044228	0.01466631401333455
-1.7984930319050676	0.3520318507074327	6.828694138741845E-5	0.03652227700288019	3.213595611681601E-4
1.171000837065277	0.6388606674838995	0.20823659976387213	0.19821535874253018	0.19483383365099205
-0.007374594699744996	4.933482697163205	0.050896077692859615	0.0424418950733975	0.05023420844410348
1.2093287137804793	-3.045317057145943	0.029956539468176852	0.06262998575234026	0.04184439118032651
-3.862395193761584	2.163312218171219	4.108102660122003E-11	0.05829111626071662	0.012170996526930237
-3.9222225628251195	4.86986339524117	4.408067223785788E-12	-0.06231522698914371	-0.004900973360100342
2.4288388013105333	-1.8355219267404799	0.00649222417252901	0.012151175662240025	0.010039262968141524
-1.7436278852164824	3.504638391787715	2.4355471813638447E-4	0.05459656323609695	0.0075926268948620255
2.28885426440352	4.12571661513862	0.04942065671866789	0.08250359594604474	0.052193894489689925
0.5081969136212496	4.280308296955377	0.17969068553260045	0.2436048411496238	0.1808658646960845
-3.8558138197399594	-2.9435041020331445	1.865536511347201E-12	0.044580691102481654	0.0030764193128868388
2.2002400551687185	-4.653339454084378	0.004521483346126322	-0.04541827931939636	0.0016018246813965607
4.881563438103024	-0.10770519316324112	3.577587467811595E-8	-0.008812017898085969	-0.009994235522716628
4.2495459790138135	2.452768303001351	2.158033815695508E-5	-0.0053098493926585395	-0.012931277489932487
4.902573484364133	1.5547649880598051	1.1608973024103143E-7	-0.010203141625524766	1.3660405826314986E-4
3.8290132550213762	-0.7270536935041445	2.8789018441046038E-5	0.02498654927553074	-0.009519291664298017
1.1699385538338758	4.651405865729705	0.16668543135968775	0.16136132528093725	0.16899748935235084
-1.6246210719129617	-1.9390300711698618	4.8758863551351056E-5	0.01943675277534535	-0.009098115132656959
-4.922018381833598	-0.3580391498182731	6.273308245609321E-17	-0.02691537749907861	0.004781148126029364
3.4126355901437364	-1.5705042259262205	1.668749015675018E-4	-0.008364432152873618	-1.6981319869815615E-4
-4.018184252266335	-0.49617452561599773	1.1373620419788598E-12	0.0098487512277847	-7.920721055909609E-4
0.23732601130710762	-1.9620539498280856	0.02647869203884275	0.04066193030790627	0.0274493651211435
-1.2157554945859506	-1.803669564188013	3.739885187702725E-4	-0.011422502718031274	0.007749890533231566
-2.3921304927378273	4.020948647805048	2.8645459070884104E-6	-0.011051237324992363	-0.010609667145743648
-4.89368701900327	-0.4461567015562853	8.313690846586482E-17	-0.018650423153462246	0.018427603078684233
-3.7617273824870425	-1.8992429472264885	6.916778075699304E-12	0.024092493738603154	-0.007932707461675785
2.256902261728654	0.6302141735676772	0.04386952166032989	0.09177277485782298	0.046366103805364184
-3.8827206818763726	1.5008931192038624	2.013408986841967E-11	-0.018864892684390927	0.004996941057483144
2.468713326033302	4.972160830164643	0.015818452933261205	0.01281893440619691	0.011597297814723344
4.457225277259834	-1.985406774874935	3.022536116312468E-7	-0.004259501662739489	-7.266372024585792E-4
4.682441629751798	-3.183225047142116	3.852750846146518E-8	0.02480723194406178	6.0705263825369234E-5
-3.5774450244911593	4.880462084548416	1.1574032727296572E-10	-0.13017475945574292	7.259293091849863E-4
2.5378910436195685	-3.211595389441353	0.0027774282827244647	0.08272676013367129	-0.002248833859809416
1.6961718931129575	1.4790660844767416	0.2746768036095276	0.22199212659690973	0.27789447903557735
-4.829762649185893	3.3127473464401653	9.34043070701236E-16	-0.00907458880684607	0.001901777615253449
-2.5875108795455324	-4.711972634896845	4.836310688973207E-8	-0.029450509549605465	6.49794392329705E-4
1.9115953358065294	1.6710664971964428	0.23083234499101088	0.2537518600265644	0.2467207342543363
2.0192537731814397	3.0195082846283956	0.2407334329176183	0.20611990378329825	0.24212727088920485
-1.937494497779916	4.385021439763062	3.762980014869311E-5	-0.06177042153936806	-0.01579976284858692
-4.774078729689659	2.4128044497098013	2.7460232169980965E-15	0.1172758345226	-0.004974935041674837
-3.4750976247283525	2.452681638888878	1.6695955505012275E-9	-0.011128359498579458	0.005342061418756939
-3.645441412226471	-3.233911321793949	1.2456603006429105E-11	-0.010936720004495144	-8.29055261931163E-4
-0.7224170042620806	-3.151130437244695	0.001553385140120336	-0.0421218746173158	-0.0054540657034646035
-2.8700417138605436	-0.03481730426226726	4.104099584410323E-8	0.018115785241883963	-0.0031915755631370807
3.427148782247663	3.6580594750795328	0.0010877445386691025	0.04926118339007748	0.0023329831174845822
-4.771151527297926	4.503557637053861	6.578308055421027E-16	0.09827315264863791	0.0015966172807454918
-1.11815700021203	4.225633644706823	0.0026949473349438743	-0.006353123179061433	0.005905850768137365
1.7537874477785316	-1.2134101478388493	0.03779646131167452	0.04403838095044268	0.038134637247722196
-1.427339646537785	3.793378942709296	9.612509495192834E-4	0.11050388813124133	0.008054493975003267
-0.7944651421870894	2.874435685460563	0.029809577127424883	-0.0017647821955626593	0.034032974800363484
-2.4144369113777095	-1.7723182885803865	4.444779086098586E-7	0.008251408040019023	0.0058160089319042926
-3.501608203392607	3.741705617236212	5.770437475671824E-10	0.026094305910065292	7.680602850611958E-4
4.570584073322008	-1.3460399953638924	1.816542466289948E-7	0.012615646121459309	-7.78110975361615E-4
4.09621253063146	2.118455706971732	5.101686751465006E-5	0.05546644642536473	0.04917104032695881
-2.641946130667847	-1.9215525545225107	8.367513424732855E-8	0.010362865430019344	-0.003421108295217473
-4.557518533358204	3.025837043353283	2.6130066152999672E-14	0.005988394498950354	0.0018570325599175238
4.8391433957571035	2.4085243960040685	3.286434129876458E-7	-0.07630337608053304	0.002423404336891985
0.5160669723919025	1.2310733441287276	0.2815520676045236	0.44119814298818194	0.28302571106944163
-1.1426363766227676	0.6753657246553324	0.0022396047278631613	3.4661290659602074E-4	-0.004651502478934268
3.56495356972437	1.0202671487762327	4.098573104645308E-4	-0.019338202968353212	0.019431149626556878
3.1096207291397064	-4.282241328779445	2.473099783314159E-4	-0.032347404012827166	0.006043737272600462
-0.14653483333579853	-3.0761425834924117	0.008317413502039621	-0.021269780805336574	0.00904478020522549
0.8698714073391765	-2.896484697397997	0.03242555199234885	0.10381478047813796	0.07313611348047065
-4.3958069111703715	-1.6716108236851435	1.2191719131744236E-14	-0.04271011633296816	0.005814073567407763
-0.27461266378953386	2.6449902872671904	0.1613263727654034	0.0789379403775586	0.16531224230419037
1.224043545314311	-3.7304283763625046	0.02376525107121846	0.13369617328334463	0.03054988483766904
-0.5449215873538273	3.507783260451104	0.04148936334055455	0.05001327624982104	0.0472784429668063
0.3745266747054288	-4.874559235631182	0.012165946505690396	-0.01760876084565427	0.005799122319112135
-1.3187126618585152	0.6167928607413629	9.742628650946156E-4	-0.020322901233926372	0.0052615131769395635
-3.5203935242375053	-4.585237289066672	2.5982257486812077E-11	-0.0022150110705926656	-0.0037030807691177943
-3.0090852771630026	-3.1686387240933356	3.139109718381701E-9	-0.010227083834651486	0.003203130845112757
3.860141874372667	-3.545352584348854	7.420243550498758E-6	-0.06875110785842954	-5.680913353957438E-4
1.8486917878380948	0.19132768356961272	0.07452059321250278	-0.07823264434184658	0.0709468509761737
2.84214455843256	-0.7573350503883809	0.002844230230493713	-0.030359512585398627	-0.008157721217116682
3.81486791534992	-1.5716114380246649	2.0370063163442673E-5	0.007522691729904928	-0.023026629712715352
-3.093213854602823	0.6025915406864168	1.1025570476860479E-8	0.03987411714921679	-5.210272813132555E-4
-0.6684664005720586	3.892239348423157	0.019693412901188104	-0.0022146679042729205	0.00924029991776268
-4.766708571730861	-0.6307656049091079	3.28177535187608E-16	-0.015686591097287837	-4.016427847027165E-4
-2.3437467458918726	1.058551298374761	4.253335991386538E-6	-2.6425010418615124E-4	6.282874249367726E-4
-4.168444870282439	4.186616088862653	6.192772706279796E-13	0.027005178305215725	0.0033366134268070172
-2.601362861628944	-4.1340858666012315	5.1527149740895265E-8	0.043077678455688925	-0.005529805798382389
2.8695231883152053	0.35512627661858165	0.005231494997018648	0.051997516276796815	0.005093237062693856
-1.4450697937464874	-2.7285457726464166	8.875844338055367E-5	0.12357061458252258	-0.0011322960371449766
-3.2289150865280156	0.08707733049852084	2.436267281869688E-9	-0.019472700912514865	-0.16459632625996862
-2.0623462193199016	-3.380083610707901	2.363837014285262E-6	0.0923587967869566	0.14435465313546073
-2.806579415162708	-3.4835730290312727	1.3766196411069561E-8	-0.009808799016167966	0.0011513483138262143
-0.5382151942169147	-0.31142613557629506	0.010308023532421847	0.02919806379785979	0.008856727204761076
-2.911539943712391	-3.1427399504642106	6.857799349645669E-9	-0.05488077685767332	0.01799914923534997
-4.124084020914255	-0.39958745239789195	4.115720599000344E-13	-0.062255632267231235	3.5434130019893146E-4
0.711301404751846	4.216952795365604	0.22180524730477227	0.2722142831007511	0.2187586274150563
-4.783714943868569	-3.8093918238235904	7.234132799317405E-17	0.0076630979365967635	-0.003617543999650412
-0.34084989518104347	0.7437635263367639	0.038663814073627255	-0.013984801638286831	0.038312015723072065
3.5135241993744533	-1.133600740807589	1.2524431701960468E-4	0.0060511743095923946	-0.003006403943220875
-1.1924613400139639	-2.9750701708077623	2.621620029817057E-4	0.002786039272896116	0.0014903267071598798
-4.903574607319394	-4.48196625969511	1.4634167165569114E-17	-0.0027184411396294615	2.0682479386801487E-4
-1.6437129554488639	3.9501762640623976	2.790686561250543E-4	0.06214415801883577	-0.003455985681710385
3.2139759119723106	-0.3814567299085603	7.8229779160451E-4	0.010633361491376869	0.004517689478054618
-0.8941244587006807	3.616864689959044	0.01130253455126937	0.005089143076109421	0.010695988977937537
-3.363629995055911	1.2926836753828557	2.022978361103256E-9	0.011404856402833738	0.0019096541641030502
-4.444405010956107	-4.723151342325307	2.5090603543283478E-15	0.007943816452167914	4.2233783247855566E-4
2.397652715635738	-4.159550232125362	0.0031127921452189324	0.03187709616324711	0.0018102357701941082
-4.5519506465621715	0.811421590678588	1.0130830765562136E-14	-0.08923459636910282	-0.001387122182980734
0.9071111139120127	4.968158473108852	0.13596202894191803	0.22058921105441448	0.1341111904789003
4.980287019324029	1.7695755240687907	7.597672978248606E-8	0.03652640607829917	-0.0038849815373342483
-2.716524849148226	1.8101688167673826	5.984710797996344E-7	0.06779388368339337	0.0013394108017209274
-3.939961978148924	-3.3838841723608803	7.041863745516039E-13	0.008028621896456081	-9.561183686000378E-4
1.9554490985778354	0.716882499025342	0.09164623604144438	0.05524486120915702	0.09117229508642943
-4.293759899926885	2.5100047704299246	5.625486114285786E-13	-0.00693216011659406	-9.86134238199573E-4
4.324040013210011	-3.2602448006985196	4.6244915069773656E-7	0.008869207450322849	9.946057323675704E-4
-2.023759138697593	0.6696374611010008	2.3505022037619738E-5	0.053642448108944474	0.007480185638539761
-4.403386229116673	-2.238382227118475	8.835120318693645E-15	-0.01964741454659488	-0.009064907046290193
-4.352240218431613	-1.8194213196031592	1.8241957144472842E-14	0.042157508315474025	-4.058930337883988E-4
0.7795505439127979	4.300690463100116	0.21442138211508113	0.1975823585237862	0.21463686602021986
2.2919072711085056	1.9626174985769973	0.12656726688917908	0.21143014281804123	0.126296178541556
-4.744166530415358	-1.8407503427059204	2.3351511518498383E-16	-0.09955361619005719	-0.002616955367534021
-4.655750139145316	2.5368281929461256	1.0674050155815298E-14	-0.0015392432431037997	5.669649311616054E-4
-1.6241460648432748	1.2929833101879504	3.846031371009276E-4	0.015500343615573852	2.44812438173968E-4
-2.6858759212361063	-3.7803509233781076	3.096206178716963E-8	-0.005266767547146276	0.0044367060275057
-4.945831782461698	0.5446539052064718	8.8191748395857E-17	-0.0550418556366923	-0.0010479691606130003
-4.631904045609491	4.419823896864273	3.435339562868497E-15	-0.01662125767509361	0.002774349381002235
-3.508102205849295	2.2157582449883186	1.1650926691587692E-9	-0.03150922523573082	0.01422401828384498
-0.8183256228781177	-2.174625166794726	0.0015899291404141472	-0.06925183495916752	-0.0016367597804753699
2.833916369624644	2.8424608123880635	0.026283397682652115	-0.007883334592165385	0.02755796631331523
3.174079571256378	1.4416044882509418	0.003817056025017489	-0.015248260731888912	0.004128315843852095
3.82191679975403	-1.0028532442408955	2.5837645709125434E-5	0.02178461644450467	0.003530073280214149
2.024083568776903	3.6774566173774623	0.13546856164079385	0.12648951377033396	0.13345736992992083
-1.6810884826517558	-0.5454740000205085	7.211716242234894E-5	-0.012944853373743185	-0.005077735344509647
-2.2893693294069473	-1.0236121704694479	1.4686240638823146E-6	0.022895866926926776	-2.654825223520629E-4
-0.042334855692574	-2.3587077877720697	0.013601305606768683	0.06369336674824438	0.010840681930331546
2.2301586827913242	-1.1507653695168916	0.015155765641371012	0.04165249976519702	0.01257482901410618
4.105017512710937	0.9309227537616866	1.7749661188068078E-5	-0.007285658616650754	0.0019018877154672981
2.6132358138984824	0.5903843888401976	0.015286063056217974	0.07941802980401101	0.011253535659748397
0.8360041319953275	-3.9497183634088664	0.022745083331623443	0.0954984007918813	0.022691218596799165
3.8963409242426454	-3.555106140734053	6.005710813709364E-6	-0.002883445636553738	-2.4107211143705487E-4
-0.32386318722500107	-3.367733437257918	0.004864409163852882	0.002587527433923774	0.004391568897808335
1.3003099703568441	-1.456982174258028	0.054204352232867986	0.011559866505397275	0.057556137532994295
4.497158961690474	-0.2211826067176501	5.672617314437588E-7	0.03304260026731668	7.729106679466326E-4
-4.974821956725196	-3.4700533912472165	8.511415942240927E-18	0.10298618059326438	8.142633253211766E-4
1.14104365829661	3.391185815159899	0.4915742035245899	0.5893008590886357	0.4876428552897906
-0.20815098867730253	-4.5076268273200215	0.004618110043032607	-0.03683377651883984	0.006286026238381636
-3.9010431776661214	4.979438899937104	5.035036666303851E-12	-0.05302450010375091	0.0021220910932271426
-3.455768805782747	1.5198451954640992	1.1040181088004367E-9	0.0376908905646085	0.0041824095733273515
1.886356766306541	-4.319249885932049	0.009555817134696994	0.08360196568014851	0.008515072563716027
-4.428829420395383	1.0376776016475064	4.7517583611933233E-14	-0.02208454410856857	0.003575836589226299
3.6323605523186764	0.2961107577205091	1.6157230549489158E-4	-0.003137817078561331	-0.0038413315337047327
-1.2842690074115892	-2.090462740376171	2.4329622723839753E-4	-0.026333797191919743	-0.003137043750569544
1.8409586541756164	-4.702330946994255	0.009289314272263833	0.08245300128380921	0.01400640255748542
3.310059699119078	-0.7683674881488898	4.0508263008077913E-4	0.025917273488592713	-0.004656968025317865
-1.716394404911643	1.9639864348689882	4.197849311029326E-4	0.09837559788825649	0.0025534055743092494
2.007290213483964	-3.273224254741043	0.010499102397202281	0.006574456384876528	0.00854768597288424
-4.45281813702266	1.068074627554834	3.7591183197736255E-14	0.04219559930242292	0.0015006551400435454
0.7776303123318149	-4.304594570390025	0.020035876804407056	0.07598042324255813	0.02089177533356141
-4.111741101739556	-1.126839302136525	3.1257774112327724E-13	0.03682157513168325	0.0020868044249354152
1.9939911919278757	-2.4080042166559457	0.01472264565637573	0.035019604681361796	0.02060892907511142
1.7340671860284838	1.5836978136112814	0.2860430090864048	0.20302890549938485	0.2853252858456635
0.7532145662032876	-4.530905131658161	0.018582797895295627	0.001220774366645673	0.017754673166692672
-1.5774925860196842	-3.145774338967934	3.938054193482335E-5	1.8915296654882418E-4	-0.0031890767325842896
0.36215618825045404	3.7675729855729916	0.2371959112624712	0.26911702103307095	0.24758474200802472
-0.4119894803644817	-3.523744904130661	0.003633101617592375	-0.037293086026439305	0.0022469060254867584
-2.7364071032993955	-4.7695161330629645	1.600169670973407E-8	0.12031189273825386	0.001647132613540135
-3.023008355933432	3.9434386571105584	2.8495753105689522E-8	0.0011013996487453774	0.002253385999881951
-3.414884871713145	-1.9207276708250696	1.6527518776481878E-10	-0.013416557452558802	-6.798501768386132E-4
-0.583888883974268	4.237853763717672	0.019282230981807435	0.09840270887120217	0.01801286304750393
-3.035122000808752	-3.985110680598356	1.961883641067418E-9	0.004085778633201024	-1.8012063871759856E-4
0.15849494239066964	0.8853194072620827	0.12937720862654303	0.11741847426712045	0.14985503438644718
-2.658716771708707	2.0927028109090573	1.1246762081614721E-6	0.04155643824898155	2.957675645580741E-4
-2.1024692225606847	-2.9047692105332112	2.171402910081956E-6	0.051804395281580914	5.600045916956832E-4
-1.0106356808293548	-4.931076366364805	3.1106911781329425E-4	0.036724989719074834	0.001916553287968332
4.364801857383938	3.630484171543614	4.885000901931559E-6	-0.021130285643213162	-0.002926796750756846
3.2448606046803583	3.42758936033516	0.0031438410540331465	0.07170764871592161	0.008066366146839293
0.618178932029652	-4.0543625411297555	0.019573097756259164	-0.0023906217778492493	0.02936378870546302
-0.9223451159597884	-2.0290190268754915	0.0011439404259252033	0.040077504498272624	-0.009406395158075639
4.878038387782931	-2.913467057289747	9.642428422685942E-9	-0.0676601443337583	-0.0014672257696495244
4.959466303994915	-1.4073249701738555	9.435909814223224E-9	0.053808714943935305	-5.839618027994281E-4
-2.915964261748709	0.8621824081899119	5.637491278384371E-8	-0.008430323290429993	5.833665336996177E-4
-3.6836186427811324	4.65125798840238	5.101291925469682E-11	0.03967167626283273	0.002708338032634046
-0.7781942791272005	1.8798008661179448	0.026720170689697214	0.05861436000032422	0.019509249966347314
3.265019672757825	1.2240647279021477	0.002091470877216628	-0.05124516113397402	0.008513533503385674
-4.091574598331974	-4.823556326854033	1.0051684858876392E-13	0.07354871432952334	0.014917110641018532
3.3018248884737	-4.555876398267312	9.805941646351159E-5	0.02875710761282923	0.0012506344251673027
-3.272579897177775	-1.614213553157363	6.511195174914831E-10	0.0018868933699773824	-0.027712931061171196
0.14818083206474508	-1.8901752200489264	0.023641916373917358	0.054256795595567966	0.02091151543881275
0.3685510312966924	3.6461653097283104	0.2670066941027753	0.27779970694735623	0.2767658996236943
3.0497538652701977	-4.194348746356473	3.2540394569002465E-4	-0.07637892052120275	-0.0018996497618427133
0.7545730180727093	4.786067652270756	0.14651857712559663	0.17864269136141914	0.14930180825901027
0.4866635491142457	-2.1163515346718906	0.03413250476514794	0.10497836276376216	0.03844559747982801
-2.973393427819625	-2.2841513293305615	5.775890238869331E-9	0.010596128591964448	0.0026331267368145408
-1.5282091671064926	0.8291227358460818	4.1964914140947947E-4	-0.003712213420912483	-0.0011862923421082094
2.5117208256030032	-1.590478175959734	0.0056738502584746005	0.006014171398631283	0.0042839852027756605
-3.6022672079448412	-0.22959632245580508	7.315042027308963E-11	0.07961136597992981	-0.0032661124972095568
2.6107745336034203	3.378052034910331	0.0378879131103467	0.09475535651392586	0.034714082351963285
2.738618057124399	3.1913196268640647	0.029003192635376363	0.025058599337898245	0.035804634534431744
-2.078479661288646	2.1156586449420223	5.6829782921673646E-5	-0.03902372750634265	-0.004026184518998724
-1.178801155252919	2.2663706958676277	0.006915586906926873	-0.05188204575471061	0.007255491655872257
-3.148574428817402	-0.35678946349549	3.582345093764897E-9	0.03155916364484994	-0.002313479068409995
1.3503389891103987	0.6624125724985355	0.19325945970371355	0.2612879528255079	0.16594076895897536
1.4766194216306072	-0.022120235019269074	0.10538009673508648	0.12556910957118145	0.10650655705761605
3.407221981445481	4.136985693508141	7.844864869624487E-4	-0.044022719625822375	0.01925207790721615
1.4678291637874512	-1.8742107292720145	0.03951224347073212	0.00956367575211256	0.04041282658729801
-0.7656966074177642	1.8122625648077442	0.026455462020909117	0.009097924046944011	0.026260307379928946
3.531117077962069	-0.9755212719522577	1.2430700732894798E-4	0.03727159383406001	1.4069511831058454E-4
0.27923786437379583	2.6149028135850214	0.49028827590095625	0.5400726193945051	0.4914284666770577
-1.9993089290048704	-3.2454181036307306	3.622424309672708E-6	-0.0012802787753649308	-0.0022084021119374345
-1.3092878735426394	1.0459451322791118	0.0014574753561124505	-6.461776901607206E-6	-0.0018934733820298133
-0.0269951390420351	-3.70480854935624	0.008773132389922089	0.02383999869341574	0.00599124753909272
-0.2576812182189432	-3.818816490991347	0.0049993987179066295	0.03123767151949034	0.005201455135675158
-0.3141729644498117	3.114966643391684	0.11266624869551743	0.17804796450191973	0.1164434048490673
-3.49368834733934	-3.398689820737358	4.720117791667157E-11	-0.00951918507587225	-0.04218364734576023
-4.277097632995105	2.971111117621077	5.662246073140947E-13	0.05366229777127901	5.043345074868403E-5
-1.4927194830815962	1.812431118377659	0.001196780818625537	-0.01307476385758746	0.0011837180321717016
-4.9357116579711775	-4.5690656453778535	9.763709066086735E-18	-0.05684516390604814	5.87088659829689E-4
1.0564935916518836	-2.358607812861008	0.040184260000145376	0.11924594280672485	0.004539100290394553
-3.9956003890864276	-0.16421875184368862	1.7488806036819082E-12	0.04287472036226017	-0.0016903824428279844
3.50085138114334	-0.923321743566059	1.4879114817256686E-4	-0.0049826601499526	0.006925247029209602
3.5242478766141616	1.6946978629554366	9.245456960558862E-4	-0.06566491340656117	0.0034025777033224467
2.7161078308679745	-0.9255204335162066	0.004066794025577017	0.013080921652070702	0.016329446408323674
1.8313167346872739	0.825275507011054	0.12511065216311268	0.16739265399008307	0.13217554553707586
2.8322092527773535	-4.039157318502192	7.925269601701697E-4	0.026283203150213087	-0.001435117084515611
-4.530036285207587	-0.04830274177767002	6.800894709135283E-15	0.026389182245045942	0.004016985828949747
3.399306520226583	-4.7653408606998715	5.856453191110017E-5	0.002781505319241659	0.002769730064322836
-1.3428023518295995	3.925082410133916	0.0012792629631620661	0.062138136156760754	0.004456121593839121
-4.013792449231656	3.812562571186751	4.138598964131585E-12	0.028333056660361157	7.033017949266899E-4
2.3131285093474308	-4.7511857059816816	0.0033153156350289475	-0.05825266250378488	0.008095763646259324
3.5487254482421946	-3.944354192820514	3.5325846663765686E-5	0.0745067767155746	-0.006061709538675979
-0.36765529951171594	1.1716008919581888	0.05196223676704933	0.05765791551766548	0.056618814072121694
-2.186404983792023	1.2792242611368696	1.4478772007117231E-5	0.12726487616368165	0.003505894115061442
3.981920289853207	1.2536062418103509	4.9938390581702704E-5	0.057974399753365546	-0.00201938313759328
-2.6056769613724304	1.870711670829527	1.4149600923969009E-6	-0.03240301104756602	-0.003084911346051326
-2.586287007663579	2.016065703012498	1.8102304373855222E-6	0.05037279941022987	0.00446195669516555
3.3885473250289593	-0.37300505734760403	3.5209378790800803E-4	-0.00999271262992333	-0.004902275090724082
4.143065106710225	-2.9476273338642445	1.6597255650138592E-6	-0.03561233254215287	0.0010484370573730865
-0.19781869973640376	-4.528474523607126	0.004706972185733043	-0.031817288262849464	0.003359284569621058
0.9729704594547872	-3.1912902772142795	0.029748327411155517	0.032363421612178235	0.029210392293335826
3.3038189067052883	4.322672852461711	0.0010954762532257327	-0.0038963288808301147	-3.033409044586523E-4
-4.167773837650321	2.134867737890726	1.8916726350516985E-12	0.03494990200872247	-0.00952343799987564
0.533587554799877	2.558715387396564	0.6684919523833291	0.6136648477502078	0.6679700958581953
-3.6519580351836223	-0.3390204512396586	4.3146422138437675E-11	0.026267058907960116	8.567503889900707E-4
1.4738300865539857	0.26116692896465654	0.12859877624812896	0.13566170468903982	0.12405008105696474
2.688028596052839	-4.92652806794839	0.0010270325213970533	-0.0029936812004761264	-0.004622276538395458
4.2347058196233665	4.216970651622114	6.886516493168946E-6	0.01809502809499449	-5.080322889677187E-4
2.7834456905340073	2.4436149483284204	0.034539696975083016	0.025157315535069405	0.03516266235598793
0.016002322303945604	0.5214194367249894	0.07424491252569558	0.05513259784342214	0.074253990832631
3.485036576666289	3.904631927030236	6.555202148594412E-4	-0.12041158005174024	0.02154201150022807
-3.022848172420025	-2.452513257420188	3.6415241994439764E-9	0.025948381550249325	0.003594440284846471
-1.7952631367351488	4.178403989650171	1.0063189480550555E-4	0.05183679517001279	-2.0975382089784384E-4
-1.7193489354050562	1.0335828630405484	1.8338327951516423E-4	-0.005454091148122758	-0.004090285993417503
0.1609916461428913	-1.2796139462205849	0.03194185913708913	0.09792702132146919	0.029309595830478517
2.6697840629593266	3.090577964033219	0.03973003426976619	0.024461827169962938	0.0978634240755758
0.47237045687803025	2.581429579069919	0.6273661558710981	0.6105826757750994	0.6274770736004652
-4.400247188131434	-3.9597348901143734	5.03582988185781E-15	0.031130609553337504	-3.2467730516780714E-4
2.033626807520889	-0.5222176017836722	0.03324654659610343	0.014899642065405307	0.028173394389184855
-4.837977365540771	0.1712578504265796	2.384113336176202E-16	-0.11068415337210998	0.004310259147888159
3.3602939573570207	-2.9843844296350373	1.2170412681565906E-4	-0.004718879509406988	0.0024886167379559007
-0.17510597333106137	1.734652720436177	0.14075757983958032	0.13599796719266616	0.14120809594430325
1.4023688020438216	4.534007575632156	0.15935842733009248	0.2083365991470853	0.1590779896113858
4.3590097802503465	3.800609041981124	4.352539408138599E-6	-0.0459170339792128	-0.0017119409923423694
-1.295413770455279	4.61038869498276	9.107503578271373E-4	-0.05337228341909988	0.0028059180720055917
-3.7752795045282306	-2.0416706327779908	5.723551324001855E-12	0.023145296476157734	-7.523197435691635E-4
-1.7697610287856493	-2.084965601757214	2.0965027276124423E-5	-0.07161021683793714	-7.777118711421365E-5
-2.831077589752665	-0.7342478684728917	3.6231008668231986E-8	-0.01245719262995275	-0.00586040744712489
-1.332548738977021	3.8062661921754675	0.0014919441570341223	0.021963335771714273	0.005224877170034512
3.8121933834492907	0.3415961373669507	6.274945930305055E-5	0.06790305814441575	-0.008600612570180664
4.101268948280808	-4.174396451177493	1.4542682262579833E-6	-0.005547918288511374	0.026658225855837277
-3.397247954671184	3.0412225703563713	2.6824782176767888E-9	-0.04342610227634651	0.007986159983291984
4.561881258112505	2.082183674553752	2.248742465206309E-6	-0.039547622515401136	0.005987074595557208
-1.3280312963555518	-2.2308883384750047	1.8779043365868127E-4	-0.030368333353262323	-5.237697010576392E-4
-1.8512598406607959	-4.5916509538025565	5.722529203798239E-6	0.031558566551449105	0.002058107807782111
4.846861292013807	1.1545751884460111	1.2432861375677185E-7	-0.024689950596779822	-0.001281852933896931
1.1823015200694282	-2.8766263704904818	0.032127964741258	0.06563779114249421	0.03244864653151793
-3.641789152195505	2.5536601865953346	3.6507265439388124E-10	0.016364706844250003	-0.0037545094766567528
0.14956062183471808	1.2598846271974118	0.1772076135181756	0.1932680671659307	0.17076437967698394
-1.3713663720527345	-1.360979426539346	2.2427389747006033E-4	-0.023436927447355285	1.1486713914966878E-4
-1.9134911902503573	3.1876093155468954	1.2304828571567354E-4	-0.02350680264579471	-3.9711165409718116E-4
-2.066845560344286	3.200864074202368	4.864379960575113E-5	-0.07316998937613763	0.0011666469157738293
-1.5199060933959307	-2.288342670929934	7.239965246992293E-5	-0.026076053495934507	0.00844414204672068
-2.3044766729776556	-3.7940852734709942	4.434733068416746E-7	-0.052472190107494834	-0.002212103755097845
1.7742161683578148	-3.072375471523048	0.017026724351839724	-0.06968019502587336	0.02073466945787027
-3.283276406752483	2.147649197552628	8.133875445191982E-9	-0.01695671426137384	0.004741219742440798
3.1287484613305665	-2.616613336445276	3.9312888644489304E-4	0.003943363339321007	-0.00569427423740472
-0.27217613588598066	2.769905419638304	0.1557209329300186	0.17227470532262293	0.16051872876346812
-4.792482542825872	-0.5724766740368006	2.51903623773188E-16	0.012540320113163122	0.001599759062847875
-4.682475002183972	3.357278452055997	4.8948566160746524E-15	0.07739095741070569	0.0010989935594955614
-3.5393561248132253	-0.9831018746886766	8.436056283438907E-11	0.04240023866771886	-0.008463460086073682
-2.494536807126443	4.959555853078513	6.857804723774571E-7	-0.04552682999239342	-0.002101321387173282
3.618582264195666	3.7109907069140196	3.945600307828343E-4	-0.02305084075908974	0.010416588704861184
-4.984475119629149	-2.846233602822669	9.380920153622474E-18	0.048951593497491536	0.0010591101663050082
-3.0703358548182536	0.09816428500129515	9.15396115196684E-9	-0.07575900929448932	7.846322835685809E-4
-3.3508592652143996	-2.753748801551763	2.086387379962191E-10	-0.06113452741325804	0.0011488955092265264
-1.9501051688854751	-0.5208815912851428	1.60828202841975E-5	-0.008224683115417087	5.251115861847482E-4
2.0667233617287177	2.1784839119123687	0.24589419448342556	0.29463188364961035	0.23776044335656965
3.4332102771568103	2.2753680956744917	0.002146271065912507	0.040959349637398085	0.0027761108443245734
4.756117229652201	-1.1757930879793301	5.07150526956583E-8	-0.04090807681756588	-9.887429587540885E-5
0.572351140342434	-0.6643432557094666	0.07427629278379165	0.12021720697485164	0.07459741975491432
-1.9998623271919804	-3.148230169838284	3.7311915954857036E-6	0.041824838105378695	0.007731160509819556
0.5049680188939316	0.08079696889313759	0.11097559500423516	0.14275904546315382	0.11144938414151041
-4.749030321997675	-4.125613882384922	9.813335255726048E-17	0.002914318656356307	0.0012539863635416082
-2.373477770431455	3.2575062694614836	6.4367597827801275E-6	-0.05707962570759344	0.0022075277620957406
3.4774087154833975	-4.77764163610898	3.988254987894899E-5	-0.04533175833157499	0.01415948929383671
-2.9590019336083673	-4.035615441073023	3.551358551295206E-9	0.0557270699577081	7.022901684576998E-4
1.7716258783524523	0.34513995188313906	0.0943519772663106	0.062098354293337724	0.09591795652061273
0.4324013753330398	0.5682608731365022	0.14692471986834627	0.061396402321992796	0.1437358309678611
-2.214659427830752	4.587438162764029	5.849436272417178E-6	0.01729950393169449	-0.0030961780422144886
3.754465211324746	-2.8532912630552563	1.6979186639210256E-5	-0.0570660390449055	0.0016298807654001432
1.4109901192645449	-1.1176125156186023	0.059114955517344345	0.06316485428841428	0.05562977603789655
3.9129434366206244	1.1726152612419831	6.971553489309522E-5	0.027247521757177116	0.0040798593366192055
-1.4683112849699844	4.766152041654044	3.5666247646737033E-4	-0.023317313479681228	9.410221154784742E-4
-2.945681535391247	2.2992608308909954	1.397021735529278E-7	0.01806945607112064	0.006794390673676764
-2.3655306117736243	-1.9578594628285515	5.716346958397229E-7	0.023985562252370498	0.015892846089167165
-1.923288011700187	0.3094487994592221	3.240737087301421E-5	0.07922321080203605	0.0016667908441511878
-1.3854938535428896	1.4093521071333974	0.0014135225437777712	2.0321358911791943E-4	0.0016867755376036302
-0.4567681559433412	-1.4402014382188488	0.007161117252466837	0.01149810536785411	-0.004622010739952182
-3.8062809666247	4.418191133906207	1.9023030871777972E-11	-0.028223332167778063	0.00175576110575054
-1.695055154907943	3.5813992072104313	2.9575791908596755E-4	0.026965179496625327	0.22318287077577065
