x1	x2	response	response+gaussian	response+slash
2.0359712001556405	3.544040215729229	0.14930010569449478	0.13926054740424157	0.17882985092073234
1.7659933956152507	-1.1753546646519055	0.037811075632758144	0.02636054665676217	0.055416646849682685
2.9167895405305346	-4.4096484713003345	5.184103526032483E-4	-0.04991396743027761	1.9374897929765338E-4
3.692080867741101	-2.4798179710867263	2.7389753076787173E-5	-0.03260480435254295	-0.01802805304632662
0.09134659459030114	4.17340846502764	0.10947934887581433	0.09198456508224119	0.11002195300107366
0.2077835696903012	0.8120905738851114	0.13185054252400913	0.09790439462271688	0.12845224539123168
-3.7279975759639172	-2.1982305792294166	8.412765245404377E-12	0.009293463292801805	0.10006706486198481
-2.8277939032687085	2.022774651183327	3.0343398406614873E-7	0.0919145848304852	-0.005321472785009765
-1.0602207696236379	3.291190659553804	0.00785482013711719	0.017537746865040976	0.010777074888899613
0.6701845291958488	-1.940642294868855	0.042875675719643604	0.0161977689078782	0.04253310356269028
0.08600702297733775	-3.3728523007348885	0.012151960756349098	0.08681911092234157	0.011979164067001846
0.006366780727871557	-1.985237340495476	0.017477718161329144	0.027449735216983122	0.015698794656572642
2.4604414836209356	3.574261334805696	0.05033668064276883	0.09497361435891008	0.05499309751450854
-3.8005520200951857	-0.3194820923765409	1.0719070567457612E-11	0.0021381314365427817	-0.004628273907970399
0.5793330981290401	-4.445827776473319	0.016944500602279037	-0.06970874905874541	0.014808172269694015
0.8950795247697254	1.8219431326872808	0.595900250000081	0.5510803678023877	0.594299213665372
-1.532372178243857	1.9872398616393374	0.0011212116920984437	-0.023251186036198367	0.0037991346819888174
1.367920400311574	4.02143600166924	0.2484934477517178	0.2972816979382496	0.2552917046079996
-3.607312772142013	-4.970233205584954	1.0596904772364687E-11	0.04430021671122315	-2.3850179382867606E-4
-0.40224324533156075	3.9131635042930775	0.04378304163705402	0.10551941039061294	0.041103977493817716
-4.307386281478046	-3.5627232838564202	1.5394087291486926E-14	0.06306127593577539	-0.00920632047311662
-2.7184317771615474	3.7125394123362483	3.703165463468072E-7	-0.010352141612019835	2.2258897589631468E-4
4.210474664009979	-0.8542951664746372	2.6819342538539724E-6	0.10712188891148847	-0.004339841415682801
4.082869004118088	4.086450060368364	2.005663008493675E-5	0.01334492675501886	7.246788844510508E-4
4.816418466472337	-1.913810554646096	2.2850329393916522E-8	-0.010747985293381735	1.522829419513737E-4
3.4216091191941462	3.6152600919241564	0.0011618438536957617	0.0184259985786499	-0.0064452546804849575
-3.967118841340187	-4.264527533988549	4.1044235461790476E-13	0.030120133760655535	4.84880902984342E-4
-1.3276274122970086	-3.6347798384636434	1.1424277637674068E-4	0.006091513710113257	-0.002474464558423521
-3.126216031508359	-2.0472404977473815	1.8443983633668097E-9	0.011221211322919053	-0.00228379353964912
2.765561331672634	-1.5800326352944518	0.002481173748559023	0.05260436585002823	0.00634526251838928
-2.3331740322319705	4.765201351644471	2.3631171224247277E-6	-0.0013362454628619912	-0.0066348818410316614
-4.1242901481531735	-3.3876111307068024	1.100234853677739E-13	-0.0038737658326785896	-0.0023724305662669387
4.848680136944903	-1.0619972001164824	2.657350193812987E-8	0.13237420934368152	-0.0027293533638232366
-0.8669753314382724	-0.8467965645092583	0.0024703935416704086	0.07105309868047562	4.857438799027126E-4
0.5060999572500577	2.4014804072712135	0.6477083907680176	0.6408051005527744	0.6493169326144923
-2.891300485199355	-1.6298157301135263	1.4535394153961824E-8	-0.12825550879222467	-0.001460180541313333
-3.218346175173602	-3.0937735753729045	5.757278074598327E-10	-0.004589298514044228	0.01466631401333455
-1.7984930319050676	0.3520318507074327	6.828694138741845E-5	0.03652227700288019	3.213595611681601E-4
1.171000837065277	0.6388606674838995	0.20823659976387213	0.19821535874253018	0.19483383365099205
-0.007374594699744996	4.933482697163205	0.050896077692859615	0.0424418950733975	0.05023420844410348
1.2093287137804793	-3.045317057145943	0.029956539468176852	0.06262998575234026	0.04184439118032651
-3.862395193761584	2.163312218171219	4.108102660122003E-11	0.05829111626071662	0.012170996526930237
-3.9222225628251195	4.86986339524117	4.408067223785788E-12	-0.06231522698914371	-0.004900973360100342
2.4288388013105333	-1.8355219267404799	0.00649222417252901	0.012151175662240025	0.010039262968141524
-1.7436278852164824	3.504638391787715	2.4355471813638447E-4	0.05459656323609695	0.0075926268948620255
2.28885426440352	4.12571661513862	0.04942065671866789	0.08250359594604474	0.052193894489689925
0.5081969136212496	4.280308296955377	0.17969068553260045	0.2436048411496238	0.1808658646960845
-3.8558138197399594	-2.9435041020331445	1.865536511347201E-12	0.044580691102481654	0.0030764193128868388
2.2002400551687185	-4.653339454084378	0.004521483346126322	-0.04541827931939636	0.0016018246813965607
4.881563438103024	-0.10770519316324112	3.577587467811595E-8	-0.008812017898085969	-0.009994235522716628
4.2495459790138135	2.452768303001351	2.158033815695508E-5	-0.0053098493926585395	-0.012931277489932487
4.902573484364133	1.5547649880598051	1.1608973024103143E-7	-0.010203141625524766	1.3660405826314986E-4
3.8290132550213762	-0.7270536935041445	2.8789018441046038E-5	0.02498654927553074	-0.009519291664298017
1.1699385538338758	4.651405865729705	0.16668543135968775	0.16136132528093725	0.16899748935235084
-1.6246210719129617	-1.9390300711698618	4.8758863551351056E-5	0.01943675277534535	-0.009098115132656959
-4.922018381833598	-0.3580391498182731	6.273308245609321E-17	-0.02691537749907861	0.004781148126029364
3.4126355901437364	-1.5705042259262205	1.668749015675018E-4	-0.008364432152873618	-1.6981319869815615E-4
-4.018184252266335	-0.49617452561599773	1.1373620419788598E-12	0.0098487512277847	-7.920721055909609E-4
0.23732601130710762	-1.9620539498280856	0.02647869203884275	0.04066193030790627	0.0274493651211435
-1.2157554945859506	-1.803669564188013	3.739885187702725E-4	-0.011422502718031274	0.007749890533231566
-2.3921304927378273	4.020948647805048	2.8645459070884104E-6	-0.011051237324992363	-0.010609667145743648
-4.89368701900327	-0.4461567015562853	8.313690846586482E-17	-0.018650423153462246	0.018427603078684233
-3.7617273824870425	-1.8992429472264885	6.916778075699304E-12	0.024092493738603154	-0.007932707461675785
2.256902261728654	0.6302141735676772	0.04386952166032989	0.09177277485782298	0.046366103805364184
-3.8827206818763726	1.5008931192038624	2.013408986841967E-11	-0.018864892684390927	0.004996941057483144
2.468713326033302	4.972160830164643	0.015818452933261205	0.01281893440619691	0.011597297814723344
4.457225277259834	-1.985406774874935	3.022536116312468E-7	-0.004259501662739489	-7.266372024585792E-4
4.682441629751798	-3.183225047142116	3.852750846146518E-8	0.02480723194406178	6.0705263825369234E-5
-3.5774450244911593	4.880462084548416	1.1574032727296572E-10	-0.13017475945574292	7.259293091849863E-4
2.5378910436195685	-3.211595389441353	0.0027774282827244647	0.08272676013367129	-0.002248833859809416
1.6961718931129575	1.4790660844767416	0.2746768036095276	0.22199212659690973	0.27789447903557735
-4.829762649185893	3.3127473464401653	9.34043070701236E-16	-0.00907458880684607	0.001901777615253449
-2.5875108795455324	-4.711972634896845	4.836310688973207E-8	-0.029450509549605465	6.49794392329705E-4
1.9115953358065294	1.6710664971964428	0.23083234499101088	0.2537518600265644	0.2467207342543363
2.0192537731814397	3.0195082846283956	0.2407334329176183	0.20611990378329825	0.24212727088920485
-1.937494497779916	4.385021439763062	3.762980014869311E-5	-0.06177042153936806	-0.01579976284858692
-4.774078729689659	2.4128044497098013	2.7460232169980965E-15	0.1172758345226	-0.004974935041674837
-3.4750976247283525	2.452681638888878	1.6695955505012275E-9	-0.011128359498579458	0.005342061418756939
-3.645441412226471	-3.233911321793949	1.2456603006429105E-11	-0.010936720004495144	-8.29055261931163E-4
-0.7224170042620806	-3.151130437244695	0.001553385140120336	-0.0421218746173158	-0.0054540657034646035
-2.8700417138605436	-0.03481730426226726	4.104099584410323E-8	0.018115785241883963	-0.0031915755631370807
3.427148782247663	3.6580594750795328	0.0010877445386691025	0.04926118339007748	0.0023329831174845822
-4.771151527297926	4.503557637053861	6.578308055421027E-16	0.09827315264863791	0.0015966172807454918
-1.11815700021203	4.225633644706823	0.0026949473349438743	-0.006353123179061433	0.005905850768137365
1.7537874477785316	-1.2134101478388493	0.03779646131167452	0.04403838095044268	0.038134637247722196
-1.427339646537785	3.793378942709296	9.612509495192834E-4	0.11050388813124133	0.008054493975003267
-0.7944651421870894	2.874435685460563	0.029809577127424883	-0.0017647821955626593	0.034032974800363484
-2.4144369113777095	-1.7723182885803865	4.444779086098586E-7	0.008251408040019023	0.0058160089319042926
-3.501608203392607	3.741705617236212	5.770437475671824E-10	0.026094305910065292	7.680602850611958E-4
4.570584073322008	-1.3460399953638924	1.816542466289948E-7	0.012615646121459309	-7.78110975361615E-4
4.09621253063146	2.118455706971732	5.101686751465006E-5	0.05546644642536473	0.04917104032695881
-2.641946130667847	-1.9215525545225107	8.367513424732855E-8	0.010362865430019344	-0.003421108295217473
-4.557518533358204	3.025837043353283	2.6130066152999672E-14	0.005988394498950354	0.0018570325599175238
4.8391433957571035	2.4085243960040685	3.286434129876458E-7	-0.07630337608053304	0.002423404336891985
0.5160669723919025	1.2310733441287276	0.2815520676045236	0.44119814298818194	0.28302571106944163
-1.1426363766227676	0.6753657246553324	0.0022396047278631613	3.4661290659602074E-4	-0.004651502478934268
3.56495356972437	1.0202671487762327	4.098573104645308E-4	-0.019338202968353212	0.019431149626556878
3.1096207291397064	-4.282241328779445	2.473099783314159E-4	-0.032347404012827166	0.006043737272600462
-0.14653483333579853	-3.0761425834924117	0.008317413502039621	-0.021269780805336574	0.00904478020522549
0.8698714073391765	-2.896484697397997	0.03242555199234885	0.10381478047813796	0.07313611348047065
-4.3958069111703715	-1.6716108236851435	1.2191719131744236E-14	-0.04271011633296816	0.005814073567407763
-0.27461266378953386	2.6449902872671904	0.1613263727654034	0.0789379403775586	0.16531224230419037
1.224043545314311	-3.7304283763625046	0.02376525107121846	0.13369617328334463	0.03054988483766904
-0.5449215873538273	3.507783260451104	0.04148936334055455	0.05001327624982104	0.0472784429668063
0.3745266747054288	-4.874559235631182	0.012165946505690396	-0.01760876084565427	0.005799122319112135
-1.3187126618585152	0.6167928607413629	9.742628650946156E-4	-0.020322901233926372	0.0052615131769395635
-3.5203935242375053	-4.585237289066672	2.5982257486812077E-11	-0.0022150110705926656	-0.0037030807691177943
-3.0090852771630026	-3.1686387240933356	3.139109718381701E-9	-0.010227083834651486	0.003203130845112757
3.860141874372667	-3.545352584348854	7.420243550498758E-6	-0.06875110785842954	-5.680913353957438E-4
1.8486917878380948	0.19132768356961272	0.07452059321250278	-0.07823264434184658	0.0709468509761737
2.84214455843256	-0.7573350503883809	0.002844230230493713	-0.030359512585398627	-0.008157721217116682
3.81486791534992	-1.5716114380246649	2.0370063163442673E-5	0.007522691729904928	-0.023026629712715352
-3.093213854602823	0.6025915406864168	1.1025570476860479E-8	0.03987411714921679	-5.210272813132555E-4
-0.6684664005720586	3.892239348423157	0.019693412901188104	-0.0022146679042729205	0.00924029991776268
-4.766708571730861	-0.6307656049091079	3.28177535187608E-16	-0.015686591097287837	-4.016427847027165E-4
-2.3437467458918726	1.058551298374761	4.253335991386538E-6	-2.6425010418615124E-4	6.282874249367726E-4
-4.168444870282439	4.186616088862653	6.192772706279796E-13	0.027005178305215725	0.0033366134268070172
-2.601362861628944	-4.1340858666012315	5.1527149740895265E-8	0.043077678455688925	-0.005529805798382389
2.8695231883152053	0.35512627661858165	0.005231494997018648	0.051997516276796815	0.005093237062693856
-1.4450697937464874	-2.7285457726464166	8.875844338055367E-5	0.12357061458252258	-0.0011322960371449766
-3.2289150865280156	0.08707733049852084	2.436267281869688E-9	-0.019472700912514865	-0.16459632625996862
-2.0623462193199016	-3.380083610707901	2.363837014285262E-6	0.0923587967869566	0.14435465313546073
-2.806579415162708	-3.4835730290312727	1.3766196411069561E-8	-0.009808799016167966	0.0011513483138262143
-0.5382151942169147	-0.31142613557629506	0.010308023532421847	0.02919806379785979	0.008856727204761076
-2.911539943712391	-3.1427399504642106	6.857799349645669E-9	-0.05488077685767332	0.01799914923534997
-4.124084020914255	-0.39958745239789195	4.115720599000344E-13	-0.062255632267231235	3.5434130019893146E-4
0.711301404751846	4.216952795365604	0.22180524730477227	0.2722142831007511	0.2187586274150563
-4.783714943868569	-3.8093918238235904	7.234132799317405E-17	0.0076630979365967635	-0.003617543999650412
-0.34084989518104347	0.7437635263367639	0.038663814073627255	-0.013984801638286831	0.038312015723072065
3.5135241993744533	-1.133600740807589	1.2524431701960468E-4	0.0060511743095923946	-0.003006403943220875
-1.1924613400139639	-2.9750701708077623	2.621620029817057E-4	0.002786039272896116	0.0014903267071598798
-4.903574607319394	-4.48196625969511	1.4634167165569114E-17	-0.0027184411396294615	2.0682479386801487E-4
-1.6437129554488639	3.9501762640623976	2.790686561250543E-4	0.06214415801883577	-0.003455985681710385
3.2139759119723106	-0.3814567299085603	7.8229779160451E-4	0.010633361491376869	0.004517689478054618
-0.8941244587006807	3.616864689959044	0.01130253455126937	0.005089143076109421	0.010695988977937537
-3.363629995055911	1.2926836753828557	2.022978361103256E-9	0.011404856402833738	0.0019096541641030502
-4.444405010956107	-4.723151342325307	2.5090603543283478E-15	0.007943816452167914	4.2233783247855566E-4
2.397652715635738	-4.159550232125362	0.0031127921452189324	0.03187709616324711	0.0018102357701941082
-4.5519506465621715	0.811421590678588	1.0130830765562136E-14	-0.08923459636910282	-0.001387122182980734
0.9071111139120127	4.968158473108852	0.13596202894191803	0.22058921105441448	0.1341111904789003
4.980287019324029	1.7695755240687907	7.597672978248606E-8	0.03652640607829917	-0.0038849815373342483
-2.716524849148226	1.8101688167673826	5.984710797996344E-7	0.06779388368339337	0.0013394108017209274
-3.939961978148924	-3.3838841723608803	7.041863745516039E-13	0.008028621896456081	-9.561183686000378E-4
1.9554490985778354	0.716882499025342	0.09164623604144438	0.05524486120915702	0.09117229508642943
-4.293759899926885	2.5100047704299246	5.625486114285786E-13	-0.00693216011659406	-9.86134238199573E-4
4.324040013210011	-3.2602448006985196	4.6244915069773656E-7	0.008869207450322849	9.946057323675704E-4
-2.023759138697593	0.6696374611010008	2.3505022037619738E-5	0.053642448108944474	0.007480185638539761
-4.403386229116673	-2.238382227118475	8.835120318693645E-15	-0.01964741454659488	-0.009064907046290193
-4.352240218431613	-1.8194213196031592	1.8241957144472842E-14	0.042157508315474025	-4.058930337883988E-4
0.7795505439127979	4.300690463100116	0.21442138211508113	0.1975823585237862	0.21463686602021986
2.2919072711085056	1.9626174985769973	0.12656726688917908	0.21143014281804123	0.126296178541556
-4.744166530415358	-1.8407503427059204	2.3351511518498383E-16	-0.09955361619005719	-0.002616955367534021
-4.655750139145316	2.5368281929461256	1.0674050155815298E-14	-0.0015392432431037997	5.669649311616054E-4
-1.6241460648432748	1.2929833101879504	3.846031371009276E-4	0.015500343615573852	2.44812438173968E-4
-2.6858759212361063	-3.7803509233781076	3.096206178716963E-8	-0.005266767547146276	0.0044367060275057
-4.945831782461698	0.5446539052064718	8.8191748395857E-17	-0.0550418556366923	-0.0010479691606130003
-4.631904045609491	4.419823896864273	3.435339562868497E-15	-0.01662125767509361	0.002774349381002235
-3.508102205849295	2.2157582449883186	1.1650926691587692E-9	-0.03150922523573082	0.01422401828384498
-0.8183256228781177	-2.174625166794726	0.0015899291404141472	-0.06925183495916752	-0.0016367597804753699
2.833916369624644	2.8424608123880635	0.026283397682652115	-0.007883334592165385	0.02755796631331523
3.174079571256378	1.4416044882509418	0.003817056025017489	-0.015248260731888912	0.004128315843852095
3.82191679975403	-1.0028532442408955	2.5837645709125434E-5	0.02178461644450467	0.003530073280214149
2.024083568776903	3.6774566173774623	0.13546856164079385	0.12648951377033396	0.13345736992992083
-1.6810884826517558	-0.5454740000205085	7.211716242234894E-5	-0.012944853373743185	-0.005077735344509647
-2.2893693294069473	-1.0236121704694479	1.4686240638823146E-6	0.022895866926926776	-2.654825223520629E-4
-0.042334855692574	-2.3587077877720697	0.013601305606768683	0.06369336674824438	0.010840681930331546
2.2301586827913242	-1.1507653695168916	0.015155765641371012	0.04165249976519702	0.01257482901410618
4.105017512710937	0.9309227537616866	1.7749661188068078E-5	-0.007285658616650754	0.0019018877154672981
2.6132358138984824	0.5903843888401976	0.015286063056217974	0.07941802980401101	0.011253535659748397
0.8360041319953275	-3.9497183634088664	0.022745083331623443	0.0954984007918813	0.022691218596799165
