-20.749044398881395	0.775837630463275
0.3583038567792793	0.13289939278594834
19.28215494408056	-1.0070430362619078
-19.301446774563534	2.8594393282682504
-15.998839134825525	-0.020445718695173445
1.3690146952887778	-2.964107277870926
8.92739638949717	-1.39066739295406
-3.5549497430488053	-3.4431465477945036
9.323834266223239	-1.3151902739118995
-2.742631764526026	-0.2292271027299809
1.2025879564361308	0.6364257824991025
23.39470022820739	0.5169558507474639
-0.29033266236054267	0.20573535097437468
18.16594559391375	0.8813083272410099
3.404739053878006	-0.5992509693090018
-7.035485748385458	-15.694501838551869
8.830989165656776	0.7089658434000207
22.249408156823847	-0.7913629924033605
-3.1874671049700445	-1.6796797164193649
-2.229167837572345	0.15938272169061196
-7.069280173576564	-0.5870544988726666
10.707036825045522	5.793170877745645
-7.509160233954692	1.0914381557139854
-28.628885826915358	-0.017318782159900396
6.129713924458336	-2.001259033933175
6.182141553395043	1.9236688360947165
-7.146408360859891	-0.6682038211545555
13.230626869934698	7.3834666796873245
13.515172094241937	-5.096552250658672
6.982228267681121	-1.6078612533046681
0.651970397839791	1.809421438353117
4.270134670548909	-0.45111757380748674
2.4766159932687715	-0.2728521780632463
7.411418442452763	0.37387161691017196
-0.4431297820497801	-0.9825946782191276
-11.496944798172384	0.023885750318611294
13.36326940347878	0.36365095457257196
-2.272157562835051	0.6392055797740838
17.973319022933573	-2.7719355689428005
21.616330273972732	0.6653141115095715
5.031096040662947	-0.43608969555807636
-2.3504981064542974	-0.9756925051153189
3.474372301680264	-1.7614999201355388
-11.038953122461644	2.4158588332109594
21.35739162538087	-0.5898680329932448
-6.156447169858413	-1.843559516864789
14.32950222468403	0.6500096562390625
-12.607327317644241	0.34382635052766913
29.537710252763045	1.1855628631860238
3.1607077076874663	-0.1841270614627887
17.209329147793557	0.5775254948625097
-6.7948777906241835	3.9370221717352862
-14.575208812491171	0.5221041637892144
-10.19839663742518	-0.41489742372671023
-4.019624449754563	5.2867228783870015
-11.418152461747109	-0.5678389812850412
8.667101313131909	1.491100258125731
1.7993252814132759	5.024699467575451
-26.472284591402122	1.3387182571323395
-13.838653776180639	-0.26005123991619855
23.31002453304978	8.621045925052195
20.100135393768877	-0.2943281733932827
4.40626848106284	-0.6287324199953513
19.18321420919501	-0.5544487748060232
-17.48156882778225	-3.1972234218291136
-25.37922185703308	-0.30386911390767957
9.378475267779384	0.9915913983902758
-1.3783240524117149	0.9447746455876684
23.996416024601885	-0.36171334621042284
-9.399641507035938	-0.13031705494765258
-4.730212382198974	-0.022984843967521172
-16.958205772575184	0.4244191178256252
14.892034193452886	-0.29229144251715455
5.705388663906748	0.6512746798339625
22.63098009768466	-0.13918257889555544
0.3712455338144472	-0.9789874578396751
0.023375509369157346	0.8197658128523014
-27.02186136691564	-0.43284571994868254
-12.841692276086485	0.2836089124506947
16.84461518000377	-0.4944547534818955
31.82244269478718	10.23607859562812
6.656271234028807	0.060115937641246044
7.3791285035371486	-0.8979547799496003
-6.242755886456748	1.1545633654602916
-24.575606077690875	0.9790790260787423
-9.72173436184318	-2.163840791416617
-4.240233043493819	1.2404432937780248
-25.359106318939556	-2.3162125618073093
9.788329565896653	-0.050048288743493104
-5.064226436659253	-2.115471656879874
33.82785575505366	0.13508320917583466
3.287385018679325	0.9411379509234543
-4.636910302188042	0.7874371008564566
35.85769294437685	0.34784156001607863
1.4235527801397836	0.9555539206436262
1.77963368190621	0.9073157733892185
1.8254802009565916	-1.6000223062546965
2.4793409774414905	-0.5394997363545
-0.1705653507480023	0.12499728721343825
6.269729233114587	-1.399899061527237
15.185043581972263	1.6208594360113797
11.47883714208712	-1.2157053469188832
10.575389549557519	-1.4211306307727198
-1.3015199835294973	-3.088786431410452
0.3294841214618963	-3.6233899738619395
4.561478628123282	0.32906423413354385
-16.487790315678993	0.5591463324441235
9.414490421029534	1.9117173183356335
-21.203965694563056	-5.761900733376956
27.02310633207551	-0.5611117661558779
-1.769301028825582	0.6680881041766086
18.53166640229849	-0.18626732907490762
-6.427466974616979	-3.5111587883919544
-7.092100384411135	1.6989352965696825
9.71429265281035	5.634147581580549
-3.6613655379409873	-0.17142200216536274
-0.06172587194266722	0.17843976612665102
6.316652656270488	-0.9735072230486317
7.663028454600549	0.25246676029803583
-4.134770101518089	-1.1353635615483983
11.389726677785767	4.200934891782223
24.72362489379652	-0.7306909229853417
-5.771064110128202	0.5504864680323297
7.1515949809554495	1.48722065732036
-5.853480266275966	-0.20074094658138136
-3.4954801287298807	-0.08965187812027015
-28.588291137982875	1.2991955749362716
5.650405400307927	-0.49632007847142623
-15.93245886828405	-0.4400686823362277
-0.9311802198540353	1.738487338430308
19.94657389811341	-11.140396429405923
-3.8439872583817762	-1.257027424590962
-4.140589194219535	-0.2777781821872756
17.552295977875676	0.8685989066378584
0.6302497462527484	-0.7575379848075615
5.4154653585953465	-0.1369846711467681
-11.863740198713721	-2.137108854835511
-3.8265881910685198	-1.1435980127760794
28.339838929573066	0.9395339666265612
-2.4764289995619215	0.7285994660766714
-17.59074898248485	0.9118620419800008
-15.12723824246361	0.8696072240029717
9.417839915129333	-2.0817254288909917
-10.23707609117985	0.39439042510593947
5.423176664353345	-0.6775171787307597
-18.97935981309223	-1.1272026651883718
7.655328700694926	-1.1400790335531081
-0.699120900802358	0.19283453272225165
26.13037886311716	-0.6529384466157258
-15.078920159869655	-1.4869229172474596
-11.370827390134972	-1.9611692149367796
8.657579127982542	-0.8255664987517894
-37.01545056967146	2.319370615324573
-7.852293694485401	-0.5645410116396303
13.94902579692073	0.24728492935385404
-11.547413020372751	-0.36008261475920983
-29.212832579235982	0.9133367288724501
-17.974261462747222	-0.577763229021375
-5.745425596303369	-0.786002550149689
-0.7122989244783233	-3.2118040100538945
-26.563975470976374	3.482930497382207
28.728795805173384	0.6159260026357245
3.0803121518750474	-0.9123386371233027
-24.67637125558337	1.1080781095131524
-15.0109495000824	0.4364705441233293
-23.602739561456332	2.3554957492568755
7.002178563241241	-0.2949210932621964
15.454074711495279	-1.8325694555505343
-1.7856262540577321	0.24181196913855146
6.406251893159196	122.58460014355772
-6.007173166087634	0.8082482930679681
3.207528700325751	1.4800696743796218
4.683734313548564	0.8247268852092174
11.475949147129375	7.756998407496156
1.5606400719987712	15.082448625393042
-8.246297086533023	-0.1341329491657162
-15.17665623339435	-0.012659484804572761
-5.451430854786423	-3.8455426804166484
2.1774451927283502	0.8270130964844865
-8.362715475750715	0.3728512828835878
8.282088341818636	3.9775939281472725
-1.512840524820339	-0.9106485400425756
-7.819072587387443	0.3844148998251157
-13.297245196532744	0.9355748901823165
-5.5498956921800975	11.231913823132052
16.030424915890762	0.9659979314780115
-11.343652773707026	0.24681457254916925
-2.7992798789778774	0.1383515910162882
-21.001043535785033	-0.6260115324011661
-23.868919825918457	-2.510762074152878
-14.818637082811623	-1.205408608006245
20.316467765003132	-2.377515443193703
-22.525050341173166	-0.37064036835310643
7.504875079237681	0.7759695584180663
2.289704968950078	-0.6641566352172066
-26.975522390988356	0.07690736649460722
-20.540961730525865	0.19984476926192177
7.4553664251121115	0.5178152940762132
2.5304382088463555	-0.20597182128497316
8.6996664852098	0.18162309721040265
-6.683200550139988	-2.0473669856386367
-6.847610594422209	0.42466024948399117
15.7849213768609	0.17044576960231447
-23.497540872004954	0.600270478943649
4.500391409300005	-0.9865289579748747
7.677480550654262	0.33903983267528054
6.63077165081826	-0.3829441378084468
-14.522093045086612	1.1532833885796026
-5.825301376784448	1.539084183413783
-1.0070128985062294	-0.1701821674484806
1.7047204108047462	0.8812282851613029
-22.34181978772964	1.9137458491051387
5.191694787596098	1.6582556903086225
22.45627260283951	0.4050953328390513
-9.924406958319185	86.79643262777388
14.870515948305739	0.6440115610495378
-12.54355272506527	3.508449497585616
-5.277745350603758	-0.21454388691193874
3.4208733440994936	-4.115835481598413
-26.476196132474783	0.10983621710633346
-5.198798885200565	-0.240773601589393
-14.883865383568978	-0.3205947236002108
7.839450282069038	0.7293921120754847
-5.799704644615113	-2.304279128657056
1.1826071082971243	0.6752363610074792
-25.730649420588026	0.2069927461236322
1.4905553879839422	1.6857869357382758
16.447186651028137	-2.3554614990686185
-2.776492497091469	0.3113478056687651
8.252621083317162	-0.12288505147076675
7.128691133983981	-3.2051950910111087
-3.3800053887124313	0.8856382996383532
-1.4894437449187898	0.6650457257081009
5.106428005133851	0.14676496309843431
-11.12388641772085	-0.37083031436504416
-33.318008090381575	3.365387180029284
2.7085802324661583	3.1601658012134517
4.039137003120506	-0.4838523405282405
-2.370179622496149	-0.2018643147590893
-7.141832315484477	0.2503625644436888
-19.065139230545643	-1.558109896059078
10.823609006210878	-1.2081361084121887
2.020393879018889	0.5828181299630865
-1.2115374528980718	-0.6451820531013854
44.50933458176901	-3.05003648628171
-14.071083598950427	-1.5679043393549912
1.1368239183011852	0.5130096391176584
-1.4635002919839253	-1.13318106511994
-8.811339038169137	0.1812497713168949
17.19318167461098	0.4979273221883698
-2.4702766900664677	-1.3112249969115153
0.3588115670861666	-0.931877025372743
-9.368837820674251	-1.0897784059746713
6.772151759797247	1.5451255661109842
-11.809521010912556	0.9815581245514743
-14.23291245713103	-3.77600141465879
-6.9903319081769455	0.6191095563602493
16.161441832534464	-1.0794127040618722
10.686895753120805	0.996781710137918
9.683564658387471	0.09981047459155863
26.72665157076677	0.7817282911771659
16.37679055703274	0.42256764222935816
13.109969516863522	-0.5471465426372026
-14.137684114989819	-0.4722394400403227
10.349755457457183	0.4104415590394803
3.86551053098689	-0.5223288189433397
-10.126988373146053	-0.5992417417866591
14.962210482825931	23.1092006025437
-15.99487773437369	1.1933347822307998
1.2958769449816092	1.153038780345888
-2.2410530706805245	-0.1889312051294763
2.4649833878794687	-0.41518029303064236
24.85071623506774	1.7699420364240792
-15.357730603471209	0.4947160409695264
-27.988971836801298	-0.37350631218058916
-8.52429661437034	0.1201430310889538
-15.513773209167093	-28.797794320127142
2.3336046639235253	-7.6808563167298365
19.503509774292834	0.6155694339305708
-9.759283374446806	1.1411150035383943
5.6269614127109095	0.6734008363518014
5.0694067180466975	-0.6571359481114621
-1.8906291653496765	-0.2892208030566198
15.175255602566617	-1.365917922083687
-1.373969722447283	-1.9358955274336302
4.433898960589108	-3.7926860901562103
8.143697056795066	-0.4139977472660706
20.594835336397985	-0.20872951747602808
-1.1537777625076513	1.090568030347133
10.320720287513602	-0.22921735079781683
-30.315432276171133	-0.5150331263922844
-25.22381308883478	0.5391030122809425
-1.6852143105223294	-3.6996201323177518
2.2136314668033648	0.4532156661057775
-11.197109537365735	-0.7537087949885137
-8.193053906705913	-5.212327948160793
16.216872060078767	-0.447358382567449
-20.931278032532234	-0.06413038051863598
-18.804427990163823	0.33571607150828353
-3.3476923823812466	-0.7836634370838126
-3.2694116951092154	0.008052049494245617
10.28771415548714	-0.6651625675918568
16.042419669462955	-0.8825232455463535
-8.872008000198408	-1.9300751247322807
36.76991589863477	-0.7077699419384349
7.701806904228261	-1.8271526528607867
4.470191104524753	-0.869085054857317
-14.105427519722623	3.5458714505819775
-8.343986636932707	37.61345451057007
-3.2378359129444494	0.6416025365774586
10.40154769282989	-0.026461802167062964
7.8132757425468	-0.058714254666758184
-8.058455477607303	1.5129802542409847
0.14646627398810577	-0.85285193085323
26.817315383033588	7.736488040639649
25.675116773669036	0.32417156720927864
4.613852754426056	-0.43233608142743135
0.7452901000763171	-0.30806128542980454
-1.4961940725547964	-0.5008052856593411
18.928346016649765	1.4521326052808752
-2.9837260853650727	1.9262042094062897
-13.979528219323235	6.858577410950737
-2.7523961834739916	0.7587935222229218
7.911010250950197	0.17077276159655727
-9.954297446369358	-0.13888133442939973
-2.8483428196603278	3.358637227434447
-12.5534304974291	0.5001016255647244
-9.494058730803156	-0.9437698638999383
2.607788894619898	0.027380174286095897
5.235033802787732	2.092654053545139
5.831077251477805	-0.6085295615100343
16.217096639656955	3.0633648394882504
10.996606483027097	0.20125839444781352
-5.9501385277695835	0.5900855333943307
-7.608800723651347	-0.29140666309332824
-19.005492551468944	-0.49424746841300304
7.564397179443144	-0.360877133712939
22.621121551892507	2.73007953840576
12.083603381585473	0.490615340423857
12.663309852303104	-0.18891378719699456
17.569790116162284	2.183994901931587
2.0061620403175833	-6.6258939737047005
3.273217782518285	0.7694316786929434
-0.8210207181592385	1.0019775126379349
-4.530949616335045	-1.6151235547628766
5.8645006250244895	0.77975529714696
-1.6155607604491895	16.959939436484227
-8.07614302056722	-11.454743672973063
-7.502637466272727	-1.0349819693434203
21.37884758714017	-0.0765305622738647
-8.448834537003332	-4.567878406134032
-13.44779623792499	1.7769983589476392
-0.46633836022573644	0.030118700214162488
15.142281583827193	0.2422139644189214
-10.086147153005994	-0.7951929274971549
-23.67745950015228	-0.17824536245982128
6.395270778841917	-0.3600704093463729
1.855166164886374	-0.4773353813434525
-3.2328388586072063	-0.14734794380306673
-2.004249189522772	3.530832000015656
-1.6865258684135365	0.36823047745568493
-4.66869169930877	0.36064903868412423
-9.127326581080021	-0.31661800365163906
-6.153081473217825	0.8927622810583388
27.664341753877874	-0.12100974706282269
-9.156394154035826	-1.0448824794832527
3.3232659994224543	-277.4427418515743
4.877399163280389	-2.153875101237391
7.749737796096967	-0.18222010018410464
5.165114264849454	0.4858306033610289
4.1675912914393685	5.357526041146749
3.669766471214929	-1.09861379105036
-20.660939728152986	0.5797035655014382
10.341190409074866	0.5156171796782772
-7.473627470274267	-3.127970774757454
-9.648203023049913	-0.8924113247152886
-5.199560789037253	-0.5848113061084457
-17.086701161759	-0.4940600788835203
-8.340545285512293	-0.7898544643049189
5.31557136923204	1.3078415503166299
27.660782719819874	0.554993775666235
18.364300990915297	-0.19116417547998607
-15.317755241162072	0.28420006232152617
-8.462638187419504	0.2751296011836839
-5.238678205065002	-0.03070475575470936
-5.526412876869064	-0.33354958517857874
-20.514357156913334	1.0014928849529183
-31.24460178310159	-0.1982139914412743
7.741345324616669	-1.930354019257043
-3.5621793055628714	-0.18437704215803583
-8.92238512416213	-1.579653073585512
-18.599827586666805	-0.307128004640096
-1.0711522958900397	-0.1142677808912632
-6.408572078304241	-0.29160399968072676
0.058422960871530406	-0.18648029720131726
7.2527619971993325	3.245161582617894
-15.663266750948175	0.6392473215760353
26.91178301176672	-0.5175384763637575
7.018283323785101	-0.0999512142594854
-7.728806279536163	-0.05927825645212383
-23.14457915683642	0.42437835841589555
-7.9474622376019335	0.36027996857311995
12.840997206796494	0.4154514357263582
-15.469595900179506	-1.7585800729169836
-8.591982630230964	1.9736916768976727
-7.563844277044385	0.15811510595376865
7.879010164962222	-0.9780555240358589
-3.1130459842566913	-0.007883148817692595
-1.9692201813018735	2.324094647935806
-1.9865543861837802	5.133457533039519
-0.10082525341599737	-0.3654975623915708
14.736704350731742	-0.3763499968948063
13.641938683206874	0.6473294136478245
-7.599629110946111	-0.5445087432490888
0.6811911473640639	1.4085597236850693
25.66136976624908	0.05011438580355139
-13.814364110153976	-3.2796396869112976
13.215642710001822	-12.809891560569284
-10.175075178674913	-1.5287171781937352
-15.816933038000888	0.7805829961017527
-6.876479441029026	-2.221791747209583
-23.069218907541423	-0.8884563638121821
-6.0104336440215	0.09706402198707459
-17.631308605550885	1.9478171358504974
-13.153566441884463	-1.4139910560098292
-16.434062173195006	-1.5740658393168367
9.552310544562388	6.88648700395075
-0.403538232594118	11.651027264955466
2.965758620326056	-0.4514050896391632
-10.224287697378685	0.880401043835698
13.16160510884599	-1.5817626500572188
3.745829722855553	0.2461812953599038
-11.692695629423934	-3.3934645617662014
11.164481520977988	0.6203473410777236
-8.23862320444667	-0.7728084091810794
-4.135959398752818	-1.7575439311719847
-2.7025691199624196	0.7497297537852184
-16.504509078304253	-4.871164754652278
-3.9206947485539336	-0.707507312580147
4.387717558373141	-0.42301445504578605
15.745107594383223	0.9736823050282215
12.753075384370144	0.7503964211329397
26.57192194103646	0.30776149424011057
4.96036970189604	-1.0813458073030526
1.6490682025611005	1.0258953154703343
-3.804002846319495	2.5761487288363503
15.656952332156443	0.4265036802738353
-15.694979004442441	-1.166149250340974
-14.48774575865614	-1.59482883052911
8.237963407450922	0.5978362656142211
6.743220098957162	-1.1876335545940744
24.014924142888994	-0.364359435249505
-11.096496026926143	1.3236656679467933
-8.299630498023117	-2.8465744346148987
6.889924131510987	1.3334970261540513
-9.021629708715032	-0.560098325033106
8.908350305557539	0.059835835967307585
-16.719982597246403	0.8705832815184085
-1.6650842904620147	-0.5759514036626507
7.628416816886872	-0.33556417106520625
6.551700538964562	0.5783390469557034
19.03538231916009	0.24491135521970164
14.231761243273704	-152.2269536694964
-3.217356675785313	0.8517997553453246
10.459954187348766	0.17437302925904521
3.2981473348230526	-0.9738723958667934
-4.104718841202461	-0.10271502433147088
-17.626707144882058	0.6169740329552412
-5.498461421232098	-1.6830647397384202
7.401090173207809	0.4989916529725361
-12.51661318445696	-8.17346205375158
7.6953297272486285	-2.785779785467349
-11.197512314752823	2.163016164977671
-6.63132286235604	7.9023290747709884
-7.5072227435821395	-1.033246184604308
1.4999432183659063	-0.2145212643953341
-22.451438963660255	-2.263630927910474
-8.290760327655418	0.48312214284580757
-12.185250300930143	-0.023405256216874597
26.956487399345317	-0.7742700998755188
-7.9667957917669465	-0.6400345779876544
-10.526034843553209	-0.07389028101870602
11.594452294973756	2.639510591025052
-4.461253140036211	4.0465474452799475
-3.4684474729072883	0.5840666369476702
4.040780963259385	-2.4167852034906647
-0.41476370290929715	-3.482157663072336
-6.777996855284744	0.49319179648118766
11.657309553690773	-0.5611306192617916
-4.920622945104212	-0.3627058867971163
0.4821508703320765	0.003849150525271496
17.19935462330231	-1.3291558299673805
8.628161461278507	1.5012849032587132
-10.82954864238442	2.214660318258784
19.8171537308793	-4.942080025168172
9.489367265927154	-0.8088534818677641
-4.776846168301466	-2.4079102234669123
5.282204588462978	-0.9769988238254896
15.126312270328036	0.31475349208632825
-7.6408701296314545	0.17243346840541005
-7.272412666114129	0.5150523729764208
0.06039458660970488	-0.4793777832546524
-10.29573093800103	0.34923046336118446
3.781287122857656	0.8954587410132195
-5.59568354263515	0.06642783283110112
-1.4763024928048751	-0.45633834299922776
-7.538511935844769	0.35266416505515746
-14.05807381831647	-1.7200692181930677
-26.717235883144856	0.06064547627915329
-15.969685030186506	5.8036538712991526
5.5247395809934225	0.4497736699613298
-20.597362214175586	-0.42070358742746267
-7.732472730292205	-1.4353371151021583
-2.475989167392697	-0.14347921006926992
-15.340168779506314	0.18860541334432296
15.50487417531566	0.13251738279150083
3.0804141337959168	3.1745364480818954
-19.876102676465678	2.1415817608944594
-3.4717485111769015	0.14961264201600352
22.38100785689668	0.07762968193173725
0.6631879573355536	-2.334662797934465
-15.26299461203153	0.26465760765058477
12.961797693498415	0.05360349304969596
-8.003867636196027	5.376664693813915
-5.695451566037176	0.37266816341495956
-13.493596343907651	0.1559653441298631
10.22478323833632	-0.7024353824992804
8.655836414113352	-2.6726086197120953
7.543126889718345	-1.5525741056484388
-47.85885671866396	0.28208016752004783
-4.596520870722247	-3.217550467685564
-5.4504427691516355	-0.3498404320713791
7.9974254264477755	0.10006849359401665
9.380305958526732	-0.29706407886250036
-12.978853170481312	-0.35994933539818086
5.730115848726195	-0.2258638267114538
-9.431069429714222	0.21252337235140661
-20.1992222614627	51.222796023959745
-9.611190270256978	-7.194743372737197
9.418722154563184	-0.06688083920982454
8.296016954728067	0.20665678955292646
3.36824242307678	2.9561365028775053
-1.1492510789793409	0.024866895850393277
-5.13205060114352	1.4350678055231167
19.488553684325105	0.6167434427906671
16.471829636629916	0.2567614763085349
5.661007205134785	-1.1159213786537507
6.515983701334192	-0.4891587437285564
13.783827447743251	-0.2667082084967789
10.073397069000007	0.6508472704342745
3.7295994528360836	-2.1987496318457405
1.9399783342456327	2.8575358445472165
8.065163576896904	0.559179305571197
-8.265780899959346	3.5022873138996706
35.675733645453896	0.621677637347319
-7.559992151496878	-20.495733287809607
-3.8100277945811474	-0.419159123137397
12.35690024332314	-4.8160859058095165
-9.716476582218194	-0.1568042997733245
1.41633250867436	0.652676895069258
-0.24317056774004386	-0.5870339486119407
-13.942483861356507	0.10025200247853182
-12.199800868303951	1.0802710007873602
-8.837569421695662	-2.5882346960622833
-36.44416279634763	0.7102546465925804
-26.565730854308605	0.15110298408569126
-15.096159344816297	-1.7257722201876893
-3.933068267230285	-0.8559174668907719
7.155770185264992	1.9844845346743183
-2.269287275803583	-0.5216344532699588
21.3241792444362	-1.8868966031206271
-15.683447457578128	0.46974258117224776
-11.25410429862104	15.734632562710447
4.566117914305484	-1.0521471961077422
-0.4090956214650453	-0.6498435110520799
-2.0351854440951707	0.21859350141709444
-0.26336664083092653	-1.46739418365784
-8.678773854709206	0.6027176194012297
-21.665727167886327	-1.202576091201427
-5.992319063328735	-2.54678227398889
10.675578435021553	-8.845236578144643
50.740219496582455	0.14675081070503845
0.49377350505068457	0.03538812431910994
4.428701298881145	0.1305572684414044
-24.96801459559926	0.01982800243333552
-26.970793083161016	226.36494049764926
-3.1836572293246688	-0.360363864337319
-10.21989644876812	-0.12744690700928563
2.9220788311859653	-1.5521678317042826
-12.74854816447819	1.2898655982949536
-13.785026826373569	1.8133479484551291
-10.526503410531456	1.7481364255824243
16.69368423338522	-0.39727452907443683
2.9320947816141083	-0.7184691454456004
15.027947564016849	0.11305795000688539
10.088691760786652	-0.534744415334478
5.134811818195698	0.6005771286004692
15.780492973525412	-0.19494296949282702
5.124861255919812	-0.03696115418764872
10.072869942577546	-0.320369112106052
-1.3552646409343525	-4.788745585509714
3.958466750451609	-2.391278402532526
22.72314198509026	-0.4435428100453436
-13.22624150997417	2.647890615960944
8.460538713804986	-2.399001019645402
-30.481206394725124	2.497427936003317
-15.9749066250157	-0.8015484542145288
5.8064238988986006	-0.16189283399111495
24.34359249652644	2.7260600244120976
6.949563712937147	1.1432657867521485
-29.133145824976697	1.8488475444301486
18.704380950915045	0.1481165722727555
6.525268374858212	0.19547654204331716
12.678817372111467	14.399349965425262
25.501006010035862	0.4369258799980784
7.391757878420639	3.6144263458591386
-1.1398977376598947	1.4045812736232675
-8.020464376049972	0.4570203291959431
2.297907988108981	0.12021326662842753
26.890561541001773	1.0994236772952315
-13.17589063340275	-1.2451559144231654
-9.536494022368275	-4.26634311331548
-6.787266000615612	-0.04972036554658944
22.945933491685217	-1.7530559512267505
5.037508402156111	1.6602071115697348
-16.82190343949221	1.0181203198417461
-10.827015757116389	-0.5309237399880165
-22.439460116937838	-0.3555131024026863
-10.405429386409901	-0.18143102193507807
-2.598359071177262	1.1232399881164186
16.488717818685874	-0.2757954981451915
-12.462861496543635	1.122016876387549
11.672288803269458	-1.5843110321742677
18.35656412519888	-0.1796801153492665
-3.3064442640968554	1.0378790234686455
-2.8415795934922223	0.3521836471495635
19.01583741817163	0.8893503081746827
25.400411594713216	-0.9073601707297558
7.470355453383015	3.6441566822591858
-29.42465179111103	0.638130462687567
25.1354736008661	0.16980206896739872
12.756785964123097	-0.5388486924153074
20.319409395160864	0.95849386734028
9.13457444438118	1.7785481008700077
-2.059808711015374	0.6479488592845873
-11.204868750651997	0.8382313557439822
-0.5255786678143717	1.9435569164343356
-25.74235718374373	-0.9984102608205343
-18.5416342076765	-0.11951195451287498
-7.901986203200397	-3.3872799965539815
4.683453900197784	-0.11036261674014068
6.828519736507874	-0.17906547667238806
-4.980624439597792	0.23607090680484535
-17.036414311887658	-0.11950205957847464
19.76753381871768	0.8768086059839663
-18.796645301556513	1.1932172508496008
5.033448787667687	0.2279038721104917
14.96737575340321	-0.8940285554247559
23.912920734552326	1.7608479719981505
-10.637661102356073	0.14032060448066783
-10.371130823213326	0.8748216764181058
12.300275467552247	7.929824139373731
-7.042121674602724	2.222333655546465
-3.6976748563178745	-0.985944498296187
11.296492428872588	-1.930941889890759
3.2470066340101913	0.374033541644309
-7.43011244018089	1.3830528958703077
-2.717166229992376	-0.2559750543503265
-7.672011839280928	-0.5538173831314089
-1.7822212043577925	-2.250328433249149
-12.393666161615604	0.2756326499246405
-5.085854008663836	-0.7116294727328809
15.327779051437247	-0.2537852336590988
-1.5346810268140927	-2.55337365661695
-6.488322766313288	-1.226068862127532
24.45751944593927	-0.06663204057704149
-17.939635349035502	-0.24913447135333994
-1.428466067204096	-0.284496705506629
12.348053653936859	0.07861896881508959
30.56763801741395	2.509439568241909
-7.66335869957348	0.5263771443289825
22.273601606062687	2.4075525056378755
2.4321670619809894	-0.7411725904717781
2.0007842145838413	0.5156680695238155
15.750920944353835	-3.03252910153552
8.337357255030827	0.602983164448458
-7.94007295373764	0.3523768296866203
-24.52766976342547	184.92225230949046
8.68954936300244	-0.10678096275031795
8.66820287085521	0.7081037265266413
14.330124319028798	-0.12925953508288934
-14.01055595791864	0.0011173682984199022
-4.9071562977882115	0.4259847283486552
-27.706990501094523	-0.4212698785210807
4.217073708758143	-1.7873972041792459
11.133090304516115	-2.1630367209660433
16.595579502111264	0.27245792370174754
-13.59409064929191	-5.725803772562131
-2.6952081693816803	0.26068531751234897
-0.1888526560624384	-0.23680707610811064
-14.905599600295695	-1.870979423675142
-0.22441333539310418	-0.5112701516212176
7.727049818949435	-0.22619439850894502
-21.63835734165898	0.22533731920444727
-20.988715500717525	0.8966710195091697
0.5727272711136729	1.3104060319321724
2.8716068130773897	-0.32021829154469766
-6.3128863398395385	0.5872765611443486
1.8717127783693608	0.4013712891394074
-9.938704152439822	-0.8374268713383946
15.806352462822128	-0.6179390919949511
5.070455581729995	-0.7556496413034977
6.08635928838761	0.15688098047847684
17.2335232920199	-0.3003647296290561
2.573224067365508	-0.05375597664639822
14.40982867657326	0.4497351780571299
-19.553712886520522	-0.5717068685897814
25.615774557538142	-0.5617918620507352
-15.64684962736371	-0.5646374020408838
10.842160038732805	1.322104484892547
-2.1982995592566525	-1.0733546318386773
6.366504431218564	0.42060601581121315
1.984323745089016	-0.5164227566744186
10.351987286129692	0.840582097504901
-16.29509501471094	7.686590897784847
-25.936816429957137	-0.49912343169690043
27.548757874547878	-0.5708601903224669
16.297424593705404	-0.8284180232740975
-13.846246438879291	1.2074516677532068
-5.246598832704056	-1.1504972032265337
34.03528290475359	-4.667610892655055
-0.052593895159068496	0.4318889134612286
-13.031357814897182	-0.9404563529153611
-7.4335742801905385	0.10091704921429688
4.043701630623709	0.26692198639440085
-27.09260126600027	-0.8176705102071715
7.559275028798788	-0.3180343948767674
-22.982490645871522	6.497909403470368
6.356915654975033	2.409498137312864
-17.469083011939134	-0.9771899081039518
14.59157191292256	22.391939766544887
22.097072221077013	1.4889982934633401
11.52527493119803	0.3397098978609345
13.991475940967176	-0.17323449957481787
4.236952208187528	-0.1662357274155929
22.468370538300064	0.01659719709213944
33.80563131103346	-0.34391105323591903
-1.7747595854010085	3.611279348510363
16.20198851725839	1.0441282976594857
12.74767808652685	1.6837901587407398
16.499996449384437	-1.1594561443373759
-25.512661178852643	-0.5528081204091712
-11.30728037329679	0.31702411408185405
-3.526688868215512	0.8824209601431402
22.309454841192604	0.8841717552938573
7.937314634781732	-0.8119332817625133
-9.46433582871035	-0.4691316032135342
-9.399290189076865	0.3469189861792218
-13.538829529031458	1.1251436039112674
8.530094821144166	-0.6741025413736356
6.9178151850833345	-0.01503063967471858
-19.953050007556268	0.11381989998336506
20.512107915815726	-14.680641231554361
16.181162963959896	-0.5431986860739739
-11.722486792113573	-6.631179046572005
10.034117426533149	-1.6633303115132858
10.630374666566892	5.2417877498647005
-13.57301678220255	-0.7467416846526922
7.651150743610898	0.28503729512053305
6.354997384305553	0.2828815293041916
9.519774905381443	-10.166302522096366
17.245652506055542	0.12697458170543718
-12.588216778695356	0.2133218828849146
1.4715816312755037	-0.19092158591582228
6.8839151994935435	-2.3232344977108665
9.397699235336347	-0.8469850297009963
-6.76044937655634	10.947602314413682
-5.857293608990541	3.687227688144553
-0.7798142543013897	0.20277650617494095
-19.550575115340525	-0.1863515450453368
6.7600771259680075	0.4677172488919795
1.4872176437675815	-0.09774923956392172
-27.745356157940623	0.7723572108827637
20.06093991170163	-0.02874696475764856
-5.704003133186594	-0.48433529445318324
19.098787436682574	0.8219166149225646
-21.2458653806504	-1.0783712822983225
-8.21595352298434	0.43625077716617927
-4.610301490106817	0.011644919024293132
-0.48407741736156945	-0.6874668938676439
-1.232105763290977	0.6100388909033666
-18.079338893278603	-0.8175950414280844
0.6528202074434012	0.6673350091799052
-1.4182810644276478	-0.989182110879767
5.124391891135841	0.42669425179001946
-33.64226837820649	-1.31816241525731
6.097818042266585	-0.7981465499167754
0.40885373131668795	-1.27265645132365
-0.9152199931581465	1.0324698828822845
10.444519480498219	0.9429646658336297
4.660459453236746	-0.11090002077299635
-6.934600760080001	-0.26481481302913484
-2.419035664569924	1.3358160071184397
-1.9835022754305158	-9.549102759494664
-20.40010701164184	-1.095300854001658
-12.850972486774483	5.104922596764866
-27.1426499569011	1.3479334723210483
26.680531489359826	1.1279168739728314
-6.1002502629468145	0.13632088381633686
9.875153746486719	0.24582562066269065
9.272124086953504	-0.07872408660676933
-1.9742857233905016	2.846390789227014
-1.8101513922583414	-1.9269475732035464
10.262704375534724	0.5474412918680768
1.9354954862536433	-0.9238454468644403
2.245754221574564	-0.585003160528496
-3.69489061627241	-0.6400768518427715
-25.743019459056097	4.3841195915440005
-8.957695524372125	-0.9489781349858475
14.641416356365506	0.37527297012519856
24.13378866417022	0.8801842053354387
-24.548945154397966	0.7819847843465622
16.1009528687316	0.03581891983350623
-20.425847412301096	0.4207376988140284
-10.64346275633926	-0.4997672656904692
-19.11730084483531	2.6946677667458
13.475792829813262	-0.8452657865443767
-11.771832153830644	-0.6614656582757216
-33.06073341413021	-0.2111720133379061
3.0228195943909637	0.2691412944638031
-32.117475396854466	0.9277112721133622
5.41645008790172	-0.1680047639342467
-28.04115107854922	4.272432883426581
3.480626482853388	-0.09195916080861263
21.904332742050496	-1.3618264001631897
-2.715944924592316	0.31990134466413184
11.026788854548313	1.397289925654118
13.598809217741772	-7.394304900064396
-12.165634427835327	-0.135550477506784
9.46229150566977	7.680714907813057
-0.9209848057610296	0.6297163573867967
-12.2418923020544	-2.960841678528215
-5.318212839730612	1.6667815929568894
-1.8192969311825011	-2.171392872765547
-6.64916349659076	-0.5783673347755727
6.686472745853586	-0.2287863564246511
-9.746708311415677	5.150779514364399
7.018354681368615	-0.3102862392528285
-6.167847192096634	-0.2092126154873213
-6.230178780093973	-0.047257969710573264
4.068086052201825	0.00566725235079315
12.508210821498047	0.5288882865663304
-5.886730159553266	-0.09052397027592274
-9.926714233133401	0.2451970445769423
37.0589179092097	0.035935193355839244
14.542142936854269	-2.766707830141138
13.654891069105004	0.16422142803969197
4.198533946267236	0.1689687909861993
1.310267272558823	-0.5447340434693595
-8.438470685403306	1.0051417716129984
16.106539392226214	0.6301947634626389
17.07137088027295	0.4792670658279702
12.029558853286701	1.1581835395358195
-5.569216909564779	1.087122622985073
15.299036055044539	-1.054847929165956
-3.0838667849354806	-1.0706525156750326
28.563926096081044	-1.2559666822610156
-1.909907199718364	0.7878532946763281
-6.582954816242187	1.9122667224951904
-3.109549845534949	0.6839858380167263
1.618859873179253	-0.11779979492828588
-11.995394306999868	-0.12359342249265257
-3.0968229882593032	0.5496027617408086
-8.695996661536672	0.019757766598038934
9.139433416869545	-15.658933802446919
-18.818233022027204	-2.6363587158644846
1.0577008917734094	0.5661315957329432
8.97321667119583	0.10310793538524114
14.134780661626952	-0.27618242344894794
-9.040793873826969	1.0169139032831964
-6.914515555324614	0.4105302419267163
-12.144774525951965	0.9346366059628217
7.805022422429176	0.5335907339637537
-4.267911571873186	0.1972073210066842
17.287176159045714	-1.052089699506294
-17.723291993741714	0.2088252804269681
-20.366656030993887	-0.06509394118645154
17.795587266534156	-0.42164324541294346
-13.288976854788155	0.7227844727165382
-4.885959999786626	0.8147178358303133
-3.2449820518758252	-2.2387271354897305
16.293691467760233	28.659586971880483
-2.8589183367055906	0.27027766710804607
-3.932467771688525	-0.7048749884723534
-15.039951740930897	0.9904122778606136
-15.849888739721177	-2.2702509498133505
8.362224016863138	-0.041355768106625515
-7.811245654497333	-1.0769423522473591
20.076585497831186	0.09468283526662273
-7.860436291972043	-0.8525402080299453
15.356894604249355	0.2379266441498235
15.079498212711414	0.1752065979954929
28.21773654669155	4.209468851334885
15.664449223177126	-1.783480495591809
8.250391321417991	-0.03051950252675615
5.629116478221507	-0.6002367493537599
11.53233983335339	-0.6732973365790359
12.342668625273596	-2.839737719727386
-4.9491373606253415	-1.0999837781114834
-10.761121127764577	3.394161103419441
-11.757367829332035	-0.9345503204918216
-1.3606229136389167	-1.1721720426848363
-29.299712784921667	-0.10492199952618773
-24.019231857463303	0.9666353116644035
2.1582062837824516	-0.5027165858466822
-9.264677817634096	0.33039976224270895
6.388919836074764	2.337566412689454
14.814085681108418	-5.2575382723926705
-4.973462125316315	0.6287220877602603
21.66306985394215	0.18620660081281026
6.880587205888652	-14.363326085867385
4.074660771076505	-2.1505839110726637
2.8165802860217557	0.20393687033044086
-19.300741272224506	0.11790688668365619
29.829094407662282	-1.2979314228128138
13.344400844222344	0.23784032506713354
6.673837807206521	0.3279172690574271
8.683521271020576	1.0412743971495544
0.9399039764101877	0.44548216461207446
-9.503502375411093	0.5001497530718302
-5.166924488357055	-0.431955235485293
-11.066523711426003	-1.2069148530255676
1.1038721936769165	-0.14739149606800764
-26.72715409182748	1.3077465508313357
27.272441543200916	0.5786068395036262
-3.3187777402317353	1.487844646196531
-0.1670895621275087	-0.05695548017419365
3.471484984414044	0.5277359945966033
24.251069064696264	11.435002758979975
2.566224256771901	-4.384570503906152
-6.815525504127	0.07687302442211819
-3.6451607720622143	-0.5205228174656602
-1.345292058860942	-1.039679850603976
30.281854325395972	1.5155825281066004
-29.31887737006807	0.6292481185392612
4.317003906644197	-44.01041184497293
-14.3136698413836	-1.7357707620099296
-9.163729144924474	-1.6818333821503888
24.76735423584177	3.631205074628375
2.295749623975029	0.16679142688584278
-7.052146641536823	0.11501504880715216
1.7943403993396059	0.4016623204460385
-14.817152850934093	-0.481851155568529
-14.02011104596151	-0.41667386186424166
-17.08365163687202	1.248703382213174
-11.282401368044553	0.49241368078952347
-1.155820570354058	-1.1518491618626492
7.788441088296623	-2.2549922233380832
14.487203507747784	-1.3226479007021246
9.376644797415262	-0.18510432173077332
-23.42092783869887	0.48725716899374094
-11.298853958134208	0.6631372518110614
-1.6845768288623335	-0.23184279386166814
-0.2489318397149537	0.3663088065971975
-23.852592144066488	0.3001681106096801
10.401558774732004	1.6780179078565858
-7.63102572191241	0.9464971799334247
11.690628281215837	-0.0388352008421285
11.136989802954771	0.1659346008174665
19.58817973287039	1.0248380364593417
1.5280391476929691	1.9348341987880118
9.447143778725234	-0.5799466664258542
11.79514493019953	-0.36079797557239834
-0.8739578808109963	-1.4347740791889467
-32.72266518245793	-0.29941365026436684
-12.832229769242133	1.8429680389767453
-26.011732029788142	3.771973685245573
-5.310390328584873	0.37899236795545455
12.771773108002197	-3.1575619924127705
-0.09078756005509779	-0.2377343549045775
11.956379048356931	1.6355345439215248
12.806033101947376	-0.13176780495443005
2.6965248586818973	-0.7645639290950985
1.2854235583291216	-0.07737914875920478
-14.121973129841823	1.7430598843418696
-6.863140844903101	-0.02418367546039912
-8.250749463924183	1.009580562041948
-0.3747371614379496	-3.255854491763463
15.51370406032964	-1.1379213525007834
3.107640536132216	1.2401855584205188
-14.228353923437078	2.280408219152819
-20.561891168930707	-6.38974370210039
-6.445809159086192	-0.43138179377064506
2.474806177017834	-0.7848189080262264
-7.442130832119616	-0.08661819625655173
-3.0582947505437734	-0.9172477155176948
14.386691127892952	0.8355824069725648
-14.491817842059953	1.1089792643886314
13.495709466380491	0.09663742255104514
17.481886184087287	0.15446037682725952
6.140039996449554	0.24236682882120064
41.63917673047984	-3.2715581522725135
3.7778825368527142	-1.516313060618904
-2.8815380598252744	-0.173691056698249
-16.5716534314057	-0.4409757103451707
-1.5981569135774996	-12.50517599513938
-14.322129791672682	0.22991182995151366
-21.54833054380279	-84.96765826344026
8.1323205950034	3.7678118038008477
14.522707172398787	0.2673509551455947
10.597339724581289	-1.915274295109609
-18.330114734322056	0.7369347535315854
20.74763905573498	-0.6558276262197362
13.298174677796958	0.5941003239715494
13.427397080444216	0.18977246729210626
8.367075115723301	-2.5965846686038114
-12.555460069832275	0.7594029182362684
-5.855487284285169	-2.967425993343705
-5.886952175347276	-0.6569469315939981
-23.929907217301427	15.095300161484543
-3.8117722687739453	-4.812042794665292
12.494636239804667	-1.7768975934840787
5.595613828580128	1.1808132824116546E-4
-2.9556791870998977	-0.1745553918690376
14.408546901557962	-0.8844053521141441
30.192802315812695	-3.2144175499966328
7.458443206360785	-0.35595188667687516
8.363485271491644	-0.033889486007022566
10.054252175785727	1.160172796862723
-23.09531572064787	0.38299917474883927
-1.7571940385408502	-1.0282831644085764
12.767823758644214	-0.43105814904755774
1.271953574221037	0.32343285681247963
1.903883425398524	1.7362709536045382
-13.436106091162523	-15.714471900813525
-3.9571925584141843	1.1209307694870114
0.7233480692679973	0.2916911156736057
-2.674376218136557	-1.6577577092537163
30.68641745187152	0.22755797193808733
2.485849000149857	-0.4381303399622292
0.1332494879375229	0.6104661400887936
-23.880898548522158	-1.9570514723443928
5.534771328880456	-0.26080056310914984
-4.19758289297719	0.304743347324651
-4.574633611325635	0.16786085919526775
-13.628446027923431	-0.672297013178763
8.673025084485996	-0.43070962956676806
6.808052323524497	-0.19678099154937723
5.2855042898036135	0.6037072059971997
-6.3767627253862615	-7.422221990122478
-14.569926096448185	-0.6980655210568603
21.432269630492627	0.8173144126180397
6.503638506985239	-0.2606253268221251
-10.528089592009492	-1.9415247205201858
3.323098281546745	16.908511370177177
-16.466842894615745	0.25867273225943477
10.361262975193856	-1.3862889270933179
-6.938492471640805	-0.13329816927954605
-4.280419079973219	-0.5687444561185216
16.857926230293437	-0.1355070191235124
-18.324769506267373	-2.341200692737879
-4.725576335582643	-4.683622250159506
-7.6673708129959035	-0.19169095831731697
16.701420531684494	-0.7000509254801581
-5.150617500852168	0.8593730980604636
18.557779645808203	1.9974748646962646
5.259422369177177	0.4395994396328042
-9.954671319077027	-0.11077285870021067
-28.227310793379804	-0.6847717827026502
3.9021541627882566	-1.107183873884544
14.237033400034116	-0.9394934737866918
0.9198528498817533	-0.21768624011168883
11.01100556847699	-1.6566874224677657
-23.65305534722672	0.08338772633057444
25.340566082876936	0.32897102260536315
-14.044609802953687	-0.06741294502189647
-3.877874109841595	3.345218852585485
-3.6755590747464617	1.0267740386530073
13.88590889464071	-0.4291803033658879
-4.65670713730422	-1.3762108258049397
18.829348570054574	-0.7177216616565405
22.538513674079592	-0.21603835497378443
-7.882949033288035	-31.849615642068233
-17.910576695187398	-0.01513951500432306
-6.0610571311623325	-0.7284855374783112
-19.97006802801331	0.6121553651980596
14.412651876282299	2.3674219388410593
6.9182368010130935	3.3182735640640186
-9.219177367084416	0.472931018353273
6.259069504694068	0.1204140448152676
8.005231129974023	0.26276013202792603
5.267310895355748	4.867171419403269
1.5630670618009357	1.0873759875616433
9.415087189081753	-0.4898913145027951
-16.673418847973085	-1.3307570093299996
-5.281310300949587	-0.5728968854316628
9.658659203155507	3.5259878924434522
10.978158988563607	-1.1534787989143924
-5.1756929021384215	3.2240395583680788
-11.08890634763744	0.5657183901951215
-8.273053589217998	0.09607277019668219
22.169602754699493	-1.3777347091979133
-13.029999468256197	-0.5461107763428286
3.666222620374661	-0.1377710889771913
7.688362259322795	-0.4644670106832424
-2.0328699753734294	0.1457338166779589
7.929219246455418	0.7473008838126107
15.167163174369705	0.7679181595456941
-11.58936028586282	-0.1843228443437678
-17.97716381194887	0.2991524215184436
-3.6011550088985778	43.22067866569939
3.1696780602931103	-0.4278242023852382
5.751044171420006	0.1383895114448825
-8.743143879228962	-0.28264110985568597
-17.14970180429535	0.35118517221984313
4.679347698370287	0.6717174129074569
-0.5188097963843159	-2.274686068402263
19.86413886354717	-0.5762914171529938
0.21627852319853882	1.2520119742083857
-19.754308830585483	-0.8509540823966742
-11.713583142640154	-0.13970520102595105
12.308377697826979	-0.21871759782446687
-2.9933339826254257	0.5829454173433088
6.0351604554590494	0.5027905916375749
16.721786546007735	-0.3637607035103591
8.784371672383605	1.3306686795248612
6.468769911908199	0.26318008617475647
16.13204192167379	0.6209520832202219
15.770460855765426	-0.9542342156892285
0.33485522125687855	-0.9520448346740008
-2.351549641041895	-1.5872556260735353
-16.794502795836898	0.4163899654366841
0.2686658489594969	-0.36295853025378777
-2.829600058067678	-0.03690161997952171
-7.1708122312294975	0.08760417029713562
4.863573356773815	0.3536354993095275
-18.595205292487563	-6.827693227105572
-18.046083517653305	-0.14652338268556467
-4.647346211071646	0.6118377982858697
11.45247652641194	0.4183406393969536
10.843997890054855	2.2956739154476837
8.187634016449747	-0.6669255662102538
12.21906704110577	0.7926225282816841
24.57182858781425	-4.494345598468182
10.579618753134081	0.20960501702906878
-2.280674657629747	1.699032622497758
-20.435088162401495	0.2756697177851419
-19.291067932371252	1.6877624590236782
-8.330632921197795	1.5414554835687115
2.109061301085717	-0.7454942722690028
-9.597620035957535	0.22158250397734217
-9.48644750213409	-0.9629024695620196
-13.056968922002492	0.49326931869397744
-14.783447520606519	0.3306061120232454
10.097264542121597	-0.8107829464691505
6.103674554984823	-3.4526132544406414
-8.081772494654883	0.31178261681195285
-13.993640088788974	0.4028942469045773
-4.5015986483469606	-0.22905351983833436
1.2938798379171212	-0.9559965806679189
-0.2350628195175216	0.10130912413412695
3.092151346950732	0.7652250900193893
4.96384448799551	0.7180113068416027
27.287339617064042	-8.132874226529449
-1.4311999671477755	-0.10691799962785334
-11.518097178954807	-1.6666915005640461
7.886541234391758	0.9513053907037756
6.771810329136122	0.8290348204409002
15.264989777716782	-0.31436811371156437
-10.30685097689756	-1.139877956573734
-0.05488397927991522	-1.7479016446257019
-8.987013687994011	-1.3378350066081195
-7.119793278000777	0.030831168949552387
-10.36622630922292	-0.8594965477462185
25.11755713399101	-0.5432073909061227
-1.278282099844291	0.9460794094495082
-8.377517996494051	-16.43576104726675
2.5415611533196363	-4.714991824117851
-2.523691396280426	0.011477670075397382
12.030640799214511	5.155005700365541
-1.7741910882939993	-0.6044459177615383
-13.534165217628127	-0.7935066281497181
-19.565366714365204	0.5287672720025351
-8.253140286567648	-0.5210744217297572
9.39604825760983	4.848147356948918
-0.17452478607471159	9.74309789434488
13.58835441085566	-0.6165274445387572
13.53339967957362	-0.22873096980300425
17.609325351201196	2.235728782952065
-3.4938074933328416	-1.0084073106124225
0.7214992535192352	1.244978956352684
37.167422931842	-0.3144243403333493
7.0280762655767	-0.36421052592595804
5.277252406266459	0.26519424270154207
-0.9463965386367851	14.105428534860327
-16.97139594169764	-1.1350049394361152
7.5535074400575875	0.5992279758598198
-8.773816453411357	-7.215470855718816
-2.6343231628214223	-1.0057290563571664
-12.955461970876518	-0.054852292363997635
9.467457792790327	0.768347545448819
-5.265388159863526	-1.6538079322055483
-15.42315762807502	-0.22329763538503558
9.407767924482496	-2.7972639732531768
9.546564819582102	0.49843875321383463
11.241246578446926	-4.77059488459938
18.6271253077121	0.6575825268033589
10.84164465348308	-17.218619124782855
-14.408182975899479	2.1290919436947773
10.247116020601895	-0.4349806002705682
17.481409897636446	13.188364742378432
5.392044085642337	0.5476211428562041
-18.436761788799583	0.28389130320916806
4.373025378841664	0.06052263815185131
29.88421456485369	2.0762503902564347
2.938099891652461	-1.517552729725081
18.861723507410854	1.052182665399517
20.656038494546987	2.2164854422876332
9.655753836986376	1.6400700291855914
-9.700044972511767	1.3390276262949818
-7.383492594239089	24.358480931809982
-9.842734801528556	1.009983184358994
15.751096995126638	0.5606543353525805
-3.739170218593272	-0.5957782012481028
12.186554049657838	1.8877080213658957
-14.443184481852695	0.126374696178602
-6.462829669772402	0.026413606435208455
-6.772763945165831	-3.898459699055959
-13.112571111855447	-1.707371732761293
3.027598458945284	-0.41645320171046235
9.54945842924383	-0.532495064325619
-9.951350740148047	2.0514436895134467
3.9013593294583835	0.9968661791164961
16.09511971294375	1.0617888008620164
-6.395785432476645	-0.1196870077623711
19.347141402620416	-0.24331887361097979
-3.47833063966033	-0.9667348347790562
17.227374358093623	0.7080881019934139
3.525118048701444	-294.4781503968923
-11.62269518967158	0.5769349112863243
9.027527971179337	1.3171789221229866
-23.849354425965007	-0.9563140115246186
6.060024883944605	0.19717112072129162
13.552981793079368	-3.801102896594818
-1.6854968954298728	-0.04455954208491295
3.0419293786942525	8.28178788434954
-0.06306179853400007	0.9167318254647813
11.082297636138476	-0.9332549443310819
-2.0912366262836275	0.14824260782250345
11.408339851445284	-0.42078172492034255
-16.72432480789085	-0.47626818655090863
8.931611488344675	9.238303507836207
12.101445108518185	-1.7035336526712745
15.435305248360429	0.7527430073220681
-11.97365233212445	-1.9536522599025359
13.40482030348295	0.7728195514222738
-16.601292738081995	0.9025563435763915
12.299222967932781	2.067378644012101
-38.235475810691824	-0.9439157922795869
-1.0741104983936147	-0.9938043558363233
-4.972635265260103	-10.301345903724306
-7.834031008870819	-0.14622690630548707
4.29192634084817	-2.6968412114427767
-9.83305642418422	-5.007286358089234
-7.9624753281527845	0.09076484807250552
-6.158332967911361	-2.291611997380623
-4.950040808919983	-0.350995487191567
-12.147012081192337	-0.38065714042499293
0.3291650050484376	2.0434581198279815
3.698742196411299	-1.3374012444875634
5.79152540788931	1.240042360399573
15.003069240488136	-0.11067231601567233
19.302893573065916	1.0688348152571914
-3.4233235625373806	-0.35801128466035226
-7.390048088160939	0.9276816414466305
24.442089651355012	-0.7232441657513228
1.485042156573874	0.4803153522341057
5.471572743941725	-1.4877013901707206
8.382134549401135	-0.3613608380882598
10.161287730768999	-0.036404910870098776
-3.026077093138478	0.01603112611295342
-21.06985274093574	-0.4753002249220913
14.332827407774426	30.75369118888094
7.972248964680584	-0.6776759468335107
11.220120863465821	2.4181061202463856
7.54681957443876	0.4010936183223071
0.35888412821992904	-16.884932383386143
3.8285859937244062	-0.5086390638182233
0.2304040580805221	-2.886443850744496
-20.632972999946954	0.07693594339365369
-3.989694764989449	-0.9451459026039682
-17.88933018757844	-1.382865440160911
2.713769699605213	1.5669231243081119
-17.13295700123575	-0.5733823784746258
11.931991948292119	0.9599372104087837
-14.610527062685417	-0.580749550542416
3.707210110498127	1.4642899849356976
5.125200953686412	-37.44550493514413
18.08355958615792	0.6077124433301894
-28.746246479016744	0.15806787567562003
-13.591759945407917	-0.44551339923280714
-7.342659522481595	-0.26735757750301614
-12.134121156589382	-0.9346006778147817
31.962622399291078	1.429682172596118
9.462301292469636	0.6694546049116682
10.4065191106792	-9.838142006376549
-11.99514469175264	-2.7540781439656747
7.7083319068085565	0.27149621173117744
-19.81651216810749	0.6103450875497181
-0.8489982718817894	-0.5749277718959259
-8.25120541466678	1.0585875340782696
1.6490467814133343	-1.5442080356577275
-0.8113893454166219	-0.29759108975548965
6.899497068470749	-0.14836479131910124
4.689023589156241	1.009663382121371
-12.966148744036365	-1.2664631890939888
-23.462735673408837	-1.862544157385162
9.743886962657664	7.9244431532285775
10.755713551220689	-0.3270029425573539
-10.529783278207962	-0.20251623110357492
38.729936861244894	0.23913356144882594
8.749695759151434	-0.19936723900016676
5.3438762457861495	-1.5651364282016733
-25.687672066561774	-0.6679776982642835
12.052860937355561	-1.5234436243568086
-7.553000427232476	0.47177609977209906
-5.37329017688442	0.206326950968008
-2.4723425622254247	1.696522003438585
17.821516340018235	0.016522047275576608
-3.90163374753343	0.25170803970520184
-11.180347390358538	-0.26436009533842203
0.47097918555404295	1.8981547096630644
-12.667048978176467	-0.02563251940659733
-16.043265838519694	-1.1266774977289937
25.729416570223044	-0.48632163231196046
1.552938943931263	0.06386529147814721
-3.7724188091897144	-0.22122269177889317
28.590005031033982	-1.5489099939763122
-22.65302730720182	0.2366821721541731
-4.87996376464099	-0.4457864887725362
-0.06285394765727073	-0.4218322065200032
6.976755728661828	-0.1955422751064509
0.8621070186240165	-0.49574550213275226
-11.39950981441105	-2.1441429279205875
-1.9147984147553563	1.204884494130702
0.4366060452836649	0.6902039193824397
-28.945175914181693	0.9577436831781324
-12.292012003420961	-10.325341048669713
25.724883559954446	0.4202983110580915
-0.8238801055576541	-0.13721209235831688
-21.824527487374535	-1.326961894990377
0.6906439380860979	0.5909233802030742
4.571514384867563	-0.03468864561610424
4.481777154787169	1.2626766943794336
-17.24392965255285	1.2359876922593913
-8.153725983277365	-0.25711415600987314
27.50402327479987	0.3647574298153169
16.37682845151648	0.3623482552129709
8.914988387336072	-1.5176162461641098
-3.3561548658954257	-0.6612325848662463
5.4229050689611435	0.6861451096585913
-2.328609171535571	-4.8804009569879945
7.402595314103461	0.22720080134478762
-10.961096577975953	-1.053040371818246
-3.209530352324095	5.637353757492479
-19.19916741818834	-2.053973018216243
-15.682313772317169	0.24381801440830872
1.97716166882651	-0.09153612736391466
5.525903712957596	-0.35985198625996306
-0.7899059217972759	0.039491521211454654
6.8327952027875485	-0.16388998736594096
8.656907282647275	0.4874688597152476
-18.879928540097776	-2.580484652100466
-3.898354271576943	-0.5000633617558691
1.0103412392676305	3.110293032206592
-10.717380266821213	1.0258423247168584
13.68219860083823	-28.284002422607976
15.266447760379725	7.460471016108297
20.36732113264928	0.5714825087572172
5.1262723923782625	-1.392306711030761
-3.5795676229324576	0.1216418244342971
0.1009625613936416	-0.978349468766381
11.868858072431967	-1.803675624965526
-25.902076079474718	-0.9004409044922739
17.073713586328374	0.40940077758435517
-14.561842153936954	-0.10780685353108302
-22.557292900135355	-1.0219680150628958
-1.726238928573139	-65.86393620255132
-14.502800774363147	0.19632142886072987
-8.902341255953681	-0.30181224063018997
-1.1185770440652334	0.7287412726258145
5.315594008769958	-1.8041252268675025
1.7473380750654774	0.32570813215959077
23.334297439710273	1.2033213910430507
-31.210639438820657	-0.33551154624589646
1.3856404947301089	-0.3176617860277795
14.166198713536517	-0.8974204555668254
28.482076487739487	-0.6245495243505877
1.654714951790315	-1.5058375300428282
6.902901255601146	-0.1736561586187635
6.75784742361996	2.266088685367776
-18.974654297465463	-0.04288117673285909
-6.245897465645779	-3.4643239109681203
5.666008143689147	1.2755491405033157
-0.5970780257054396	-0.2589419385950498
-18.197076247186256	-5.359694094292881
32.85167425197003	0.7510492370418496
-12.757720170604431	-0.809825123228273
29.25899497935021	-0.9008181646504485
-1.8941914258092625	0.6070143805654108
-17.80457032625374	-0.22447596135838052
0.36918651866198077	5.902098054382501
1.8816981201885947	-1.6622173916391663
-18.25350331770777	0.2519548567943592
-26.497817037267854	-0.4033406397525181
24.387137845119106	-0.07823696969356904
-16.443189948282868	-0.23718102578548106
-15.87174201362973	0.204023900038244
15.777528519467557	-1.5982363412092173
-17.790537866634256	0.8793510370982581
1.5345083455424822	0.5610978611539471
23.637029334110093	0.052922445544584536
18.678901031044067	-0.2173423226237932
-5.4849730016735085	6.8591742938554745
13.194296422835807	-0.10408648327896643
4.846962010526439	0.6942450330386378
3.5588011838536757	-0.8871288291610349
-0.7741535523657732	0.14552132757733832
26.523982473860347	-0.45993833512500637
28.299379499028642	-0.5228082423005382
11.488887214166343	5.643756682509386
3.4334382644098813	0.2410307969370826
-6.218567741920404	-0.15874828829461232
-12.79063133414045	1.2595463961769067
-9.863060042091139	0.2652907180664119
-15.872889365599182	-0.4564024137153075
10.450875601344913	-0.4726110273781903
2.6777002973608344	-1.119774721983866
-10.161006529266995	0.026919299852720797
3.6796901030140514	-1.7513474135312639
1.9207712490819155	4.207260831546869
12.556790997991929	0.2404889596816943
8.375437775819934	-0.26349454986706844
6.8330427003391225	0.41618869308658313
-17.20341091072767	-2.02654820742471
12.211691284413266	0.6377812295118264
-16.33398559464509	0.6555655134862994
15.516678297630985	100.19673185322016
-10.151346890922783	0.7671079136759085
2.5501920060568883	-1.0271151190499404
-23.790064623758546	-0.44965234355333067
-16.29862476232889	2.1132410582204613
-4.285632978988453	6.861749533285715
11.178690127660872	-0.7855715382686085
16.48781396614988	-0.1338152216996101
6.848113704942083	1.1266857627502325
-14.792327079263371	-0.5688287768499845
-31.363382816092265	0.8724979132744134
2.7678398425194066	-2.5242669810396223
-15.690016752274072	12.060270181338351
-29.195087863473287	-0.9677902719374869
1.3980444836728128	-3.5631330012951663
1.284683919578962	-0.15479651769748512
-10.038270691533699	-0.755142607927091
-6.620754512800861	9.567775236765426
-15.055046739671882	0.7790092818056285
17.316263165476595	0.7357604080693302
-4.9529579755900635	-0.6870198263842731
15.749133127856727	-1.2737321887869444
-20.6629608307354	0.5184609649609637
22.954690523267256	0.6156657671113681
-3.7414054599045246	-0.9887107124860146
-18.377137616950517	0.7574718119081403
-2.7116162592227777	0.6787610271824763
-9.638565365121513	-0.38620598959309294
-3.507899231119419	0.8275794495727004
2.2588470824411453	-1.5005011827903618
-15.195691659418719	-0.9505547967304699
-10.893295201461047	0.871123005255759
11.240442774805993	-2.85771819739199
6.410484767402682	-2.6969153834494324
11.102286059850567	0.05161696483899777
-6.3180730497192465	1.6900137755234317
-17.050237625747634	0.24631416502121456
-5.29163885137284	-1.42035644952247
5.199846173291697	-0.0062199277338275995
-7.027159097566221	0.5499553732372091
-6.740525963936979	0.36158388639266725
-17.26618644486873	18.257564133863628
3.2597607889819473	-2.829856296945523
12.391216612809679	1.3867742084758858
21.666308171279123	-0.9866487661738652
-6.4285815170575065	-2.1882419194204323
8.636191790716733	0.016049795173942647
-22.562663669123555	-1.1246755384243217
-10.504574904240194	1.9415343443100532
7.670074256142445	-0.49239916011969914
18.574152165170812	-3.1553938795919128
-15.647169135770595	0.11687341938140205
0.1617309629852795	0.18409096169536554
-1.0967532298650082	0.012933280677738043
-16.900471251220186	0.6554781362119819
13.067621726926468	-1.8480458450299304
4.969996200084758	-0.15712978511118017
7.282054760761493	-1.59131287462769
19.509119228024932	-4.508285836686898
-10.228285904974905	0.31450096173442077
-0.9771487673690123	0.05837042777486148
-0.32547943728625023	-0.9394162861584472
-3.5979714061564194	0.812840388915588
-0.4457550273646509	0.7661849477897454
-20.750738099994468	-1.3279184311725596
-10.067414738093131	0.17709363991069293
-2.1962374000598084	0.47747293591171147
12.840023179066657	0.7718324704044767
-7.984325754650559	-0.7140452727328405
4.519334178313353	2.2512716131521557
-2.0048436523456163	-1.4840940801969857
0.6892125486427302	8.5356200867188
-4.327014124055628	-5.443726605098194
-18.536702381427293	2.731976469068297
-2.8816564053193248	1.6121570073019882
9.067529969105385	-1.8049360131375571
-20.273363950787942	-0.24439417596585877
1.2578487891528358	-0.30123832481604657
-25.727253620799928	0.4098026642802825
-0.26945004480167273	0.21240161473999528
-11.189345029312722	0.035391224841240895
-20.81140247061938	-0.5118012252104356
-1.0836592374064806	0.6221363254461421
-21.24542073335373	1.2360441481763973
-16.37651040897474	-0.448562855696883
-14.941122453670323	-0.3205455890101694
-5.841623293122863	-0.2962244781807206
-1.3192622205827556	0.877655537254452
-6.4151450328273905	0.6564725568670858
27.698367758263252	-0.19023061298379249
12.720937968958316	-0.734141957679511
-11.184191116605687	3.998374404677037
8.268220191650675	-0.4549343198715519
-4.278506602594281	0.1253323680926847
27.736148609649	0.12467564169455297
-18.80875220752221	0.5080039521947399
-3.287127660333993	-0.3620055386937793
-11.905311075065343	2.2571157237716646
5.464116208101176	0.4283282257151478
9.34990640746715	0.5326635842249865
0.3748178440758585	17.6692377264387
7.647847191431702	0.13252170020655646
-25.62681717317107	-1.5417688996669496
-8.19038821549344	-0.7499742628657113
6.423750677064078	-0.20479562487585962
23.763322242094766	0.3196302860725591
-6.938347497591715	0.031058297178571146
1.9520068893766436	0.8280162334486575
12.744609071396326	0.29099956355110995
9.784913882650324	0.5437709772522108
-6.3761081814173215	0.18366471347470656
8.863632436182373	-0.20508108788836735
-16.129612730936362	-0.6072197733650249
10.779180783406916	1.8588985051585425
-28.806537240860155	-0.00787249724031883
-1.3502602093392846	1.2427663051671636
-12.70914951285042	-1.406028370287899
-2.6674070669734817	-0.44459132047034633
-13.971291570731948	-1.6121366384677245
9.202485860286282	0.05254851375155612
-0.11465917487199655	3.0803363180697514
-4.674411426750053	-0.48415461171350177
9.946394022141078	0.18875841538098206
24.27306876326662	0.11121702281940109
-27.8739241102268	1.7460645751644825
33.033783662010364	0.2546178571101611
13.81887185634288	3.5468233684710966
3.8739460032601483	-1.3671079345242914
-5.982284732343315	0.31802816808182294
2.455946156056572	-4.392836506311296
3.3853486025851356	0.25724970659275714
13.293531478243949	3.6035634820039433
7.449670824901369	0.44632775804737357
3.31329552831901	0.28712261383723947
-7.129299261353864	-0.4729786193604331
-2.728823128268272	-0.028492547649564246
-1.5430085005752114	-3.321347850573774
-8.249354644585182	-2.1799266067221454
15.410513209671441	47.79910888077686
6.602606619701746	0.47836800806349494
11.523997590305164	-0.8966295266945589
4.581654053471898	0.4712617402897861
-7.432555377611687	0.1993911671727071
0.8484737877880698	-0.24430026531684676
-0.4870251879468143	2.6824540436290634
16.84699487126191	3.1650775535977433
8.282405607388325	0.0316927955877386
3.3717136270241066	-0.42027716293484585
-20.949079240095138	0.6476868887668459
0.20099723566427768	1.322301991340166
6.559507839102733	-0.17666403231887706
35.13488541237009	0.9778011209348147
-20.734275933189647	8.768587766262117
15.927969125691178	1.544889483876845
2.945476200788727	0.9178680150625165
13.4913835709859	-0.05251872456487835
9.405954886851358	-0.12371683359964651
-2.0816655462999085	-0.6057180743817138
3.1796014626423705	-0.12780581627130977
-2.7709579091571506	-1.9818555374930686
-6.266791270973645	7.389983242766327
9.556706685600368	-0.41673952487982685
-0.259361211943914	-0.003294555947441639
6.155685202964549	-0.4340248685864837
16.047795659586885	-0.45908753106812844
-7.217808139460975	-0.31597649751921436
-0.04418837948712433	0.286573403499537
8.358707567117088	-1.321573638594514
-30.039846930867924	-0.966263979177229
-16.589591901856075	0.6411493943944343
-14.773415351245461	4.88949354672339
1.4708102088390342	0.01964406298033709
8.90427235380569	0.4384516462541137
2.069695742103905	-1.1437109774991574
-22.867047137399727	1.235222844079452
-3.2609487777189634	0.6137882259551362
9.014894756397231	0.4606791457366151
-23.801886976856238	3.1538970531472166
-0.42085762472829236	-0.13681607262008638
-24.220397851334493	1.0110302715286754
-15.880510319239855	-27.982104655303814
-3.018086465811152	0.042054249828374454
23.398712776966306	2.5339365542627315
-8.671895744917245	-2.4328261653291574
-3.1796989513549176	1.4976813230398007
7.394526025190802	-0.1163914330091762
-9.854788740244931	0.03719780526426962
2.913124895669881	-1.70004628989162
-21.936069601325237	-1.3459861586940993
-7.259766682244637	0.6432221963708009
-3.0445102745388106	1.002869763923307
-4.2092344292702695	4.452385174219957
-7.2076050802139955	-1.4039203263251607
-7.510565542789323	5.181354132779332
1.2600662181629074	1.6340904181009586
8.556417044692894	-0.13664538167836843
-2.186080893302632	0.18724986509127856
-23.390579792090747	0.4727687630788162
16.841545930600972	-0.6563400680074495
-14.854629149144225	0.6104146131100021
0.49352121388001446	-0.30680967577478835
7.431014998878793	0.8253356266400341
-4.527309794475783	0.3702314245487763
-1.382590482398331	0.5691012540922691
-16.14774253812449	0.5614464895458007
-7.563766752465294	-0.2301144468937199
-25.137104647625744	-0.061874442675783875
17.990337812538133	0.5634244689851675
-2.0767081026622076	-0.3357960486242271
-4.884975778499354	3.231276422674375
-23.31687569897564	-15.685410931543977
-3.0120985108672262	-0.22066070707755997
-31.44183884483417	0.6403873698579945
-1.4042173243118075	-1.0656543395094344
6.364827654811558	0.06824870056655873
-18.15304453197699	-3.475208013240998
-7.809807009428609	1.273189900418576
7.365854255756324	-0.8555858852660638
-5.621170727366384	-0.14213103102108268
-9.39681080786121	1.1113652483490593
12.379768345853813	-0.8594999293545036
5.344528086673085	0.9438274129141618
3.751758110684086	-1.196633466372708
-0.16574623925197518	3.959697377633431
28.90235823325241	0.2724192373566617
-2.454257540319265	0.6196718806263585
9.974683190633947	2.49018999755143
-3.758197987889788	0.9800026235408513
17.324676245825277	0.2752747063160772
-2.3178366201575584	0.21230932036915393
10.590735143982641	0.5162844599440184
7.996902448719781	0.2144098266667843
-3.6925314578967656	-1.121048019485242
14.495050701758261	-2.949192505801854
10.83885969736541	0.47306288406081887
18.905253936183367	0.07873956645829229
2.2894606590592073	-0.4475212986904993
14.978380704036084	0.5766431861698169
-11.867400221297316	0.7915185177354294
18.436377062892557	-1.8314472904934633
0.6760613395352356	1.1277463666985836
-7.28238322748258	0.04651619408146156
-11.010300380091453	0.28497667078525524
-8.71945636188544	0.3250805421973476
-6.719442546304599	-0.03261367559529192
-0.02980453182558423	-0.6218563547603092
-21.74033451704871	1.6685543822506066
-15.634176281133085	1.0568041302354185
-6.622748472960239	-0.27895810772722773
28.063172179582416	0.9622726525851454
6.320106828304064	1.5097364206140214
22.289368931575524	0.6251571063248786
14.795887441959186	-6.731728226900016
-1.5906511875094946	-0.3351278536940804
-7.600640477149376	-2.22254795360826
3.7937964930156616	2.574744724205588
6.648213050714698	0.3225622063499097
14.053521234839806	-0.5945240971224359
5.894678163115517	0.5942426567347877
-1.4827099899368748	0.48317552358036076
-1.8038233087721673	-2.3245665149737302
-5.368077150280699	-0.9432390384285919
5.747261846099338	-1.2052080665299119
-5.507080149228418	-0.6138216846479914
7.5977596996664465	-0.2808901928256298
6.575740244327269	-0.6508953286482515
25.161059835431992	-1.2082499229149155
-14.366422367919816	-0.36630215675360733
-1.3152556897945933	0.3807678356832357
15.195599791406853	-3.9757365907775433
-10.568224545841382	0.048690239300228144
27.21689349664095	21.217451534193458
-6.107013123380324	-0.020956307730288507
-6.996173170562355	0.27534443533406106
4.564645214424715	0.8259690430330783
17.5567950364583	1.7332476275835746
-12.966202585100824	0.5291171670689252
0.5999124461613977	-1.9995025678497602
-1.4319867842459983	0.12257795700183058
12.004515061242678	1.5904483227992414
16.81622998429838	-1.1585818135284003
26.07314900835381	-0.12781264102541745
16.707271629358665	1.3385601971154046
3.929245267997141	0.41566731783500244
-4.711656974561765	-0.47422489114951
6.0327378694684155	-0.5390846641121689
29.637442502713505	-0.6684941941851031
19.69030042205867	0.8794496987104486
-13.245348469875177	-0.4175576569244523
-19.367501585130444	1.8911132977053784
15.620632333674672	-0.1343313446578405
-7.932745850327357	0.40685993037278595
17.75979811153866	0.4738154473496262
3.8070987845562767	1.4437879328321785
0.11507684329872382	-0.4467474786410875
4.286016291955512	-0.2863807515916409
5.088956022378994	-0.5744028010134032
-5.223951360990487	1.6404608603388922
-20.29454428538773	1.400024472120671
-16.133754899056314	2.7228362925366714
-11.35926390487822	-0.744244612474604
-4.459609851914271	0.4127266478144155
-17.142697332476523	0.46888533921740533
-11.705171721473983	0.20779821721306185
9.068208156884406	-1.0445142595295958
-11.800840052879439	-0.5598040943173408
-10.913266252970878	1.5073044144749237
-10.381223868026371	-1.4648868027191275
-17.68586039257449	-0.553307557201459
-0.2508463459786491	1.348835868659608
-29.087869038464017	0.8360601320825045
-11.374321252051297	-1.8480379557704236
-9.927525205498693	-3.8609936661201103
14.62086091714616	0.9235736880315496
6.783077142326547	0.2253652613823549
-15.653454350593579	0.47338710415588353
0.20974581012699303	0.7743973825939382
15.219888447720598	4.503678990559307
13.835254415157971	0.10434674293055975
-12.574536657493278	-1.934087175775058
-2.9744562839177022	-0.5674513355425433
21.27765636012008	-10.902991441516193
11.943379798052767	-7.7287565251341
8.333283616324676	0.08189247008304672
-15.571564358000217	-0.590074068138089
9.059497130547133	0.8451696554729932
11.65832612297846	21.293124885301427
-5.1973871666574825	3.8583233028652257
-8.524237338323708	-1.981236887115704
-15.805892009401989	3.2839568149249474
-0.4898234671105562	1.2546813472339473
4.581016954949385	-0.39920626462288183
-5.291225783067758	0.017332550964635936
-2.099999415167488	-19.261818724737804
1.8223322753748357	1.0883640275161406
16.831316295298844	-3.2549561461275323
10.59987509086579	1.2094181325368474
-6.666781921010285	-1.0794309585314865
-25.21336899035008	3.390474944999441
-3.822014402433505	-5.787693181337129
-28.346922114582647	-0.2175502563950666
1.9548849244282647	0.4296322900709799
1.5609983510218768	-1.9255964679889377
-2.076314286489246	1.032701823759324
16.03844475509518	-0.8432649642849079
-25.810117309531673	0.2724370470954829
3.206012101750623	-0.706210267084828
15.558010673766406	0.5355997567006833
-13.2425945388694	-0.12245847010574912
2.70870769827805	-0.34504135782255363
-8.884077689188686	0.3176374252447752
16.362260429188613	-0.2667845604788578
23.613530859898976	-0.22804309507630385
13.519149050628572	-0.8728785966136937
-2.16978764725778	1.2460167536237408
-3.9109358156381075	-0.5126661458002165
-13.250503536405079	0.7021347131273217
1.7291296895641823	-1.3738122963017019
18.89023342189562	0.740166845745315
-3.2563187807353375	-0.35004129990491106
-20.28755642784812	-1.844260562950516
18.15431159335199	0.11099699475379546
13.971893626442695	-3.968084214530031
-4.546449845450606	1.4239966736635559
5.192235900183996	0.5971405623477511
-8.176612230092214	-2.218266280036466
5.077318817688085	0.6804999144534415
-5.422065269869704	0.9875600011915177
-15.474628687591139	-1.0682635777597034
-20.801792456462742	0.7961926917798247
-19.98505745397486	-1.4935876586330612
-39.00150090632676	1.300196081523898
-32.44567255597316	-0.6302759037244863
4.049449073907784	-0.24559814681168293
-11.406488869007413	0.7014840799995572
10.306088061112225	0.8556680005358134
-2.5975388624118634	1.1150504846188862
4.285867548507153	0.3548268347179558
2.978882826398302	-6.323062674796432
-16.46438297696292	-1.5703508088587674
24.31610477413974	-0.44691794371376814
31.60715600073806	0.17017314259603744
-12.289626260913247	-0.2723354577345839
15.795683068270158	0.10357964280264072
20.18906752999778	0.4232690982768463
11.946753916226518	-0.05971877683156015
-22.304496188951457	-1.0632284873368203
-12.45742683356923	1.743133722115309
-3.157560979963555	-0.40677802993115536
-11.480936943082341	0.12743323149053537
-4.294576705300763	15.929242833745814
5.1537907821030355	-3.466602854084443
-39.009134197583165	-0.5335284166175807
-4.062512644775804	-0.1255931892894956
-9.55543134786173	-0.4625976900189288
-14.019849811197206	0.6629622340069683
-0.6616303506684968	2.5791360725129486
-16.943362099407036	0.5633087190692386
-4.089527973087401	-0.46079677378431494
4.436006647251264	2.7810699475428313
8.183593168251717	-0.6270598831293588
19.63083788525128	0.003693623932185739
17.251780988362196	0.3822141439399813
-3.5195710953529447	0.5786113105487418
17.118954322550607	1.1889984802092006
4.86388853833167	0.7994680297331448
9.245032008022548	-1.3900612075304453
3.3741573974812082	0.3533420145255087
-3.8686710733718965	6.518867042263752
3.799484223584206	0.05263897598051119
6.40958865312017	0.6159878502896969
-20.000293375058668	1.5433770729673482
9.18845832469519	0.940145230202693
22.902847778865556	-0.5231401153540327
-18.174525096596234	-1.1571304347225422
1.5665639593358844	0.9778255872262569
-3.987673450777519	0.627833750837856
-29.099290580020238	1.9649175381556776
5.846983739541818	0.3826031020733082
-9.045311214700913	-0.1001266469939291
0.14494960266465282	-0.9292495396006136
-16.161916048689097	0.16576772054178127
15.968440840056827	1.131759797023579
-10.288364643438577	0.09134095628874958
5.4433110783089935	-2.0282653347581
13.791464827008117	1.4807463984287794
19.95381242898108	0.5561125436427526
-9.898097946808567	-0.8114910339574845
0.07252328773187097	0.9706336267721429
-7.95794082367127	0.2428951453604024
11.373364607589808	1.3040658867827142
-24.847186465624855	-4.312903158052939
4.512405112584082	3.641631332202394
-12.06433285473366	-1.263980614267577
10.8393623312113	0.3382452150545644
4.947027709024787	-0.5569876820696384
4.820862482223427	-0.9252254017352489
-4.291806501514273	-0.5030614513004814
-10.84635560489854	3.0033560013773912
-4.874120998416622	0.10233240817104321
12.993819975273947	-1.2298543592730988
-7.77850169260283	0.06180422825889656
-21.268947745845093	-1.0252113776800322
-15.110040275251848	-2.700961306703866
8.984061277963312	-0.3789753924444844
8.47280793316313	5.317408030646561
-32.20661424069829	-0.7784190445499954
-6.5525598744275495	0.3479331121553506
18.855709097163903	-3.7380311959383032
6.675701946799157	-0.4667143849100338
-5.261207858906018	-1.9123845449924886
14.751562805953135	0.9023644435858735
-8.821776779661631	2.8755133686664935
-18.387354013552237	-3.4011003952968784
-11.76326242833254	0.01765952477746132
21.36440336748548	-0.9036686991003267
19.21115480905516	-2.7036287547890696
9.731539813027391	1.1312839054748536
-3.3992245794618396	-0.5727473387644342
-24.189494244515497	-0.4926179487612924
2.4586274518018487	-0.20423236281787152
11.883748253569703	1.507013909822152
-13.880090169659661	0.8694477489546802
-0.0881782662973436	-0.19846781953518278
-8.229645075313483	-1.9754523661258765
-3.106363234283798	-2.2181060264623857
1.651149571491917	-6.984000661446642
-12.69812906792524	-52.30772906896138
1.3738714813492903	1.985518030596575
10.289687620993757	-0.6207065169263726
16.95535874553747	0.07101906156732492
9.832020283350221	-2.0866390412167575
-1.8595720915162326	0.2888179465799007
-5.431840309772332	-2.5974323141959554
0.5270560262979024	-0.21763452648422862
2.5187213186454125	-0.35842780105525834
-20.73991622553966	-0.5615367495727901
-3.207701158961794	0.2541164342521807
-31.965937178316718	6.500793002543479
-26.135718216964285	0.41130327076331197
18.733213479908635	0.35608752611365857
-1.9728326774578895	3.5435205540850596
-1.8831772275221907	-0.09746562114969608
4.884567343711452	1.3869393870421554
-2.016311459359208	-29.061873852626167
-4.000538464781187	-0.877444510876171
5.136899736980382	-0.6490339047769619
0.622359047226959	0.2296445018851145
-22.18821549236238	1.144784439579245
10.092227300958852	0.8895919993230246
-13.010097008760097	0.6276490569085478
-3.3987816507224458	-0.7908247155237452
-3.179966094919405	-0.11227440180278625
-20.065776520076206	-0.5140524475416105
0.24128899908472107	16.88320044932094
13.539517413273085	0.8321893957858724
-7.379262292115049	24.15587064537909
29.47174124065023	0.32192771351831967
7.192224903850547	-0.12633581559946155
-2.9981481184884125	-0.012792747405909598
14.513722497877616	0.7019476964958782
5.415422326201377	0.23153766944079018
3.953841126570087	0.7460496460657514
9.36537511945923	0.40394730623294245
-3.119081922912694	1.0642041508326383
-1.7484312449766541	-2.1254362572738525
3.7473466533731328	-0.44129475225289494
10.844784502374837	-0.06568499668312877
-24.878157540681293	37.724138311467875
-23.46114947157535	-1.3706113608776833
7.293178270825285	4.042585841262476
4.581507911925448	-3.25395923464431
15.897791402245817	-3.9484146503125888
-2.032764658281703	7.731487100802352
-8.380716608149635	2.414940669706256
3.857720193119106	0.43737013525192775
1.5143745368081802	-5.4706648076815805
-11.480966113663072	1.276552043068376
19.522810467604916	-0.6142720430242077
-4.2170611551753625	-0.6153669759365656
-6.2929220904521	0.9402577375517472
3.533654092400831	1.450846428897584
-13.468998479138431	5.968451620790185
-7.024555551304472	3.464980763558861
-4.820683069129132	0.490877175767953
4.522557554063407	1.4025915256826194
1.8423447947690212	-0.2729869143733398
-4.921770017645597	-0.039712530250751714
-7.32598007211954	-2.422450498950623
-2.088552222065728	-0.5941610214403045
-24.171318644203048	-0.8988587784509315
5.018928307428244	13.879315130685535
4.062877204833281	-9.152670904570071
0.5228007899602075	5.16271294377403
17.088014871974313	-2.300616802255041
6.899780193629705	-0.14015573045279103
-13.73036697914008	-2.4645791088180675
-4.474715761448709	0.3958336399475597
-4.413409361637578	-0.22870037465333112
14.95537812132139	-1.1505195503340278
12.239628826973643	0.4666694053313799
-0.3209428705947806	-0.720373565570468
-35.1490671626064	-0.6133302867996749
-5.195924046055562	0.13035532787514478
8.68099185994328	1.1446169070426844
5.2650572938073745	-0.7219303043649893
5.325671286629932	0.49638312566389964
1.1788128503996023	0.6316460601050823
-2.6682291337686594	0.08024332868246303
5.856390901519998	-0.22506039314847978
-1.418974146702828	0.27499172441593867
-3.2261856823844597	-0.23911662780291887
12.79194071622249	0.7634108088470227
