x1	x2	x3	x4	x5	x6	x7	x8	x9	x10	response	response+gaussian	response+slash
-2.653850130413362	-2.9943640964510223	3.6342548691032306	-4.77638874064636	0.2608858496360451	1.5619690014794285	-0.6568698911177115	1.8066889540434552	3.2494211737826397	2.3008754481782914	3.1881186793144964	-17.5609257195669	3.9639563097777715
-1.299932066841377	-4.123567506696736	-2.4509649543609893	-3.231519398994994	-2.483038796477306	4.00909771661145	-3.747453439109063	-1.6353796454026392	-0.07306394109804071	-1.8537082929942383	-2.1319662832796453	-1.773662426500366	-1.999066890493697
-4.767303131217542	1.6972232005984722	4.690819930160821	4.205470447873829	-3.0024730842497216	-0.9642041379146784	0.6054094843549507	-3.010113038739368	2.5747079299897777	3.931203835925988	0.4973445942911227	19.77949953837168	-0.5096984419707851
0.1007597631163124	-1.1627435530707473	-2.9205682459985436	1.516221991914315	-2.9233987518260407	-4.450074959020397	0.48960063210476434	-3.738922142397816	2.303390378114031	2.0653437947807145	9.039629013083312	-10.261817761480222	11.899068341351562
-3.6663002782544982	-2.969511135469153	-2.6986207343349253	2.0541641076770523	-2.5091212017425777	-3.8265449758126433	-4.488510723034974	0.1742884086437657	0.1094032728602512	4.074333188268032	-0.8917998518724709	-16.890638986697997	-0.9122455705676443
-2.215338323840469	3.062722326162554	3.768785714186537	3.103488376729919	-2.2582541999939365	-4.686906912059884	-1.5574632746528252	-4.7719208883222075	1.393878658495181	-0.3347847429440298	0.019844154362029742	1.3888588496508076	-2.9442631235088963
-3.4373716506285557	-4.321694247191613	4.563703945419483	-3.575905182630701	1.5433915546931658	1.011704284639241	1.110658733196198	-4.270713665885521	2.4917194729158334	3.6778515838839017	0.06508382326858209	8.992480212765752	-1.3255835696854779
4.7389612130881815	-2.288473472680609	-1.4879182235963473	-3.241905456150278	-2.745192260014279	-0.19791102883903378	-4.990999539539431	1.9396963752259335	-3.4603083942589254	-2.498686411333777	-1.57076952811698	-5.125719271165785	-5.013916075911483
-1.303721120150776	0.9810500795115011	-1.7803609692357316	4.7662881193760835	-2.3585926723678083	-4.065621691527447	-3.964450665508484	2.8436677404492103	-2.39477524648247	-3.7853958108594044	-0.523577872038169	8.80025639418507	-1.8387681459500684
-2.7422804350842735	1.8521384041331022	-3.8189583312829667	1.2378408480930148	1.1380215850414945	-2.289957174707448	1.7940784130281724	-4.199781556113777	0.356092607742136	-1.892794306437664	1.5999811921826823	-1.1426505723433436	1.3707540894527015
-4.508788207217592	1.6275263959714685	-2.3087116927356064	-4.86398921577102	-0.36733659261954443	2.598417533955711	2.7400411973484404	-1.0747083132840896	-0.9085979148496968	3.028690247908619	-2.9683931793102327	-1.765805222874102	-2.3319673968111303
-3.6013458193105508	-3.8383739144090656	-2.6273223992496817	-1.8985782674253073	4.044453751330661	-0.2638746812184092	2.185237302055394	3.037497354951702	1.8736136243271542	0.920835922039247	-1.1982743410547294	22.19642588715266	-0.6813184903072655
2.427426170336089	2.923347174117387	4.691854861001563	3.4573837749660825	1.2955015400263017	-1.7525382524929345	-2.3953869652167525	-0.2684987043438438	-1.7218568316461411	2.1445286820871043	2.028305800954085	1.7379731385935422	2.2340411519284595
-1.483836684940428	2.8106046008165624	-3.8297244669161215	4.105795968023116	3.1225711956063673	4.537591019038519	-2.0790399700094953	1.486533181913451	-0.8287583329663359	-0.8974477778585239	-0.01544163530056819	18.150503958613182	0.8658666919404417
2.1242553720567336	4.526228209529533	2.160220328183435	3.5551105485683827	-4.731411314904826	2.794422383054041	0.3632949925674538	1.5736001387819503	3.479313393381325	0.9848520471289195	1.2245352219378787	4.6292742758158845	0.6252842526288769
3.0923332719820333	4.4733308815464525	-3.5792222700769805	-0.19716924628954136	2.4461891858454976	3.914693968039998	1.2683647042158661	3.3255717496390265	-4.554106174469981	4.062873845430147	-4.395448571257347	-11.430934319642805	-20.089950409809216
-4.782395079130497	-2.3375826018595323	0.41874249241729267	-2.9455452606302748	0.8666037420198798	-2.9982963373608564	-1.2307219543884051	4.542224002750787	-0.010329369509088693	2.203258828451668	2.5656441170948137	11.39663328275159	3.274609960494834
0.8630602551929947	-0.18201365046098683	-2.285831699541654	3.980298214740742	2.649506441796526	-0.4457759785077231	0.9192521749881326	-2.5882591316703927	-2.137029331314376	1.558950230652365	-4.144237055653273	18.105171101170576	-4.935600048056633
1.7942998156248322	-2.96425599308857	-0.8333704261304877	-4.895882002441287	-0.07351776216094041	2.0975139238706886	0.4416250362686993	3.366468532539198	4.031056971913534	-0.3407842200425222	-14.786387248844983	-17.973854353815028	-16.466066965264346
1.5743097459912025	3.310705912106826	-2.5053843054008174	-0.7729239570452142	-3.4426720003779354	-3.0515804575494823	0.27064955888945796	-3.689469076256351	-4.504337875278268	-0.6778302384370303	-1.0461513487309078	-3.275319186303253	-0.8867686270402958
3.3484442637596477	3.9005431554505456	1.1966546041181134	2.7926868670856795	1.010450756073757	0.23897490764526808	1.4234173041860378	4.248136405745694	0.39992366121137746	-1.5518306489336742	2.7384191542980316	-4.330861019278532	2.151364655425365
-1.396077275940768	1.7079248332934522	-2.460245148500726	-1.4003414178222826	-0.18653366416818162	-0.5404634456734492	3.8750758869541784	-4.376817079866729	1.1860782330593107	-3.654596802908967	-6.612324604805701	4.094712220239821	-0.8191537270600557
-2.343661354540912	-2.908028766928812	2.560853449809059	0.10782694870690523	0.03622692575688902	3.367496618290941	0.13206002786981585	1.8034945859207134	-3.377107870307184	-1.1533096739208792	36.497833441372016	28.988673207417325	37.589271597086004
-2.852722887107025	-1.784868640252685	1.4136452471223127	-2.8731424921670587	-4.714297485539306	-3.083636185019898	1.527380046194752	4.788310855212655	2.2491621912876667	-1.8131290397998736	-0.7635881938116027	-29.39247402072696	-0.780906975971503
-2.0393583902196144	-1.808003747706728	4.3112431861972595	0.32842585530689394	-0.28860462896560435	-4.800843053676904	-3.9046342741224804	0.0984390217295914	-3.9538070516398505	-0.9576581124168584	-1.2316154632206961	4.89809846123764	-3.232874497153871
3.6904931264407317	-2.0438677349936607	4.4305699781579655	4.711838256195666	1.3635799078274964	-1.3925101751820934	-0.3008456507631596	-0.8311388733049352	-3.409263499208338	0.9386478694134031	0.9529977312060351	7.135139284601078	2.8766665673007514
3.4111022619627445	-4.543385808394423	2.9044926014309596	-2.156603939110778	1.0181189874782213	-2.647413492349553	-4.857580968027716	-4.321015420370672	-1.53353414397422	-4.409773374145445	0.9358658768763415	-6.21054248398355	0.26766205572178603
-2.917229880306702	-4.874554714497723	-0.8390092975612475	-1.1246045035544538	-2.834309893043283	0.07714810025432861	-3.1616377184832056	2.93276570186078	4.023923717137073	-1.138667690353091	-2.981840858419643	10.248786011515055	4.4016258212676815
-0.17166875540592663	-1.360396411926704	-0.11514111812591654	2.556867023459306	-2.574022733165698	-4.0608694830925565	-3.443878847444335	-1.5224880959867901	-0.3454558855504253	3.6729326978120156	-15.242639709653792	-1.7274676154118556	-20.339191960312462
-4.330171338235559	2.9874611778054287	-2.432392330185884	-3.268353776615147	2.1360094800669422	-3.267024516703075	2.4209572496329717	0.9954182583875255	-2.656429110711925	-2.89758432578358	-0.14512496343812964	6.837103304242992	-1.7529862167427979
-1.4612826715610794	3.420401799322889	-3.452394272671846	-2.7319878033978737	-3.495130613268944	-0.675183014248053	3.0947020508925522	-1.4837798747844086	0.4304866107297265	1.4378686074384248	-1.333767221618131	-0.68179682377834	0.475654216734986
0.6633254190596478	2.7395181655105807	-4.521381743838756	-4.402920600362048	3.5342246110206936	4.941038511256993	-0.4270819124328078	-3.885633842837115	4.05620329505866	1.3944158605007795	1.7072375677107197	5.977372238259629	1.256119993903233
-3.7272621046703236	-0.22155369508306855	-4.064502854490999	-2.2952301591850155	4.166559001304332	1.220932431659726	1.7523762553565696	2.432746984756994	1.8172648029884062	3.9457354805882137	-5.223584472991876	-2.746968479723104	-5.496436651055122
3.1964936671725965	-3.8279379766764645	-3.7130930972737097	0.7061652688028452	2.912884893357621	3.0119995894526355	-2.4247452188803873	4.111378452980061	-2.4365851439653685	1.169844391541794	1.5416896633280848	8.953108105780847	1.9155612802382567
0.9255553294226004	3.3535959579217796	2.7338613399325364	2.2442345031818345	3.8825765202528775	-4.230229156725263	1.6547148379806984	4.018937194617905	-4.7678531332969065	2.586157741488604	2.447549977029465	2.004420194979685	1.4649552988103371
1.3541608968920933	0.03757038401317381	-1.4919604722874857	-3.358500630311939	1.8246067458368653	0.27330416897985366	3.6211957540350816	-3.8556896909534	-3.9404959347729793	1.1335935944266096	26.93522660482269	15.438281806650307	26.959112355141304
-3.652076576723524	2.592005939677671	1.4051055657512386	-0.23149058594822325	-3.092162084104354	2.8643858782820066	-4.4278100516878505	-2.8077487609679785	-4.331031786599415	-4.7987456287979855	-3.8195533455579325	9.543716057920847	-3.4559023909853606
3.8656764947666726	-2.919061206034177	-3.8634239810595297	-3.7162839121061952	-2.2845578034626577	2.2757946829175193	2.813889215728338	1.9609595078520528	-1.570453805122555	-1.0006474688081557	-1.0495341942163061	-3.321691757051357	-0.41032861444222235
4.267081383190783	-2.700896714493921	4.241452720394092	-0.4166701211308155	-0.2165209982451266	2.575941957197676	3.185742561754317	-1.8896707122391874	1.3811110359140901	0.6052014702481667	-6.918596708313316	11.054722314620257	-9.690532277256118
-0.8878173751532481	-0.21245527296319455	1.6093587627666182	-2.6538269399517613	3.2359244912501275	4.099162812068798	1.574608068893765	2.1393639912420532	-0.9780141844652768	3.8251682306653727	-5.279648960990184	16.33668131298255	-4.6143348494806125
2.9314403493381445	-3.893931373896573	3.9150634620741958	-3.1322238591968365	2.199043960292231	-2.740474577709413	-2.548884301789972	-4.507270489201499	-4.30583406563811	-1.3024019446493917	0.47522415390884093	5.506320194571788	0.03913445835076457
1.625041770509008	-1.9287840014002446	-1.383933225028163	1.8816770236859357	-3.9608211426653117	1.6991762864509363	2.3755802168987863	0.45376820024876885	-2.6797739681922152	0.17428649901406246	-0.34670285976130905	-2.6972009662156062	-1.322395364876628
0.1295175552626704	1.3035004547170672	-0.43240423728671296	0.7269175303950597	1.6633056185983222	-1.3309537216248057	0.18408294481473852	4.629888738222839	-4.741122897592144	3.9407202653827476	8.152359617333943	11.626731919014206	6.390859697198404
3.3401352958115638	1.352848342436614	-4.008521406274265	-1.466717095791478	1.5358958599408732	3.280626204603035	-2.9817937197605326	-0.29726024361696446	4.250580834956466	-1.8190729597632216	0.7583927511529035	-10.28056037130874	3.174251584363863
2.852708042307512	-0.494299183676957	1.5066475824151766	-0.41476031012189374	1.3646428608794592	-4.765880381691304	-0.6734058304721646	1.0378594548177764	4.2991241547283	-4.394493729151457	-2.68703555068658	18.67035607469429	-3.276903583679825
3.523129962600823	-1.2285666613879442	4.480513499164569	0.7484665468046847	-1.9611628569944708	-1.2165438160217823	1.5465739834246408	-4.404307969768169	4.139344140674309	-1.4833447017761223	0.5192340763521611	-5.637213093506252	-1.3243254405126277
-2.9468693643820343	-4.3187118101109	-2.8355850146978168	0.3872274020043198	4.0960305053867	1.5365892906832732	-1.7457471829789908	4.258394829820194	-3.7836713321643742	2.8883845299302093	1.903046061173843	16.232548285857874	2.5530557174129056
-0.5062955620049365	-1.3772263971716017	-4.713725027113716	-3.3142658754167886	2.2549472980579957	-4.264442371614811	-1.6821916294536265	3.6163294487597053	0.16962549198660604	4.2315363534801715	-2.771630957638587	-15.378958275282828	-2.427804607110918
-1.3080831425492767	-3.7793908660071396	0.12429374357563194	3.8624845653868913	-1.8236515509322802	-2.028386452999719	-3.051574719869077	0.9074739169873416	2.28081349418089	-3.239175375054147	6.7269372864320465	36.26464753919509	7.9125001496180705
0.052116969466242224	-0.462826856352649	2.9929474694693603	-1.8849967673156054	3.1710307836875042	3.9542206806704314	-0.2550491742934913	3.166299626135995	1.5889885416113625	-1.514734389062963	17.145941948485696	20.306649656173164	16.961814887022907
