x1	x2	x3	x4	x5	x6	x7	x8	x9	x10	response	response+gaussian	response+slash
-2.653850130413362	-2.9943640964510223	3.6342548691032306	-4.77638874064636	0.2608858496360451	1.5619690014794285	-0.6568698911177115	1.8066889540434552	3.2494211737826397	2.3008754481782914	3.1881186793144964	-17.5609257195669	3.9639563097777715
-1.299932066841377	-4.123567506696736	-2.4509649543609893	-3.231519398994994	-2.483038796477306	4.00909771661145	-3.747453439109063	-1.6353796454026392	-0.07306394109804071	-1.8537082929942383	-2.1319662832796453	-1.773662426500366	-1.999066890493697
-4.767303131217542	1.6972232005984722	4.690819930160821	4.205470447873829	-3.0024730842497216	-0.9642041379146784	0.6054094843549507	-3.010113038739368	2.5747079299897777	3.931203835925988	0.4973445942911227	19.77949953837168	-0.5096984419707851
0.1007597631163124	-1.1627435530707473	-2.9205682459985436	1.516221991914315	-2.9233987518260407	-4.450074959020397	0.48960063210476434	-3.738922142397816	2.303390378114031	2.0653437947807145	9.039629013083312	-10.261817761480222	11.899068341351562
-3.6663002782544982	-2.969511135469153	-2.6986207343349253	2.0541641076770523	-2.5091212017425777	-3.8265449758126433	-4.488510723034974	0.1742884086437657	0.1094032728602512	4.074333188268032	-0.8917998518724709	-16.890638986697997	-0.9122455705676443
-2.215338323840469	3.062722326162554	3.768785714186537	3.103488376729919	-2.2582541999939365	-4.686906912059884	-1.5574632746528252	-4.7719208883222075	1.393878658495181	-0.3347847429440298	0.019844154362029742	1.3888588496508076	-2.9442631235088963
-3.4373716506285557	-4.321694247191613	4.563703945419483	-3.575905182630701	1.5433915546931658	1.011704284639241	1.110658733196198	-4.270713665885521	2.4917194729158334	3.6778515838839017	0.06508382326858209	8.992480212765752	-1.3255835696854779
4.7389612130881815	-2.288473472680609	-1.4879182235963473	-3.241905456150278	-2.745192260014279	-0.19791102883903378	-4.990999539539431	1.9396963752259335	-3.4603083942589254	-2.498686411333777	-1.57076952811698	-5.125719271165785	-5.013916075911483
-1.303721120150776	0.9810500795115011	-1.7803609692357316	4.7662881193760835	-2.3585926723678083	-4.065621691527447	-3.964450665508484	2.8436677404492103	-2.39477524648247	-3.7853958108594044	-0.523577872038169	8.80025639418507	-1.8387681459500684
-2.7422804350842735	1.8521384041331022	-3.8189583312829667	1.2378408480930148	1.1380215850414945	-2.289957174707448	1.7940784130281724	-4.199781556113777	0.356092607742136	-1.892794306437664	1.5999811921826823	-1.1426505723433436	1.3707540894527015
-4.508788207217592	1.6275263959714685	-2.3087116927356064	-4.86398921577102	-0.36733659261954443	2.598417533955711	2.7400411973484404	-1.0747083132840896	-0.9085979148496968	3.028690247908619	-2.9683931793102327	-1.765805222874102	-2.3319673968111303
-3.6013458193105508	-3.8383739144090656	-2.6273223992496817	-1.8985782674253073	4.044453751330661	-0.2638746812184092	2.185237302055394	3.037497354951702	1.8736136243271542	0.920835922039247	-1.1982743410547294	22.19642588715266	-0.6813184903072655
2.427426170336089	2.923347174117387	4.691854861001563	3.4573837749660825	1.2955015400263017	-1.7525382524929345	-2.3953869652167525	-0.2684987043438438	-1.7218568316461411	2.1445286820871043	2.028305800954085	1.7379731385935422	2.2340411519284595
-1.483836684940428	2.8106046008165624	-3.8297244669161215	4.105795968023116	3.1225711956063673	4.537591019038519	-2.0790399700094953	1.486533181913451	-0.8287583329663359	-0.8974477778585239	-0.01544163530056819	18.150503958613182	0.8658666919404417
2.1242553720567336	4.526228209529533	2.160220328183435	3.5551105485683827	-4.731411314904826	2.794422383054041	0.3632949925674538	1.5736001387819503	3.479313393381325	0.9848520471289195	1.2245352219378787	4.6292742758158845	0.6252842526288769
3.0923332719820333	4.4733308815464525	-3.5792222700769805	-0.19716924628954136	2.4461891858454976	3.914693968039998	1.2683647042158661	3.3255717496390265	-4.554106174469981	4.062873845430147	-4.395448571257347	-11.430934319642805	-20.089950409809216
-4.782395079130497	-2.3375826018595323	0.41874249241729267	-2.9455452606302748	0.8666037420198798	-2.9982963373608564	-1.2307219543884051	4.542224002750787	-0.010329369509088693	2.203258828451668	2.5656441170948137	11.39663328275159	3.274609960494834
0.8630602551929947	-0.18201365046098683	-2.285831699541654	3.980298214740742	2.649506441796526	-0.4457759785077231	0.9192521749881326	-2.5882591316703927	-2.137029331314376	1.558950230652365	-4.144237055653273	18.105171101170576	-4.935600048056633
1.7942998156248322	-2.96425599308857	-0.8333704261304877	-4.895882002441287	-0.07351776216094041	2.0975139238706886	0.4416250362686993	3.366468532539198	4.031056971913534	-0.3407842200425222	-14.786387248844983	-17.973854353815028	-16.466066965264346
1.5743097459912025	3.310705912106826	-2.5053843054008174	-0.7729239570452142	-3.4426720003779354	-3.0515804575494823	0.27064955888945796	-3.689469076256351	-4.504337875278268	-0.6778302384370303	-1.0461513487309078	-3.275319186303253	-0.8867686270402958
3.3484442637596477	3.9005431554505456	1.1966546041181134	2.7926868670856795	1.010450756073757	0.23897490764526808	1.4234173041860378	4.248136405745694	0.39992366121137746	-1.5518306489336742	2.7384191542980316	-4.330861019278532	2.151364655425365
-1.396077275940768	1.7079248332934522	-2.460245148500726	-1.4003414178222826	-0.18653366416818162	-0.5404634456734492	3.8750758869541784	-4.376817079866729	1.1860782330593107	-3.654596802908967	-6.612324604805701	4.094712220239821	-0.8191537270600557
-2.343661354540912	-2.908028766928812	2.560853449809059	0.10782694870690523	0.03622692575688902	3.367496618290941	0.13206002786981585	1.8034945859207134	-3.377107870307184	-1.1533096739208792	36.497833441372016	28.988673207417325	37.589271597086004
-2.852722887107025	-1.784868640252685	1.4136452471223127	-2.8731424921670587	-4.714297485539306	-3.083636185019898	1.527380046194752	4.788310855212655	2.2491621912876667	-1.8131290397998736	-0.7635881938116027	-29.39247402072696	-0.780906975971503
-2.0393583902196144	-1.808003747706728	4.3112431861972595	0.32842585530689394	-0.28860462896560435	-4.800843053676904	-3.9046342741224804	0.0984390217295914	-3.9538070516398505	-0.9576581124168584	-1.2316154632206961	4.89809846123764	-3.232874497153871
3.6904931264407317	-2.0438677349936607	4.4305699781579655	4.711838256195666	1.3635799078274964	-1.3925101751820934	-0.3008456507631596	-0.8311388733049352	-3.409263499208338	0.9386478694134031	0.9529977312060351	7.135139284601078	2.8766665673007514
3.4111022619627445	-4.543385808394423	2.9044926014309596	-2.156603939110778	1.0181189874782213	-2.647413492349553	-4.857580968027716	-4.321015420370672	-1.53353414397422	-4.409773374145445	0.9358658768763415	-6.21054248398355	0.26766205572178603
-2.917229880306702	-4.874554714497723	-0.8390092975612475	-1.1246045035544538	-2.834309893043283	0.07714810025432861	-3.1616377184832056	2.93276570186078	4.023923717137073	-1.138667690353091	-2.981840858419643	10.248786011515055	4.4016258212676815
-0.17166875540592663	-1.360396411926704	-0.11514111812591654	2.556867023459306	-2.574022733165698	-4.0608694830925565	-3.443878847444335	-1.5224880959867901	-0.3454558855504253	3.6729326978120156	-15.242639709653792	-1.7274676154118556	-20.339191960312462
-4.330171338235559	2.9874611778054287	-2.432392330185884	-3.268353776615147	2.1360094800669422	-3.267024516703075	2.4209572496329717	0.9954182583875255	-2.656429110711925	-2.89758432578358	-0.14512496343812964	6.837103304242992	-1.7529862167427979
-1.4612826715610794	3.420401799322889	-3.452394272671846	-2.7319878033978737	-3.495130613268944	-0.675183014248053	3.0947020508925522	-1.4837798747844086	0.4304866107297265	1.4378686074384248	-1.333767221618131	-0.68179682377834	0.475654216734986
0.6633254190596478	2.7395181655105807	-4.521381743838756	-4.402920600362048	3.5342246110206936	4.941038511256993	-0.4270819124328078	-3.885633842837115	4.05620329505866	1.3944158605007795	1.7072375677107197	5.977372238259629	1.256119993903233
-3.7272621046703236	-0.22155369508306855	-4.064502854490999	-2.2952301591850155	4.166559001304332	1.220932431659726	1.7523762553565696	2.432746984756994	1.8172648029884062	3.9457354805882137	-5.223584472991876	-2.746968479723104	-5.496436651055122
3.1964936671725965	-3.8279379766764645	-3.7130930972737097	0.7061652688028452	2.912884893357621	3.0119995894526355	-2.4247452188803873	4.111378452980061	-2.4365851439653685	1.169844391541794	1.5416896633280848	8.953108105780847	1.9155612802382567
0.9255553294226004	3.3535959579217796	2.7338613399325364	2.2442345031818345	3.8825765202528775	-4.230229156725263	1.6547148379806984	4.018937194617905	-4.7678531332969065	2.586157741488604	2.447549977029465	2.004420194979685	1.4649552988103371
1.3541608968920933	0.03757038401317381	-1.4919604722874857	-3.358500630311939	1.8246067458368653	0.27330416897985366	3.6211957540350816	-3.8556896909534	-3.9404959347729793	1.1335935944266096	26.93522660482269	15.438281806650307	26.959112355141304
-3.652076576723524	2.592005939677671	1.4051055657512386	-0.23149058594822325	-3.092162084104354	2.8643858782820066	-4.4278100516878505	-2.8077487609679785	-4.331031786599415	-4.7987456287979855	-3.8195533455579325	9.543716057920847	-3.4559023909853606
3.8656764947666726	-2.919061206034177	-3.8634239810595297	-3.7162839121061952	-2.2845578034626577	2.2757946829175193	2.813889215728338	1.9609595078520528	-1.570453805122555	-1.0006474688081557	-1.0495341942163061	-3.321691757051357	-0.41032861444222235
4.267081383190783	-2.700896714493921	4.241452720394092	-0.4166701211308155	-0.2165209982451266	2.575941957197676	3.185742561754317	-1.8896707122391874	1.3811110359140901	0.6052014702481667	-6.918596708313316	11.054722314620257	-9.690532277256118
-0.8878173751532481	-0.21245527296319455	1.6093587627666182	-2.6538269399517613	3.2359244912501275	4.099162812068798	1.574608068893765	2.1393639912420532	-0.9780141844652768	3.8251682306653727	-5.279648960990184	16.33668131298255	-4.6143348494806125
2.9314403493381445	-3.893931373896573	3.9150634620741958	-3.1322238591968365	2.199043960292231	-2.740474577709413	-2.548884301789972	-4.507270489201499	-4.30583406563811	-1.3024019446493917	0.47522415390884093	5.506320194571788	0.03913445835076457
1.625041770509008	-1.9287840014002446	-1.383933225028163	1.8816770236859357	-3.9608211426653117	1.6991762864509363	2.3755802168987863	0.45376820024876885	-2.6797739681922152	0.17428649901406246	-0.34670285976130905	-2.6972009662156062	-1.322395364876628
0.1295175552626704	1.3035004547170672	-0.43240423728671296	0.7269175303950597	1.6633056185983222	-1.3309537216248057	0.18408294481473852	4.629888738222839	-4.741122897592144	3.9407202653827476	8.152359617333943	11.626731919014206	6.390859697198404
3.3401352958115638	1.352848342436614	-4.008521406274265	-1.466717095791478	1.5358958599408732	3.280626204603035	-2.9817937197605326	-0.29726024361696446	4.250580834956466	-1.8190729597632216	0.7583927511529035	-10.28056037130874	3.174251584363863
2.852708042307512	-0.494299183676957	1.5066475824151766	-0.41476031012189374	1.3646428608794592	-4.765880381691304	-0.6734058304721646	1.0378594548177764	4.2991241547283	-4.394493729151457	-2.68703555068658	18.67035607469429	-3.276903583679825
3.523129962600823	-1.2285666613879442	4.480513499164569	0.7484665468046847	-1.9611628569944708	-1.2165438160217823	1.5465739834246408	-4.404307969768169	4.139344140674309	-1.4833447017761223	0.5192340763521611	-5.637213093506252	-1.3243254405126277
-2.9468693643820343	-4.3187118101109	-2.8355850146978168	0.3872274020043198	4.0960305053867	1.5365892906832732	-1.7457471829789908	4.258394829820194	-3.7836713321643742	2.8883845299302093	1.903046061173843	16.232548285857874	2.5530557174129056
-0.5062955620049365	-1.3772263971716017	-4.713725027113716	-3.3142658754167886	2.2549472980579957	-4.264442371614811	-1.6821916294536265	3.6163294487597053	0.16962549198660604	4.2315363534801715	-2.771630957638587	-15.378958275282828	-2.427804607110918
-1.3080831425492767	-3.7793908660071396	0.12429374357563194	3.8624845653868913	-1.8236515509322802	-2.028386452999719	-3.051574719869077	0.9074739169873416	2.28081349418089	-3.239175375054147	6.7269372864320465	36.26464753919509	7.9125001496180705
0.052116969466242224	-0.462826856352649	2.9929474694693603	-1.8849967673156054	3.1710307836875042	3.9542206806704314	-0.2550491742934913	3.166299626135995	1.5889885416113625	-1.514734389062963	17.145941948485696	20.306649656173164	16.961814887022907
1.5799601910671104	3.907684989573932	4.7340361384245675	-2.0337058685987817	0.9188486194757317	3.5880072851948306	-4.118320622558992	-1.258633327074512	2.0722877447630106	3.235752447960845	1.6966749348009131	18.90600408259447	2.2742004296634226
4.849386489145514	1.3859141997284112	-4.30044657968274	-3.752154661296403	4.02934053619842	-0.13074711069659806	3.784687694511149	1.7396013685623757	2.8818202296532416	-1.7130071715187234	0.6768890866698348	-6.117988703954349	4.613911258405121
-1.617719697707968	3.924196263638983	1.0994724889295533	-4.477464721902116	1.379263946965576	-0.8252057398897295	-3.946866709440724	0.23786119545803786	1.8257666072669299	4.619736837821783	1.0478859818130193	-13.527322830678152	1.5699901456022336
-4.157251886147345	3.4473401177224865	2.0071994918518143	2.1309577295908158	-4.697674997727502	3.5942928183387863	3.3614001498378485	-0.6119368673218206	-1.354248876262456	-0.47143343394272286	0.8041430851457547	-9.394253552279425	0.3892456614190445
-1.4112042620855703	-4.664726980863566	-0.9093062595713688	0.07438870483103166	-3.1398158925408914	0.7956895482956714	2.760691073130607	4.981288544792228	4.895879415325435	-3.7328741167363164	11.101682115462387	7.082057665707824	16.388404993849388
1.4409386773455468	0.9668846388327959	-2.1283981050296017	-2.004012458445674	-3.648841634311364	-1.7111417582695654	0.6006398408304872	0.3104745468248762	2.9993333880739925	-2.175557034174762	0.48534621912601034	-10.9328062426211	-0.08249276215903084
1.2484434228143844	-3.108375033004637	-4.607017578885695	-4.010721842256214	-3.0450398757791386	-3.829499220218926	-3.5899661813892925	4.993493960168747	3.171655516595532	-3.6379313735302765	-0.3155088168445761	8.351592496287333	1.175591441281155
-0.030744844642292435	-1.088598937265588	-3.735696154190519	3.781104840820424	-0.20941803099906142	1.8321865298112696	1.9892806539880734	4.032713256908593	-1.001419525114847	2.96252173255645	-38.22274300582229	-36.42341772440901	-33.198043538246836
0.8202190698654306	-0.5701904505529809	4.597669065496056	4.968011180414418	4.783543443882433	-2.437800671258877	0.9356158874873461	-3.9310768159872844	-0.5444757215767222	-4.6733691141970155	0.09322586097044117	-26.37905873043168	1.4319441181027805
-3.327781245070598	3.446659837283555	-0.9198503256697412	-0.07551972340188673	0.4829646207481968	-4.629060135729462	2.3862365257997142	3.3434837306102274	1.752855958121212	2.123682541380921	-12.268526819168923	-26.10718059534956	-12.52857805908512
1.6138599618806238	-0.3377952614234392	3.8534845741637618	1.274098351142955	-2.4956945703416378	-4.849318290883513	-0.753179947169369	1.1505042021977285	-1.4355993318008622	-0.41202505275553314	-1.697056541970787	21.612967991078992	6.923989383081408
-2.3779265353919277	-2.542098477647594	3.785216204681678	3.4770926733805503	0.5473877995482006	1.9063655215835915	4.176772402928993	-0.08995859026303421	-1.294005371509812	-1.5561843673639677	1.5647304641372315	21.664865857906108	1.2704022907439487
-0.025478445105293623	1.720515715821234	0.6868684804429526	2.2277471734898793	-2.819976378436878	4.259001502128326	-4.487194999032404	-1.175975903858657	-0.7826310165391082	1.6348399817662926	-37.117488003797654	-32.711219522734815	-37.746220423793005
4.614230331764016	-3.7131552935133296	-3.081455056579344	-0.4079409393072	2.794949363031299	0.752511659802316	2.795081622361142	1.3205472251181218	1.8864261789346637	-3.029349353693357	-2.4706608831435712	16.71255332605144	-3.0251096579495944
3.6099537101536487	3.4514114776517886	-4.749919932852313	-1.1999622267443244	-1.3671412317526688	-1.7548767822501699	-3.9375246570180487	1.1122120848394719	-0.3563746215472561	4.553325332828038	-1.2085943587424701	-18.69016318652472	-4.405817780571583
-2.5938319540939183	3.7745663427602913	2.742656089526605	4.519937349045323	-2.4106312410355724	0.4256217974519796	1.3339386596745104	-4.815538966165955	-0.16953292892810445	-0.3912889527915153	0.050424068562711144	-25.328797788470368	-0.2534450453449684
4.265310126345714	4.160155302679559	1.4688569827442528	3.4963082693311804	3.0422934587507555	-3.6179860217795246	4.201391181535602	-0.08424024709230338	-2.724033174985654	4.5542464567326135	1.770342015340707	11.148817283120092	2.761933413730983
3.4941837799352573	-3.3218139745132524	-1.9180319964381187	-0.6257716856307454	2.2823710473535446	3.3158405579825505	-4.983120302887842	-3.1303517134695245	1.3458302632855172	4.249227547290692	-1.6961042710936944	-3.0744283235054093	-0.751329625506026
3.3198728015242622	-0.7421468757628782	-3.6632499920652952	-0.8662075184648597	4.721638462405554	2.621150086858501	-0.6646706334004548	0.6770227150449584	-3.11073211092044	-0.6109049069224914	-2.2618743396984624	21.734541684903423	-2.6235876859088854
1.0227829438661793	-2.429698385219954	3.694889518987992	-3.8714398444144074	-1.9137871352561477	0.34588385570507896	0.9275048106320218	-2.5353610951431085	-0.692200907039445	0.9478679099602569	0.05596894147268039	-9.343672565563256	-0.0743481134749722
-0.1883860573527718	-4.909784001369836	2.9411573588576925	2.5970633038260527	3.7528543536978454	-3.230709900954296	-2.559406018325295	-4.866837991349797	2.1000223472165427	3.9989038589743906	-4.520407061506227	-9.250619443705201	-4.543391905473748
-2.6156129595297894	2.433641331341172	-1.605515170426056	-1.4331911292148556	-3.478890429173612	2.7373375087695067	-0.4278691076969743	-2.3732545839757613	0.26839808902389173	-0.2583479752077613	-1.5794573205776457	-18.53766309315283	-1.1550382027520205
-3.1103482972272323	4.110494392987357	0.7064693513801492	2.195858742465888	-1.0339194731351986	4.30561907560887	-1.8659324916054967	2.3790050401276828	2.262161495885354	-2.749919531727696	0.8254712961384557	15.717505489591343	0.5331798536213012
4.5924260736185545	-0.6705916533962526	4.564261147327059	1.2296749635155981	-3.5867923938770496	0.9837689510418643	2.5961727847760425	1.1115109554897193	4.80928817491802	0.4874361136271945	-0.5199547330761705	5.185433930830578	0.13131994675779202
-4.248694037541599	-3.4934938000233675	-4.19737070652173	-4.1466237183595345	4.119397136265208	4.826149594747557	3.371386240229757	-1.1240875640414574	0.4760131988432539	-4.816457651967871	-0.7582633060795505	21.872716791605107	-0.8974458849751059
2.5987774217239377	-1.2536844331237749	2.7097613875931437	-1.21400546165951	2.8191423567354432	-1.8291523918163666	-4.718735612020466	-1.0237775277148655	4.281998874015125	4.957869115929592	-0.5128180992560747	-0.1415725654416275	-1.4918055570957498
-4.260406401719203	-0.5985466709130529	-4.30719697377412	0.019140523702430023	-4.934003705668474	1.924514669548465	4.139507447862927	3.521463237588865	-1.3286022755350144	-3.1617539742349496	49.90489685337304	49.9282723627422	50.72466266622534
3.376901104375449	4.528319296694935	-1.7567089684986117	-3.295658182420933	1.2161076632035375	-4.112810620713003	3.319276440597374	1.7099949738707343	1.8545073559548406	-4.653264069529421	0.466581809599863	-26.555279557315778	0.03373608965118047
-4.541352092145651	-1.1795219062800766	4.381739817374838	-4.070936837632973	-2.809934108013884	-0.796932494221867	4.410334636463261	3.4357764454640094	2.5324978979765334	-1.5925237668375294	-1.441303949070726	-14.282996225157211	-1.1576950366200314
1.804908496544181	-3.367422246423426	-4.1817543971344335	1.6102304410545223	3.821756257798061	-3.8643474632468164	0.7910231637133824	1.8651907492018385	-0.378942613569512	1.3141207160317094	0.9006364991465687	17.74525167915034	0.40618174566467324
2.5086842687349105	2.7496814044111897	-0.9231962908886366	0.6263319275317345	0.44934557590566193	-1.9445410521569704	-3.9150462905484673	-0.27618780473902227	2.4012859242498266	0.24601873776899374	3.5011567330592426	35.323599427846425	13.737235328687362
4.158201788698781	3.3851749040218166	-4.788853562946417	-3.71350122485154	-0.003857029528864686	1.88332948575054	0.27159758793705	4.149711224123841	-1.067490925215402	-0.25716274700253194	-259.20908849460955	-252.55281726058075	-259.1489725569683
-1.251223337839721	-4.188407443251839	4.686537114759739	-4.9897226017768705	3.9814413103940343	2.8716334975101923	4.6834218655543065	0.13900090342278304	-3.77207330396328	-0.9313870888117828	-0.7738415142216637	6.605286989315485	-1.6717962941712639
1.3592013251972688	1.3806711867053618	-2.0063668571461104	-0.09077514502507267	-0.6716944325088345	2.1794976342755588	-3.4590892695464848	3.3869569908123367	-1.9326034726385668	-2.5189083208665397	-11.54340531367686	-17.78616120013361	-10.38884194821657
3.864851282225544	-2.6591613885415932	-0.14298394178975737	0.09638618148521161	3.412633977881086	-1.611550123293716	3.1229452882219775	-2.697925025290575	-2.8692828239119974	4.56484098009375	3.556851369787672	-21.018754707903202	4.535930395866414
2.0320758224104427	-4.287453458566278	-3.9566971448841635	-1.191218730256697	4.222980784787264	-4.875699401411362	2.4971493850570514	3.260024458152774	-0.11073849882067943	-2.4876479725341847	-0.5965439384657014	-10.318278300308883	-2.7603847298823183
2.4519391594358	4.96603518667318	-2.915858016430465	-4.350859299371669	1.7520561466716709	2.043896712806408	0.07767085702085197	-3.0800148134628937	1.1847650196233879	-4.397121930108234	0.607174429407358	-3.633058614086461	1.8476177231853828
-0.1267219400235451	1.8251305379934433	1.3114256186546216	-3.19459191571714	-1.4216686172236015	3.386955524743234	-0.4474840952974448	0.3289673295136044	2.223723186838578	3.221925436052487	-7.597286192140983	-32.95639251108054	-9.913498753948293
-1.1861207758461711	-4.811320479844776	-0.1595920975212195	2.390384776329668	-0.9392508567197151	1.3901398404258085	0.12620628580225635	0.30330573395865734	0.6777493864990269	-3.795704824071129	-7.963237633141469	1.8250919327551838	-8.013285921884963
0.8740781723380451	2.9436217627445327	1.1972056088687522	-3.009052744176789	0.4834569453033941	2.4507909605410836	-4.965256872727445	-1.5552800689615776	-4.660865350537291	3.720748478514828	4.055164421524434	-1.0090620151348197	1.9396927646445596
-0.7597077524045304	0.8970978834203693	1.617568299055523	0.08942795065111664	-3.045743682998344	2.8804055338839945	-4.831623108339106	-0.6034606239974396	4.252743327195194	-4.455632708025343	11.27048105321301	45.09833680826667	11.405564262388843
-1.480815896262154	3.7673142220943543	-4.6276004692694706	-1.2868519162919245	-0.2351446363716425	1.3034391366056761	-4.075474375000695	-1.6194561236788587	4.127566562985784	-4.459581880456343	-5.655748927685996	-2.3683639090066704	-4.7146109767625415
3.639797243041441	3.2632588493092527	-4.687967769545102	-0.9928827503241964	1.429048786577706	3.6669650665483786	0.43061370099163554	0.5142609943715373	-1.8977741403626878	-0.6328886440884949	0.06046856867827688	-4.576441733509765	0.8479056695347335
-0.7640823959238201	1.9021669963976802	-2.043254895826535	4.466214656346745	-4.326117688722807	-1.1059793828827722	1.628149414328636	-3.738374079378548	-2.641752654856907	2.429505297257152	-1.2797092589561565	34.57798368542069	-0.9318676989400778
-2.909922214083107	2.042537755722309	-3.53231568462952	1.3946213150442173	1.4972179069965357	2.432256579449027	3.779763046604053	-4.982957862070343	1.684044721674093	2.4015381061608103	1.247780805871619	2.6713335860114027	2.203334726515245
-3.918683494243834	3.362370702055795	3.5637906131476687	1.401040021702019	-3.967343647335354	-2.6548234462432263	-1.5837638540355945	2.1957208944514743	2.713485770884745	-4.540292326139447	0.7845192237533272	2.564152905659537	1.6918349971425457
-2.8904552042213663	3.93127214528225	0.541241443169703	3.038686919067244	1.6705119372031083	-1.277557847529268	4.02799372541778	1.2646229512656788	-2.700764497073153	2.625371476164757	2.6837169879338654	4.509197188890457	1.0836946816791688
-4.070082237433641	-2.6134275529957653	-3.081642226732353	1.2408281026529986	-3.256256336941863	4.636315130856477	4.653666360084927	-2.607505306941272	4.2174846628248375	0.19141342259786853	-0.4540245759259777	2.025316401515513	-0.9935243122804778
4.2619867022076185	3.3342268030472884	2.568128316218691	2.198644196492179	3.4539348801871412	2.762465363176732	2.436871604097451	2.3498098314595577	-4.696756067513518	-1.4552455168886835	1.668291220968819	1.4977258702208167	1.7932885081822572
4.262867672871934	-1.207054325606097	3.49101436101337	0.5225779263613202	-0.2806543430016699	-4.734538638016951	-0.99761822589576	4.006498402601254	-1.86864757089247	-3.7482325402393544	-1.9569411760412774	4.31278805707331	-3.3568402375685142
2.074736265248136	3.6538412372451816	-2.617741167302692	4.6964519452015825	4.69076454664582	-0.6960590656112338	1.7165607631183208	-1.654907576816651	-4.283766560593364	0.04322258510685728	0.7997763733793701	15.984819955351632	2.42063580939075
2.059398698344004	3.138300096552518	2.901566138773476	0.2821648409183126	-2.0013921910620636	-2.749391398724499	3.3979085884059685	-3.0515452125353395	4.413002941370385	-2.6556603606908413	4.193239398475799	15.67207654056292	2.977534051556916
-2.817476015984348	0.035403327549313524	-0.11900813513397335	-0.600411037796766	-4.155011563500725	-0.30802966819114896	-1.533497691236688	0.08499140337889433	2.5548105727486767	1.8004970031644856	17.582019090548435	28.157408640105956	16.160888459775716
1.2545988755726238	1.0499460523062556	-2.287271338096727	0.5605228518347118	-0.9029462975575324	-2.252511979464251	-1.2179130642239744	0.981821852829599	3.4285298933699178	-3.5619807323383537	1.9888582305725964	0.6873382470430991	-1.0999282008378557
2.103330110342686	-3.6129398639059973	-2.273075346914506	-2.122383045359353	-0.8862033883017233	-3.9657522548172155	-1.7831907421531437	3.860662664485041	-0.673370636814699	-4.208589032915783	-1.8408566053297974	-1.511372483867901	-5.464246579191737
-1.2472053956797815	3.265042025272354	-2.33323136870215	0.430693740006971	1.470042446185781	-2.4608090222845522	4.318626475071115	-0.44365336406817946	1.752031770934245	1.673766253642369	2.077979990840846	6.639458618964128	2.4070442249743897
1.109186317498101	0.4408381540416748	3.3410802157694146	-4.383249951955317	-0.36808830988936236	0.1155826344385602	-2.9949881774143927	2.8192984498851468	2.810987230371202	-4.052450125994842	0.524391797944523	-15.96339851773447	1.0835381303886464
4.073754936659391	-2.8593286616055846	3.4120552181544834	-1.3697198969516524	4.3725379762286405	-3.3059120647811735	0.12475664368985306	4.027602227644415	-3.396248527498323	3.381375473503125	-0.31255632241818815	9.101934098611345	1.5991609959174453
4.274018974482917	0.6306114189166792	-1.932573858964417	-0.15721323667019682	-2.0388228742175993	-2.476768941093368	-0.23932722950696483	1.3393850051665908	-2.507341537763229	3.6989512162736453	-5.548976888005901	-26.752942582568956	-11.310877621382858
2.359318647835739	-1.3110959420062551	4.323094748541283	3.3310983925553845	-1.6396344262980822	-0.20798873771159165	-0.5786281617067148	3.1712562546870444	-4.248213443931745	1.5144150350360377	-0.41724450307518035	26.60586182900033	-0.9783562692310582
-4.037732745940806	-2.3647707797161157	-1.0234333601046588	0.7312749667435234	-0.44703856381814067	4.333196246980467	3.6707859329154857	3.193885972883006	4.822855820329966	-2.1895221982404447	-2.517109697691109	-4.28641072651669	-1.8490215935145002
2.6809333155432356	1.5446267408099796	2.1367691825857795	2.087597944825813	2.203527725083955	-0.7153223746989283	-1.5642798324468798	3.2230900440767414	-1.4594804802959436	-4.209974526461688	2.4212434874758824	20.952909889774375	2.2349761584009746
1.7661511065191435	1.5697655623405815	-2.0731731585826854	-1.4252072635822408	-0.07241531855061378	-0.3450779961636492	4.1617624020734585	2.916942385447342	-0.14965201811751871	-4.312760536819652	-13.789996848200628	-20.217463822817606	-17.301155636592583
1.363989247244449	-4.3100755853253645	-4.190866269495821	4.57787861663763	2.0700372281269566	-0.21515220965967607	1.3848205062359442	-1.9394447771186893	4.109303359199373	-2.138726515502273	0.9640398546240854	-6.128060529787049	2.662975151193768
2.2060993086921936	3.0051363489853653	3.2138489593880166	-0.669252723956899	3.9341077701271043	2.3415677486581297	2.159196255049613	2.4556940310270576	2.6974065566749097	-3.8542933496654888	-0.14281086916125652	9.571481783649094	5.491336712419292
1.382719348351209	4.237327953642719	3.2412728749580726	1.3858995136739054	0.4891159953807147	4.369730264801861	3.4244350031119026	-2.4110887236496437	4.827831385075134	-4.046722451779557	4.033788945715595	0.3724234077746078	3.8623669435502324
2.377997657478633	2.2560787055745957	-3.5847945854490515	4.889108466597293	3.6354636867810015	4.24532315735658	3.874496098956648	1.9173382472563176	3.8493895593262426	-4.4680725361081794	1.064417140539323	1.0026912685966558	1.242856906665974
1.779828305234851	-3.8847556174056432	2.329354797398514	1.7707427654621686	-4.184495329711808	-3.662340355678857	-3.432436133701726	-0.0952360055504089	-3.4999898497800066	-2.4396693503572475	1.0594962468712272	7.376148903141715	0.08598902382259554
4.1625477956306565	-3.300232843887522	0.8744239260697828	2.3780100865298177	2.108060555981269	-4.468019103952724	-1.4821439605908449	4.012565589373805	0.2834185756816332	0.015517092701235136	1.9757279578070892	9.638756412407638	2.228194718105125
-4.472098025526399	-3.897586777936517	-2.8368372217813107	2.1285613268859755	-2.3079893175928747	-3.7269149548032035	2.25807004301402	-0.6179164721919381	1.9760461502520341	-4.970231614317808	-0.7961596355243346	-4.930929737042423	-1.931523197072733
1.606176281547703	0.2720964635977099	3.669217119674016	-1.1338370032216294	-0.24838291025701054	-0.23374331097001289	-4.950067052564445	-3.349980840156067	4.0807333083136506	-3.102133449103164	-0.33770129376388347	11.052025384021883	3.86323359801834
0.2750453756178324	1.3242389752538628	-4.870974886803139	4.675099862535369	0.3453156133841784	4.753432102113006	-0.47081622663440736	-1.5394524208972085	1.4628443038468895	2.149338982345702	7.295417389472125	32.01904228326865	6.564726466486784
0.6395682639351472	2.7359300047216006	-0.12841084495532318	3.9245485608632507	-4.42586535866163	-2.260892547824489	-3.640014292713527	-2.9475510947868044	-3.651032015673091	-3.1547320543427118	-5.829581199646866	-11.600645309775068	-5.279094731614537
4.005078654994714	-4.947627759488605	-2.8327963298141414	2.7614512248209975	3.450460912420276	-4.427594434413057	-0.5167257758155159	-4.386677822664575	1.0357090835041616	-2.791645679301066	0.3465026244144264	7.498097605369876	1.8337232817347864
1.4190444871631307	-1.1746179719767555	-3.5671081976905517	2.6758668537037744	-1.6514464546600993	-0.6694346603662558	-1.9038765272297775	3.743737524059089	-2.9752888234210495	-2.907563558003907	-0.6587993149965765	-6.5122795812725425	-0.8595402615779579
-3.2069806066237874	4.439922881845801	-3.5095565530790216	-4.817029995288014	-0.23769243494917802	2.9578260778878906	-4.80157953689657	-4.268841522780356	0.6297327801687569	-0.5810882313321546	-4.786241216062075	-8.281721344791956	-4.875893094182345
-4.742360567105578	-1.057537946821582	3.114788918439995	-3.811262027533081	1.5317776582955034	2.0863753183973746	-0.22629928646949615	-0.20299897945862	-4.56662696395417	2.8591580192378894	-0.44495297382118193	-29.033244111804056	0.8542426011150897
0.5494664213413438	-1.3217931661142157	0.6895243796292139	-3.148964211751135	-0.2623323321850357	-1.071899867244027	1.0989487355742256	1.981946858822159	4.127138273889091	1.0619939119312019	-1.6158489252913473	4.03455647501658	-2.1121690037627734
-1.643123480636497	3.717175654549834	-0.46252177280878826	4.364662620091572	1.393395076744599	3.633977824049003	-2.2492119618426774	1.8374723599901461	-2.647491986157129	0.48257006678210423	-1.5548515835100603	-17.48731045179411	-1.994920265846288
0.9228903800824941	-2.0230569749031844	-1.6667005056019937	-2.7303807061466334	-4.040307282412403	3.6599473622719643	-2.678749395792872	0.08963821438064556	-2.942757181618292	-2.7357290866172166	-0.624492182613153	-1.5556724024671884	1.1139951558171548
1.356884756465905	4.439449573584842	0.6294120949464794	-1.180726683278539	-0.0794367235475324	2.5731607164577817	3.1850358619107784	4.4599024123784226	1.7563919844341136	1.0898414586766805	-10.884552456640428	9.062021441472982	-22.024948886046353
-0.633270973809732	1.7483333425613985	3.914842987432417	1.3933740154278276	4.326490881250253	2.5310165927692454	2.6628312216411416	-3.076294327000059	1.8885932885316956	-1.085061031924889	0.1971251329097849	-3.6468621254719915	-1.0599022916811771
-2.908367921625615	0.13100101781351814	-2.461850595971933	-0.3245886368931412	2.747162345687868	-0.9510470346487567	3.1741405427310596	-1.0512827207755358	4.413788692588174	-1.9792142435695883	4.166683936141046	0.0260947419215114	3.888905753953771
-1.2214250848513366	-3.5835294273464835	4.301970499592985	-0.35876173894584085	4.678842956714277	-1.645455050664204	4.32168133588924	-4.699910694426154	-3.0817809424079567	1.8979566204201879	-3.4389558509676195	14.113340126908057	-2.570356944329761
-1.1323040677552267	-0.15244984610437573	-2.6001422393719444	0.6640926306529344	-2.400529456348238	1.8491119666898017	-0.06748334012574464	-1.5198029382873148	-3.932517651722206	4.65720742174385	-6.738044419222812	-6.107794672970064	-7.495582404030374
3.0816327391263325	-0.6229576682603941	-4.280460834456631	-4.900695306898653	0.8172688381073021	-3.760776094013104	3.81470566958183	-4.0331749684947615	2.3508347074807023	-2.456459260010316	-0.4948270110763111	4.920638347519035	-0.6318116822230793
-1.9208636074750443	-4.313468581489291	3.265381653488003	1.4704299995083447	0.5572470850542457	3.5658128813887426	1.0696603498380455	-0.6605508984291735	0.043293684406151556	1.8255435442151269	2.028421014021507	-9.835319184692214	-0.10868784081400396
-0.35598377960745076	-4.2016951625983845	2.72257042815796	-3.731031222440344	-1.3034046082877273	1.4859547787283356	-3.791920116791754	-4.1176672053893	-3.688780838483411	4.993811441870022	-3.7150598638822774	-7.541648054950797	-4.858657876658357
3.027667833401992	-2.0772711813545075	4.943678877330161	4.865104873257353	-4.201745807834194	-0.8790804018969558	3.8110911678827097	-0.8990323802534324	-2.1820626379087384	-4.488362495260192	0.018714041821334737	28.3585529713944	0.9582480084478959
3.5193439628420666	-0.8171745285516927	-0.3866175570264039	3.1011453636673707	1.9865601014635947	-2.025806391314413	4.099052599654922	-0.9084000751972585	4.245887004128473	-3.96901153606433	-2.7002761230190924	-5.176705122581014	-1.971676656942421
0.43647600166232436	-1.2959739663058278	2.5488175158297945	-1.1720109473729123	-0.5741126066407842	-4.223520990343604	-2.6593626812113658	-1.7999110257857387	1.3192192572504666	-3.7387676223632624	-0.6832578566740428	-18.274006839158893	0.22860418530595794
4.142482573878771	4.900501688372223	0.3125608736147871	2.50459998095641	-3.8501169481732345	-4.405903980194564	-1.3421544349037062	2.765259846020509	-2.554442174010354	-3.1674499866503614	3.7843716363140714	-11.342866606149538	4.653978860317043
-2.6723392132161914	4.811723716739152	-2.875380510348222	0.5990371301574058	-0.5262742735477435	4.6368469673253685	0.3432353887364368	0.8636613478356727	-2.46128815268123	1.3370542186639085	-0.744962598019486	8.672877317109847	-2.8266880269104777
-1.6728187131237449	-1.7431166549418675	4.812730440767755	-2.9737900498217353	-4.285380298862229	0.44669240458552384	-2.5300520432978124	-3.7111621962697994	0.25781951160686667	-0.9037084821510666	-1.5333189555625637	-11.770395046742413	-1.1389285304566243
3.6774293966321174	3.1246506107221155	-3.128572887790603	0.3825864030635797	2.237454773501626	4.596123154397288	-4.709709885387483	4.9717714648043305	4.406190449560615	-0.5368944888841742	3.3330553728744365	8.75623203722778	2.655538194143677
-1.8122747269521877	-4.923160570834532	-0.9742594865661625	-3.0267620127591357	4.505510630243085	0.7628382377275633	2.9132407329514436	-4.325806049428015	0.9597760889842286	-4.980770145897392	-1.8897705040724668	-20.869130317164696	-3.0169731692608384
-4.430197567672117	4.623549313405636	3.2123537261418296	-2.7152885268081683	-0.29624871222866567	-0.3056699128161302	-2.9649574026660384	-1.9116214785471861	-3.193253501647999	-4.19093061601775	-3.441968376725465	4.213360323969461	-4.582047410278573
-1.0553664099395532	3.262126342307635	0.07800966500098916	1.8824610787792748	-4.75057595217887	4.782699551018023	-4.638972666134928	-0.9875338275655174	-1.776645111593064	-3.2821842552337155	12.498653422990444	11.799532522188086	12.691487955712695
4.438741117822474	4.031994062361196	-1.7882196292323926	-1.020694033280173	4.027367497879359	-0.08195362683622509	0.8732802103294635	-1.3727710584077624	-1.8843573859376361	1.752474083890288	-0.817334457536834	25.313044405580325	-1.4702729041525597
-0.5251894663564798	-1.6775678421577753	0.915419836734114	1.9382692467963896	3.182882230193499	4.191048431022663	2.621189913343751	1.1975739353239927	3.631344257434714	0.8429341771026353	-0.5776760403276238	-15.65659620019728	-2.0645989575750834
0.42023726387893845	2.512354895437748	3.6967422392024645	-0.42293443191888525	2.7517830570479864	3.615962704533029	4.375112114965109	-3.0895667623781256	-4.3173917425573265	-0.09644881556212237	1.0471175334569185	-10.323709856678054	-0.9140516814798612
-2.070542222753693	4.482980979094711	-3.551709856989752	3.701610195214041	-1.934943909667406	-1.880338003336215	0.7033250441899019	-2.2783819489648724	0.7901203451759642	3.3716885580881026	-0.7881120931790937	7.869467034803448	-1.6136785919308831
-3.1699462355256802	0.2200945439597195	2.832241821800258	-2.7874216823370057	2.775443280081471	-3.102902634770175	-1.9935716127202663	0.7306084257513916	-1.6835787481706186	-0.11252883981930939	4.582664760228389	-32.43278580944307	6.902035375552962
-4.231563679064861	-4.362192485978197	-1.601400772534325	-2.6660762695062457	0.33749600261889245	-1.7933696053698798	1.2498624261019362	-2.021730652534993	3.235412911876976	-2.151023351392427	1.497899931092024	-6.354393763393377	0.9333589194523937
-1.6605568353893418	3.9669458052774225	-3.1355801817162696	3.9682289253919283	1.9347359282198742	1.6391767437262805	1.8340471090232722	3.9435027119955013	0.0022548040872862884	4.45091524655456	0.09982321703256347	14.048849013953292	0.3471081463864175
-3.852332164011382	-2.85368478436268	-2.4942309003795096	4.384974138930209	0.07226376140289403	4.743397135801043	-2.226198234606971	-1.7924915394767407	-3.4596478364733385	2.70538539445238	13.055313881605084	1.5079008612323328	12.695231266845875
-2.4596907255301828	2.7532853526046885	3.270900150599971	-4.080349226173118	4.506502631495152	-0.9430564483845894	-0.5535525691542462	4.596531134723152	-3.1715841450923765	-1.4052981758031846	0.23919802220560207	-28.97363455703038	1.1525347510780521
-3.2534538099358157	0.2617577095493351	-0.1960401184852909	-3.839245548815806	1.8130188139233683	-2.4561294611775897	-3.7851508330597095	2.9748450338600883	4.81042514607052	-0.3060534324766966	-1.2969371375175254	-19.271198600264746	-1.8747003665389004
3.2729217705380282	0.5022836484458111	-3.3544796513851804	0.31596687628723075	0.9270209235417823	0.1649325907169663	-4.3776238973296415	1.1396758245854972	3.405738672294614	-3.368541738239971	6.241948520683535	0.4965229243801659	5.455945970533846
2.8352278301813403	-4.166206896396076	-1.697028245177762	2.6974041771401467	4.439002112437652	2.8359593397434093	-4.7426260757363785	1.9004113943663619	-1.9121323487750255	-4.033191223856748	0.119416120954004	-0.5928828035243193	-3.0923878890998906
-0.6665676383200374	0.9631769858938535	0.2950459259042857	0.19908299447236377	2.581034467430423	-2.083492224286596	1.2425049051611552	1.3687075058798932	0.9320368075344021	3.3270867641726483	8.33778308515272	-18.22619238582365	11.820713582534928
3.6570550808199975	2.8432766506513483	2.5864805006915343	1.4393439026426167	2.769751586415314	-0.7955977545086599	-1.6522537818106278	-4.7619179102776705	-4.911599446189023	-3.146099395773608	2.067580923630008	30.79637672880339	2.6835069262657325
3.9850786225655774	4.448275646593771	4.738359928107942	4.119805732906336	-0.3664528424067601	-1.6892701442744293	-2.535290511026218	-1.0832867994761974	1.4856616290162616	-4.392956384400829	-1.7993484147865793	1.2809637370884681	-2.711687051909882
4.039261931931858	0.30597434547350666	-3.4145128036237624	2.854599217107814	-3.2212244645735666	1.4047787147962518	2.405256236295382	-2.1479457708771257	-4.843884115844838	-4.99082797273196	3.262821209729507	-21.413550045853864	4.3708993192426595
-0.9338903687483864	-0.17191735450163925	-0.9259894878969845	0.024580301278831485	3.558739587931857	-0.6691181973769975	1.2714267984123193	-3.6615794729496987	2.1263505427130847	0.6932168006479786	32.996518430893595	17.985568930811194	33.432988975016926
3.5454966849826857	-1.8771022151096628	-0.9085082992665345	-2.5824486864730822	4.997298971513617	0.7220990923993718	-2.160040670448594	-3.8519304603640037	4.34770568471939	4.256017855571736	-1.5385147988092234	-25.141254360265556	0.8169809504476522
2.419101803200866	-1.9688323329620028	2.519884687209018	-2.1348485616206903	-3.7354920807207135	-2.786748624174342	-3.8520561285961428	2.122831745531281	-2.061806886482639	4.984450015876684	-0.43381479153741387	6.568363771703827	-0.7287358847996103
-2.5534068599046575	3.5584681281501265	2.4430462912145927	4.649114356139416	0.9645886098022398	4.463390408079835	0.6724290024029838	-3.411261781026748	3.1451189207369996	3.192003599491601	1.5505173221892663	17.004592033684546	-0.282052133361268
-1.1395256458115464	-4.819794912230954	-3.67082362060997	-4.975525561005761	4.517760990177035	-0.7579702303024414	4.863355847822744	1.3231903867164494	-4.731316282191116	-4.496472642194169	-1.3370894788739467	-3.122715732931679	-1.0952775097353953
-2.68859378604981	-4.8062560837851045	2.2509839820092656	0.22661137291675626	-4.580744288053895	-4.847785832216442	0.2945394737523319	-2.442816017367867	-2.553879338347209	4.404029049599901	4.058782413274753	10.46503430643395	126.64338255683248
2.965658520151548	4.442850281494618	0.7496970462797083	2.2557118135587455	1.7447600708679474	1.0259551932047604	-3.898672761155529	-4.09067400302197	-4.90053566045683	2.305701152367357	2.9126098562230327	-3.0945633098646015	3.7208581492910007
4.107423712248558	-4.569545346576545	-4.978240932426525	1.5603786482172897	2.326321003843085	2.0340585147054826	-4.282954025842943	-1.4695008792549755	0.19511923503633977	-0.0014203442805049704	0.8944806699898591	4.10200937031561	2.3745503443694806
1.5645122842513697	-4.314106924862501	-2.281025721296104	-4.502831318618394	-0.7875837348980159	4.034594927079214	3.025676006477605	1.425930513712773	1.728510786362813	-4.121392423630947	-1.5228088759757843	3.16092543757278	-0.6980819907665669
3.351252133595917	-4.087400178379883	1.0949756121216598	-4.318600706426764	3.797722682466647	3.605072155128063	-0.9811365554943707	1.7842595691090697	-1.7079813068207281	3.0677327078626497	0.9987632006342045	12.47471234776358	8.75576160813036
-4.976787255000081	1.0933951415903334	-2.424524476547335	0.6545404424203038	-4.909388039174648	-3.9430762313202705	-0.2338043636629692	1.0813397317530669	3.7501499974135317	-1.7393174629438923	1.6252956917562602	3.1859357637550314	16.707744317149302
0.06197007611211092	-2.4141100887178144	-2.5696799036512843	-4.205966082693143	-2.510663615969567	0.042616111402621115	-2.855408218309694	2.1716203941345666	-1.7452577024709681	-2.3098989089638335	14.69737717029735	6.451080083764328	14.563244221131635
4.132999467108178	3.044282275826852	-2.783323323921294	4.232854539697939	2.952243493844912	3.1921217031411206	1.273015892503362	-3.0050887770138877	2.6884349102254115	0.36495522753364185	0.7861295892698639	-14.390526644124487	0.7734701044652911
1.0457271923007774	-1.4686768404542274	-1.5392406761673119	4.420172198930587	0.14546310267282614	-1.355368962036211	2.1909723093630546	-0.09472782768464061	4.511465864082041	-2.893089783531563	6.7265474816688275	1.2751166268824043	2.881004801252179
3.732784784783581	-2.257871434828711	-2.1524025682980685	2.554008056384159	0.8868300180675002	-3.007714461248163	3.0131973944486106	0.9970978821471075	-0.42894659526809686	0.8173624399588348	0.8795576388650578	3.057002831593408	1.7065707353495443
3.377863980601804	-1.8122995123449992	3.4729974409642352	1.6959088688051658	2.6121405384386716	3.675827183716576	-4.120396828913336	-0.2821877958606933	-3.8385119618972965	0.816925545016078	1.0046777373533833	-7.358037738397332	1.3775290202369712
-4.938216226026292	4.349632963442785	2.7388032857785696	-3.7881819029694483	-1.4148283501824466	4.44900308084838	-0.42885500756022843	4.104840813729554	1.2250768127247147	3.5034911578666943	-0.578253237932308	7.703835103886328	3.3993406902149648
0.8492123836118921	-3.8810945278975773	-4.217163363800038	-2.9208989705909705	4.853513923107386	4.372224947388451	-3.967620922835783	-2.714159058248579	1.569057564806653	-3.500046268646533	0.5464521706188927	-0.9663883542014462	-0.36419636942368283
-3.7300398584929106	4.702559993518815	-0.7492221355631337	4.3950181929100225	2.496677361744495	1.6505190443566287	-4.635186731195703	4.585914510646301	-3.867497353001684	1.9649267202707215	-0.7620984844950908	-8.581171071882533	-0.3776835846699751
4.606132279989032	-2.9147138867456066	2.3422155668897515	1.4859365293647295	4.28089963614595	1.2715866819626909	1.5477659511324955	0.3753669567694935	-4.757634589831381	1.9071688710804757	1.207533235244167	-12.089711961288577	2.1431081254264837
4.508224909466307	3.0626746700938963	4.781947426284827	-4.250355954709412	-1.5323683841387945	4.133470907893928	-3.5974278934421164	-0.6206233143352682	4.302683230603643	-1.2038568419521756	-0.1304103989823603	-5.680306091162458	11.101503424149692
0.23922647915178707	1.8444925872711178	2.3463519223202587	4.696905412751546	-2.957935855175907	1.5157982221372945	-2.379842277892128	-2.1991338906815674	-1.8996966613415287	-4.852482248706991	5.02331986789152	21.05374478378228	5.989317799369532
3.576962502442907	-1.1835263708974586	3.2605388532156887	-1.4442206783886133	-2.862201457016061	-1.7870448878771592	-0.7190128629356423	2.5552871183580397	-3.199626964727619	-2.7348572457405	-1.3004643803832168	-12.644117154090242	-1.0536498078340475
1.163569421030866	4.835639948847652	-0.09645497661708724	-0.24266648660787116	-0.18137012006720532	-1.687730535054345	4.751201672724333	3.9876057126403666	0.4424793946255505	-0.8470146495810056	-18.935778640133297	-21.735058519111174	-18.797427049117008
-1.769396044630546	-2.4637253105338894	-2.674160290938267	3.1596323934506856	-0.19558378540643773	-2.1030634810827067	2.461662117641369	-2.524619284372127	-1.6877322972039033	0.5158163381432157	-6.1414089283376265	-27.14245246412266	-6.767420460738792
-2.716326046333543	-4.308317890874508	-1.1131574433450595	2.0449026392356533	-0.8575890242181661	-1.6550525061899837	3.471128872964588	0.6866122705410422	-3.2866296763173897	-2.4784925354053033	-2.1756378479488774	-26.044557673867335	-4.686399922101756
-0.08239708988767358	-2.607500948665159	1.4323190421489524	3.830444774317833	1.456759803901603	1.3757860496966599	-4.734318658166712	-3.642610463806182	0.4415499041808051	0.9072611420632484	-10.874170189902353	-25.692807272713978	-12.079578797908598
-1.3506866870837353	1.378398427671649	-2.2940863155651514	-4.313651822120387	-3.733125533852167	3.5915411628799703	1.6197528860741404	0.21392598599643264	2.4893853331001434	4.4148422337359	-0.9504820884157883	19.365985676587343	-3.3279975316094914
-1.0206854076785863	-1.4592617261796992	2.760458901756742	-4.4972613194585795	3.241105584920845	-0.4750021229478518	1.9870804964789404	2.04922915055427	4.289096024329208	-1.6949427054120516	-1.216574082537044	-23.74162442371021	-1.5872144508901505
-3.9162976267857763	-0.3255936663535799	-2.0808881735902407	4.077785645154522	-1.782191212002707	0.7320804514737667	2.5309518507620554	-3.5294506193243134	-2.9819988341472135	0.7297179067381414	-4.123095935536899	3.381779143700782	-3.3471263771188324
-4.862083695979807	2.8044711316139033	0.03103858215292199	3.217931107709134	-1.2649394650719947	-3.6311028875717453	2.0521645467530067	1.9852779203612334	-1.6883597026128316	1.4617728535017926	31.889073840811236	34.17877880976131	31.22491720559403
4.603437830325149	2.685136238251193	3.3498479656517315	4.39789445023562	-0.2023224556148655	2.1249438791888107	0.5210849478142645	0.9467659443209246	-0.8989768670446239	2.3641005060433704	-3.827053008459986	-30.802575399448344	-3.7501456419653785
1.4726487747551085	-0.2659438452609555	-4.904998218104631	-1.5046472635007402	-2.9081336226728514	-1.9745764811630053	2.2393808060213614	3.525492078580328	1.4413291779268533	1.0087290770599564	-4.293488185471376	-24.83444991599724	-4.093643416209455
0.8499825899243874	1.1247141803587368	-4.321956750376449	-1.7995611642614309	-2.9689787427206236	-2.8199945094554133	4.700934861689801	0.9242673190478303	0.13941665500713185	4.066432639060075	0.9417256004965607	8.397092025608671	1.459540894572774
-2.984699760251109	2.944892884451015	-1.4910707829058554	-2.658766090952027	1.3594258372996224	2.2868319596916518	3.624850441098209	3.1691208346913644	2.007748681405552	-3.971671516595461	-0.3066397687855287	2.223798440060827	-0.5126115900705018
2.715374492091941	-3.7967847864004645	-1.6534394823151324	1.4323812964988925	-0.18633255993201026	1.8745680489836536	3.3124103174166475	-3.8382045584236235	-4.254958609385805	4.084212167849389	-5.1685177377858205	3.5311487474239796	-4.986894640575418
-0.4100089872320911	-2.477589117623755	-1.7934716952681051	-0.8547745912296438	2.0854414734445204	-4.311573395991508	4.13154498997984	-0.5117080852060107	0.12263465599152035	-1.3139943439684307	-4.0905511976155955	-10.773751747755583	-6.137918183254232
-2.129774428957579	-3.877232593599873	3.0541644000486947	-2.453891188419801	0.3663908299118326	-2.8637353000367396	-1.4646198933938273	-1.515228283424249	-3.5249839455690735	0.6192993385105812	1.9217825068953118	-4.925828087526897	2.346442756379303
3.5789663069331983	-4.771188051501653	-0.1605549154509811	4.317545340641541	4.689194903187916	-1.3227971867192645	-2.6645059574609444	1.0427654826620358	4.869129928741522	2.9731370530464147	-5.713710340964685	10.071211035896216	-5.5432645713623705
-2.0100244028051586	-1.5854979604914687	2.100693781517408	-3.240950377286894	4.4940659106352	3.858124789512253	-3.983344673314737	-4.10335281340418	-1.0426731185836404	0.9508495787471389	-0.7382256819148836	-24.235766553919838	-0.13795520297123454
-3.084768720471287	-0.7437469318186558	-1.6139100474918466	1.185857031164204	4.012139671091177	2.314541216856899	-0.47970911174459197	-3.984343515106646	-2.118417363675821	4.247001483571678	-1.1958144518504197	3.3045769574495854	-2.1823434098252945
-2.8742545941053885	-2.3606422357882675	-4.593226259422813	2.9612381591805903	4.614237164705985	3.4145225299227953	4.242272112121473	-0.9105210885190482	0.9516882812507728	-1.997208916914536	-0.43482459541107754	7.242655955243184	-0.095784762735797
-2.215481171795971	4.343427389010907	3.215063681679057	-0.6005079389702184	0.953615492843916	1.8318623260646616	-0.12843673716304949	-0.1490451285606813	1.7085285272601558	-4.048845321020812	-0.526716696991768	6.104054953826492	-0.9096608348002149
-4.120967521850475	0.3292671986915501	3.149534341598258	-2.7188670901598035	-2.9555718266616884	-2.28727090819811	-3.694126202885645	3.5535000442924716	-2.2724497178805536	-2.88872232170585	2.4057486667924826	-12.11634437829413	3.559032055372085
4.263209729326517	1.2072640177408402	2.9401572162526426	-2.1203378062378855	4.154638687520112	3.30541518923863	3.165958925644489	0.7771771118597535	4.720633677428278	-1.3406534381819801	1.1720739983021595	-4.653227378482288	2.7111581817159425
-2.1851164149124127	-4.538735532720079	3.6374448982887806	3.89227840110574	1.1253962360983936	2.043322668669295	0.6201231389136383	4.870216163520876	2.5415447478717947	-2.2114338218938667	0.7424459042449321	-0.2645669942612974	0.5722637367964515
-0.5745305020224638	-3.5612662842371523	2.1167921464165795	0.2078026614079409	4.311858848702528	-0.2738566715087014	0.3345934547140583	0.7675053630945614	4.25702060952592	4.408373318786701	3.4952387584371114	5.199959169241858	4.3764670435984145
0.8860585458253114	-0.7644244813675289	1.2915094737880395	-0.7218505738184247	4.407935318223252	-2.7162921837436214	-2.325272585634317	-1.7791717072519364	0.9595412645820627	1.3832806813803096	-0.5637570021013127	-22.905576789830953	1.349988847003826
0.32200808774526113	0.2715121879243876	-0.8948430169013584	-0.7397804015144764	-0.11458527813841535	1.8128277921292915	-0.13120974445813083	1.2152843831786644	-3.8024632935625036	-3.829978803917685	-4.40780356594996	0.7838912216461376	-2.749547875641338
4.541106703278858	-2.530241598398666	1.406718232090478	0.8697921290157904	-3.6562844534885164	-4.6374743058491035	-2.9362113338838447	-4.348453294622431	-2.7061100726512133	-4.2969580610312175	1.412064167079328	23.868336769918837	1.8171594999183793
1.66450604495048	4.954519627515625	3.263188527978965	-4.124280544514911	0.7085661453881444	-2.9485151232676876	2.186342381144901	-1.60524097720974	2.2051688766011335	-1.740470473699748	2.2778977976139627	-7.6465091607052225	89.07433042538784
2.6521524993960375	-2.4755147152419923	-3.263222826676796	4.730642392191246	2.6960437697989725	3.308744853090573	2.6868401403837847	-3.790372730774231	1.5143040502576364	1.8939592038736457	0.24895195551618393	15.119467903821922	0.8929635165657217
4.043895609156905	-4.155880119527654	0.03293272551551407	3.383921484623281	0.3136097688333894	-2.3587499324149297	-0.21059102436149324	3.6304561015340546	-4.498055661957565	-1.5122390784864614	33.85578758332372	21.31223485825845	37.364237080909334
3.4235878369564112	4.342569988609068	-4.1232060974935365	4.785157509328412	4.224313482867455	-3.3122610885505943	4.272065540835907	4.69872583604376	-3.3587631978615606	-2.8375085242618328	0.7255442968575547	-4.552201053746203	0.511000409945616
2.0673214165099303	-4.220970356343075	4.44671491053974	0.9254642828268969	-1.342258811905226	4.2867541228197545	-1.6794466001834998	-2.9853758321002086	2.223303061240123	-3.063464844341804	0.8072164128079543	4.228089756907448	-3.308619068790459
0.030753834135292202	1.911360698851265	4.9127247105476215	-2.027322046693252	-3.903690686852732	2.767675696727321	0.1768420275482674	4.499430941801389	-0.15651067924834727	-0.7212936389950544	32.493581973221005	6.017385840746222	32.60341819032734
-0.08225233323281422	0.810750213915286	-2.8950601699461718	3.6613362518003125	4.364151191301094	-1.9007433304635137	-2.53867922815875	1.4906664457250685	-1.8599378632125307	-0.6286538471888958	-10.767436316345046	-15.966235201545611	-11.008209917934439
-0.1119124516404284	2.249630639004982	1.863038306244496	0.655187792483499	-1.054580765951009	-2.6369460034926515	-0.21011562396969197	-1.3393945258283746	-4.762814878231306	-4.784022669414208	-7.376245303971088	-22.260110687540067	-7.696840027571299
0.5218219414472749	1.9346053145439992	1.7652282642785186	-2.8029254205053142	-0.41220125535124996	-2.7464249455069956	-3.9818578566629856	-3.8384873581043513	-0.15626034424967195	-4.497048041597266	0.2169932614020471	8.056443543471085	0.9463853734775318
-3.840899418155618	-1.1263790226827264	-1.9428133729112718	1.617414876990373	-1.484803915076598	-3.0317562794652497	3.790913813201497	1.2894286359091076	2.7211300722978216	-3.2393232173766573	-1.718092832760888	-7.517797477376001	-4.022371961417944
-0.24425699223914066	3.1012287743055573	0.33299037760875727	-3.1614062272021606	1.1719328811169794	-1.504897857595008	2.5032417249989356	3.785392558364144	-4.639859127230279	3.569087120419047	-0.23152974527905867	0.9510773630180657	0.4437066157284205
2.3959437984037537	0.6129010524515168	1.7771165204759178	-3.9300207609126403	-1.5783948960067997	-0.47760053875743935	-2.982091139692764	-1.8472043140942898	-4.916028955517331	0.46643555830199723	1.7236595015241818	-24.006989919063844	1.930652247647814
-1.0744789563096102	0.4856154377689901	-0.7435704615774261	-0.35008233760455454	-1.1194169997902237	-3.8990176577147984	1.0436196288399575	-2.412507344104978	1.587751835823875	3.0298173029102387	-3.966096526460774	-2.4755411384768315	-2.2803095907224984
0.03420581246527199	4.6252275164571355	-2.767805089452424	3.2010572452168624	-0.28631694688728526	2.9381303265230816	1.7486441571777966	1.3500015933961027	-4.9185417220184755	-2.068937473292226	25.909469788831117	42.35665643985925	23.5540082897625
-2.8728398025275173	1.7506115512733365	1.1043548699250305	-1.300890964635728	-4.826125770546553	2.4717757958786626	2.5390664329123167	-3.255511891353845	4.951628010582352	-3.4451809847779935	0.15273788277384245	-2.6237546143176265	0.46408568844260756
-1.1310143978458385	4.500599953352459	-3.755437008015626	-2.9807010236834444	1.6262207081723226	0.3798281054171664	-1.1776445744777266	-2.073601406491512	-4.7924974133796585	-4.959779251879514	-0.6488189037471968	7.603802179569966	-0.7717039552179635
0.023936292891688637	-3.136011082858128	-3.5569240980734405	4.357200747753577	1.237168425644822	-4.835295438460307	2.6405610425936725	-1.8100377800755005	-2.7798966198832864	0.9281348392151916	42.21534797511843	49.34403910910241	39.01015288410733
2.6011614160565255	0.4482295136351011	0.8910727819204967	-3.509495121836095	0.19348144073090712	-4.806427178999241	0.20901529651507822	-3.6300181004834684	-4.529386403649479	-4.4495130704599966	8.621199448759594	5.241194060047162	9.506837748397947
3.072076826437934	3.9130105051492414	4.029041100306557	-2.944045127974336	0.7816666085885995	4.8768456461458545	1.3332928329967686	4.742238035090878	0.5507874070283183	4.005717085610241	1.7689175018118477	0.27947375689305787	2.4339632275199485
-4.931817980608936	3.726143462938049	2.779603190626137	-3.7071762608320036	-4.769154716009787	-3.6309567333966033	-0.6221550328387115	-1.9323746600315772	-1.3623064473852589	-4.824574497421014	-0.05405526105013764	5.052372744083713	0.09270970204829668
-4.717201623757322	4.307662150300175	1.7967744857348213	-0.48621542438675824	-3.4967440160912844	-2.35360325948084	3.683937529105675	-4.027837322655023	4.513958485454312	1.4333433734943721	-1.7659745794572634	-12.889860997178115	-2.1368048938223074
-2.1384160199490387	-3.2983228544067797	-1.3683115153937706	3.9000113447313716	1.5916742017228458	-2.545117585673501	-4.876676756972023	2.994955275023047	-1.879946385833522	-2.8081719357558423	-0.6169691857576006	-33.93497727613918	2.7484179942716835
4.227791482712082	1.7734912773923313	-2.852945689507289	4.105195766250388	4.01802053162176	2.3624062524753295	-2.3502877924770327	-1.2930939717948586	3.0856017438132515	2.467246385417048	0.9423472683182532	3.6509275007844115	4.102513069531705
-3.316161442903085	3.222109070412859	2.4000400268791067	2.1495455547895936	-2.430430981541555	-2.0475163389158935	0.376099094807377	0.17361099435837346	0.9519064205581227	-0.5007122226190042	0.4792269226095473	4.518363925730053	-0.004625417918693198
4.176887020637897	-1.3927443006717866	2.6281661830572727	2.7776160001136976	4.58697525183238	1.558130898140492	2.7471182186748164	-1.3931607728562865	1.408979861830673	-1.0629252794666524	0.4799288600312267	-1.8902507624649223	0.2780645452721374
2.010016421873683	1.3282150186998596	1.2686752193039794	-1.0378360768835062	1.8415922708462844	-3.6208283490970814	-0.04214700821083106	3.7519152606753625	-2.8505159109995413	-3.9552133541054713	1.6180873768825197	-5.523744938601957	1.8684499413262086
-2.9992230938147966	0.803356103699139	2.2534586081470227	2.710496995749761	0.9992277369307958	-0.5895604961685885	2.8411782550316254	2.8560887344495667	0.492769427458434	-4.849443114828706	2.72482951706434	-16.340309713481304	1.166719621005262
-0.6048460079817843	1.7595373091082802	-3.434986344895954	-2.5483454950857833	0.4359152278384766	-1.5797239340457403	0.23329357625569713	4.94973501839614	-2.8606808341051226	2.5649969902791163	0.5255084152498928	11.349117421460772	-0.6826276931622959
-0.22169538977273717	0.8562887775337069	4.411314359830419	0.7650913662541994	0.6019070952861183	-4.122542257530249	-2.658640400636573	-3.3266349581918444	2.9454281246667877	-0.6384844879245914	-0.14775417497735832	1.8726397040415308	0.43506395498572814
-3.893907333247232	1.1786687921828607	0.8574365193827163	0.2984963356464725	-3.142263315861409	1.8806086594372946	-0.8308853573194854	-1.4444184258552708	0.9071151776530781	-2.297491509725301	4.789753332747249	3.5782158798491768	4.144571279645863
3.9169776962668106	3.3041193639809876	-0.40095390339979	3.689320281705422	-4.353153181005181	-0.021094356895733135	-2.321731596286768	3.078187123869128	4.339609663078662	-0.692361280325744	-1.8947668102863853	42.614567771482626	-4.944803296568095
3.6569506587078884	-1.4171173582935293	-0.68154758889718	1.9582102287887118	1.7202177943866213	2.4993667690703134	-2.57111817489578	0.17376731987562977	-3.955972682239498	-4.281788963653787	-0.8074628216747582	-14.878546420625185	-2.3753671610297493
-1.9729985891073953	3.400247722374841	-4.949889913467459	-0.9793367238239323	3.8681390397408144	-1.6416478576819937	0.08559147899915942	-3.8613609307618315	2.857074048931394	-4.728317090188826	-1.177348218068416	-0.04052429976723082	-0.6643385789507577
0.2902856618180145	-3.0250614913025196	-3.1972558203973565	1.0350491426363497	3.0025625583515847	1.1085074551093452	-0.18554379080503303	-3.0083029043262064	-3.04493840543819	-3.7494238590276865	4.100729052989723	2.637228761005798	2.967547987869783
0.7832655345236752	3.68549575762518	3.724430636555251	3.6710193851413475	1.5113307502134896	-2.536128577024488	1.4246484936340735	2.7803080341969917	4.483686167667264	4.129547762802813	2.7506100116451346	-6.060729026524003	2.9318597829620296
3.47138875250946	0.03092554289046756	2.02102283504495	2.973918634614213	4.395264428289552	3.093148413188594	1.6087008718665334	0.4721434156010975	4.144693473808557	-0.13640018847930513	33.6823722220004	50.87555389661138	34.18029954418877
0.5663641152628704	-3.320180851645984	2.0945064338446358	3.2810020441378374	-3.095836570659717	-1.0566455745147376	2.064314333498735	-2.847929375361611	2.2057378201772435	-3.0790720656897275	1.923670094383548	-0.5466065956829196	0.6124450974720328
0.05104385565165259	-4.768492117504607	-3.3152557670269656	0.10818884299101494	-2.9070641114023	-4.346432563159352	-3.8191347993672373	4.0726139527907055	0.7076960389374154	-4.5213197065668	27.978758413912857	28.337569980999024	27.046881388540115
-4.207135972958016	4.4227072716286155	-0.31462410485388315	-4.402853404286137	-4.909598735438008	-1.8270067974601267	-1.3330450278250328	4.522910580621803	-4.597036844972736	0.6130144399030533	-3.6207896189522817	-12.989627439626533	-4.710568024926953
0.902480449603642	0.7139594441557389	0.5533945166905019	2.0483206390121484	-0.14198125568321895	-3.0281087017055777	-1.4148294922336602	2.8536904431264762	2.9285580267365487	-2.798275821957519	-2.239252287149368	4.5328994726478795	-0.6941267210383837
3.526680055181881	-2.8363992538783087	3.414393517831936	-4.645973992167013	3.0424356574082623	-4.777778170373162	0.1314184047103666	-1.2750359354030136	-0.059734568514530295	1.924979562403002	0.3373148110188542	-11.472206199893701	1.3188729355703286
-2.4488675144212726	2.9558876243990637	2.9351832295280005	4.4059966175115015	3.204074309715212	4.052574813078435	4.814771399111548	4.660483532965996	3.230768097844937	3.535285705164954	0.8097160964823551	-13.423196360648676	-2.9662853181764346
4.207556053594617	4.138425428246547	1.427172143366259	-3.56571562629859	0.5249907573928763	-3.9943364076633747	1.9070050590117145	-1.7384929087334164	0.3293068147057765	-2.6592490394346635	2.804338603885849	-4.185993304291097	3.423448160246098
0.591212083898621	-3.6824349493215216	-2.626370125351012	-2.0792893308691482	-3.8647658200305757	2.7342933097714974	-2.1325980099325004	4.44610836349613	-3.3823791303389497	1.5065647070672412	0.2994458607633673	16.46088769329783	-0.7799668432985049
-2.8607097891465783	-0.9343987588295803	4.338929742864021	-0.5668868871866923	3.801399804788444	-1.1176004484138122	-2.5822608794503465	1.3646143396125936	2.762757925993152	-1.2401593033898415	-2.690258265010423	7.996637488110382	-1.6934765548725048
3.520992773982268	3.448298403063287	-1.0033346800846399	3.190542009455367	-1.9712122275152613	4.161879173794212	-0.16433894511115987	4.253360223958824	-3.7908954050120727	1.8456000600453297	-0.6165431695808292	9.067021488806642	-0.5167326949892705
4.749485057831253	1.754658183494695	-3.434127574166075	-0.8302859409570793	-1.944442955247112	-1.464863150791639	0.42414939753273906	-0.4842681580408783	1.8181437564022565	-1.3792354077673616	-1.2294245214104933	25.497227049356276	-0.4476962302333274
1.0290917475065777	-2.3967166147040295	3.311513041980369	-1.5939065394592946	3.960773266192346	-3.139540004895122	3.854024539407666	1.3805245925161458	-0.49518955874377113	-0.9859878131864432	0.48155653768786916	16.85834709472061	0.9041241799172273
3.5642426930252995	-4.957155211957525	-3.2308633188825553	-2.8331960111403474	-0.3532027446924877	4.596627136778853	-1.1998404268452276	2.233427834862759	4.184861622339902	1.7788493826463512	-3.4148722508377185	9.695097266025805	-3.962018793474921
-2.2730714040973874	4.020911298210775	1.0977551542950215	-1.2536461060783832	-0.9501726255216809	2.4699560794647866	0.9163212544099828	-3.6704669598111392	4.5906993455804574	1.613165020779733	-1.1303972158140558	-15.268081330803874	-1.6026366558543785
-3.6646352698058404	3.159897888641609	4.334201893358166	-1.339766103450235	1.121588432776333	-2.812057551795344	-1.5844210843783668	3.286091795196194	-0.11291162439103708	3.9299947651364473	0.41950416257403483	10.769259620031217	0.8299457216135151
1.8479294370006425	-2.323499110941837	-3.517370763523463	-3.582504232054312	-3.7675588203903434	-3.8233714157619336	4.321545049413881	0.26943094760668096	4.65795039934671	4.491633113943449	-0.7181006341169963	3.1474098968698936	-1.2404294530603361
2.814261094035846	3.5683878116582957	-1.7284236103598927	2.3043124368360255	0.2750704676369766	-4.707010122011076	-4.409925595681695	-0.09661973594883388	-4.843063710692707	-2.055782056783073	4.126410784775627	-6.000577588370427	3.5271690429889677
-1.478064418148819	-1.0430432157525829	4.276738515052349	-0.2996015573254489	2.283159265248747	-0.08063118976965455	-1.1874829895180605	-1.0546023084047604	-0.08499163842865531	3.725373988655406	-4.301247273317923	10.660963209508008	18.80795332922578
-3.714092450798031	-0.6631618785924287	-4.050046619035797	3.4044373225646734	-0.5128913126460075	-3.2840961044066743	-2.0776027910495998	2.038709115108574	1.3563535176807378	0.10758185252944052	-3.6800794908944834	-19.674957225268173	-2.4867447086636836
-1.1163325152761425	-2.908141098018734	-1.7949915845996478	-2.180059893751125	-1.1438492618648297	-2.4480531942747454	2.3410518467714034	-3.776681310927126	-1.7506651550548757	-0.4399785140212922	-3.1297024520944414	-1.8338255071128322	-1.9766636717485535
-0.8421630746071029	3.1750663284039398	1.6609173372226191	-1.762847274695126	3.0516730770011886	0.252729847575635	-3.800975134653919	-1.7238774756459185	1.1529114186437175	-2.0316386075229422	-0.509962525821769	-2.7510155965022935	-0.6988937309512453
4.4869842297547855	3.5300130218925485	3.7868504039106856	-4.041121105331441	-1.15002835787694	-3.691555607171906	-4.175074434066811	-4.217819503396	-0.16673907370324503	0.3832352830959671	-0.34677624990049105	2.1182071379789775	-0.7619565429311335
3.643285664228763	-2.6040236794524017	-0.835320479930866	-2.191230649871959	-1.7250035510872541	1.6560694534820444	4.549273224449177	-1.4216296661185424	-3.4762444234714462	0.24308385208729533	-2.342762391710872	22.507953843356866	-0.572820355286793
1.2720698129546513	3.8665009279683265	-1.6988557795084325	1.3113988526333404	3.4852266513306773	-1.852378886636894	0.25607740048347516	3.8513200213041863	-3.7312712815812143	2.836050037947656	1.505590565742763	-13.852140037728446	2.0003066067122894
2.88426165529584	-3.7347195080138906	-1.9207936735544031	4.257198646864071	0.7371012627221818	4.981128244108241	2.0393211142339105	1.7390511201806937	3.093643166505924	-2.9396713810630226	1.1498952822354234	-26.839076554565874	0.7763889700548342
3.670569233245967	-2.596211256939227	-4.48421235715085	-3.293829659338887	2.1352316818020665	-2.157029731532223	1.0761287465265221	-0.6631715907009834	1.8286002731456428	-0.7243091519006182	-0.1710086807751171	-8.695305295145456	-0.050865649686163306
3.7294367460891547	-1.5395890008897184	1.250496181100182	2.0176658139431147	-4.707069752873165	-0.026126744276686154	-3.514515560488878	-2.869807238998885	1.8071265424887937	-4.295049026882774	0.7014713993696688	-14.812301809797424	-28.096322920757473
-2.6659150065144233	-2.028532451164012	4.668200895429626	3.026035901701828	-4.837333291095711	2.0387433127980126	-3.1455725342679566	0.19117369538485107	2.8776022781190482	3.968333656675064	-0.5301177871100962	1.8034868768134291	-8.210974103839932
4.813409724439108	-2.3178662738593347	-0.9203440640906448	-1.148514999917837	2.1334546493222906	4.2967698776306555	0.41746099577190954	-3.8723504810863965	1.9915844221898062	2.972649414815452	-1.7121947069619827	17.79131506733085	-1.0966252730314119
-1.56566094109293	-1.7672894619447965	1.5523160819388835	-4.588801553782638	-0.2093984583831432	4.908231115090135	2.985485097770159	-3.5476250022040947	1.6438657029244839	3.618802418034626	-5.553853626428183	-15.313137000874988	-4.412738622889789
2.5780268729464018	-1.1528503495138342	-2.817192092224504	-1.1219052721892164	1.533771052692698	-3.415165396807349	-0.1648341638610864	-1.5497770637233965	-0.5130547468501749	0.25457144971918133	-1.0738381514472515	4.553123261263658	-0.4004373150954501
-1.4913061889117971	2.371555446150441	4.4992231303703925	1.055053682795939	0.3741660050882034	1.529113108519594	1.3667962549429102	1.0138212159801343	2.1624126323733464	-3.8647824056307547	3.593801257902393	8.66320797594909	2.9366653097909308
3.4330844027232246	-4.262764054082001	-4.277237739688237	0.8540650313820386	1.78434547697126	2.584507211521112	-1.3218398991313585	2.564419356024141	-0.3004184568428112	1.5439079338990611	1.5541985474229911	-0.3364306179266854	1.2649777443663712
-3.587384926042927	-1.2163711382668008	-0.4672171575128692	-1.7134205806871305	-2.660473077117045	-0.3683063972150791	3.8246882293294515	-1.116901493440965	-0.5751721371509895	3.880118304618202	-4.200705312572759	10.974550289993857	-5.566623234656446
2.372883301371628	3.490235750008395	2.2767694687874576	0.10880831562158111	2.2331974697960444	1.950110565351709	-4.2354268480420245	-2.714723250568153	-1.817997328632217	-2.3087979136898373	10.785423117854064	9.411453395406781	8.849527590420434
3.091054897810576	-4.816051466833388	-2.9618428800957575	-2.419548088025593	3.519724340979696	3.979364890184147	0.424973258820188	4.447952411568183	-2.4552513887517713	4.0756015012855045	-0.35093962082432045	4.082959339764788	-4.143625710980531
-2.953259229061771	-4.109515570164893	-4.80743685606703	1.7752356203366935	-2.639038298704375	-2.3425700577291164	-3.6431965317081696	3.7447098643855234	0.6466090974440819	2.4323567734964415	-0.6055780917809591	7.538118965014107	-1.0195758390470298
0.5936167156804899	3.3989548773844227	-3.0996490843344695	-4.854169927667916	2.6423132161617247	-4.693346992125898	3.736827811772372	4.089780126027611	-0.9133065823080511	-0.49146554882069715	1.828627422473132	22.423462758871118	1.6198979049971038
1.525709860623449	3.0510113387483333	1.035295156683981	-3.7553798743017595	-1.6325971013001226	3.4412136249939262	-2.5258228770867808	3.0023358036995305	0.19091038951510164	-3.0269063480920533	1.0702952653942412	-0.08348249711341005	2.1608632957413745
4.033761893294987	0.02593787909102474	0.25149860861643347	-1.1829835906881883	2.3116416359860192	-2.531288117163747	-3.38754070170323	-1.6301924585655958	-4.393855278079802	-2.7770862382349035	42.36499880720512	52.68571909471872	42.1357814564073
-4.185604619634429	-0.22286495163262554	-2.0591492833826894	-4.8715558847437315	-4.13289791221519	-2.8268425393584407	4.598134097646909	4.739759453289503	1.9432565249861868	0.2358830821089306	-5.658808021226363	-35.9742402973975	-6.173841147618647
4.030202674639634	2.1215408903604036	3.709764831378452	4.1039607398149425	2.978995642818088	2.247155052372303	4.101761661007796	3.960379570866447	-1.0883151989557973	1.4899595632734872	1.5683915148339445	-23.655421574000837	2.107494527114887
-4.4741047877271285	-1.3391748431091854	-3.5335720519690037	-2.5739813046971785	0.9736704426344005	-0.33079385967686825	-2.496601235803663	-3.292187150038256	4.332265917595015	1.2601264922298192	-0.6146982919190065	-2.299912602441336	-4.314318424236758
-2.4309786977801062	4.122040290607526	-3.700619840595085	-4.542152442253045	-4.893280670211377	1.1106229090122177	-0.2596987700382192	0.5035513457368843	3.5853830817659134	0.012547525957909755	-0.8635054605076069	1.3501260062957579	-0.4102897944018294
1.0695388860200952	4.777475697436378	0.8671508865026478	1.0751870379081314	2.2959923135729854	-0.9502349815977071	4.598988562284362	2.887261015739238	1.739776494325179	-1.306358590052569	3.6631120340090493	-7.5339975033566855	2.9094032390205355
-2.8120593658381656	3.3016144785386423	0.11046017269358277	4.066766979800761	-0.9921758503687448	-2.8554960113963257	2.630617217794944	1.651436313724787	3.88551507701456	-0.950899579554692	8.238317301762718	0.04526339505680532	3.0259893536019256
-2.804768294868225	0.7414993115588757	-3.3721182807264825	4.604430163445009	3.176633472807193	0.4736862669891533	-1.6242016935989136	0.6769960259914596	-4.583710457799006	-0.17673374751480608	1.2275145390257212	17.44438659910449	0.7801561564582722
1.9095681548382215	-3.759171417898189	3.1889076817894164	-1.1812601948976797	-4.31952165708555	-1.6572590615141825	4.48095938413887	2.6775320980184922	2.306092127746587	3.933071356906126	-0.5068111104254356	-21.43808914295767	-0.5709414909440715
1.794860535925932	1.8244144188492957	4.542281884953969	-2.791784169152143	-3.1283038069765743	-0.17334419679411273	-0.667107269711261	3.8397652620530014	-1.780488973100053	-1.8353389468675783	0.6475651690248198	-18.156862821139004	0.9832812405331033
-1.5616806620610033	-1.9939165324969945	-2.8591678674042766	1.4541275302095737	2.357167757213996	-4.504330225853356	-4.927771899031841	-0.7544878397915102	2.7805647179124806	-3.6823251314802796	-0.37967786183368396	-3.7273702442149306	-1.1633412989174965
-2.519650222302401	0.8488679482454717	-2.3434305480576247	3.2334442045320344	-2.6969594685589824	-2.233125344460748	2.09253088819168	-1.586012217922189	3.980741918111784	4.266154409365454	0.29291404090126366	-2.9764976542079515	0.30096609039550926
-2.2138736679640756	-0.9682136947495987	2.492562404174702	0.3767284165205451	3.4512050953246067	4.011356960006498	0.493019616867878	3.1817345844690212	-1.2075436976676377	-1.6084743382203848	1.8608527198808864	12.148566875368028	1.1956901522890298
0.639600439618885	1.644296366026218	4.983303996410839	-1.206640655337765	-0.4920657563559425	-2.5843077955032467	-4.685669212033257	3.34123283878761	4.110504643845665	-0.9212537405085728	-0.48868681135972425	15.553732858103231	-1.3712100569060777
0.7049139636091635	2.050519547843467	1.966472833647968	0.10262482063912426	-3.8913442337641415	-0.8260915883762641	0.9143239672495929	1.419985970640548	-4.5064237695803	-2.71062819902761	11.90206961415751	3.030061613959102	9.97199448942523
0.41568899083382505	-2.015300653899881	-4.959072135090816	4.0163127752703645	-3.0321687799410446	4.928117833508123	-3.5181174089428358	-3.8375508038352804	2.4239365089487928	3.004144324673767	1.6269778012207974	38.39689369985557	0.9192078592823625
-4.920766582402166	2.8325000439157826	-4.485523386331688	4.898111377166472	-0.33835930403770664	-1.4292462102856618	3.6695617452837617	3.671744614167185	-4.669152622813362	-0.03687971436805526	-2.8243926253799665	4.877414278848294	-4.651545278240754
4.361337380682066	2.1262596382793646	2.9876742822390447	4.290278164096383	2.617121846115796	-2.812102048531051	3.6604996054117755	-3.1979518845940804	4.098119936952626	-3.445021984633642	1.649489681156037	6.11968078568079	0.7804046262987199
-0.2296810533134792	3.9741356708001714	1.1951899996179929	-4.20720024215141	-0.07063329381223937	3.711905690804704	2.96228300707846	2.8225127125423475	-1.3543224663854625	-0.11813653190962281	-17.660866802813402	-31.766294322536027	-14.114995352231425
-1.610190325676606	3.3223139376525026	-2.606145686936958	-2.2199631330764924	-3.4856610037905833	4.944117811122727	-1.0873043293940166	-0.8125383890218405	-3.8323392674477663	0.44609655052273656	-1.4411055263043893	-9.785092163237096	36.17234898426568
2.303234480413094	0.516500778414648	2.787400315991107	-0.14873622997222835	2.5261224929903445	-4.782270747237405	-0.35699995255857075	-0.4354683250741509	4.23519317947809	2.0956430208574357	-3.5984130785957382	-6.836248991540188	-2.9568105420182795
-3.924968848754631	2.0154430243933845	-3.4655837293723035	4.472461736964762	-4.097560412508605	2.8410444804731574	2.20836052097527	1.2428081544120317	-4.978534212716836	3.8831295973631335	-0.06761908643703818	10.333928606392853	-0.09408088860410115
2.2516597542501238	-0.22192969043289512	-1.598376818341225	-0.6536489496630269	4.110876991759554	2.3677574389647322	3.178259572382361	-0.651538699804842	-0.04745377844144727	2.426187708839741	-5.974065530839459	1.839210211707341	-6.032779785506217
-3.6521348475724222	-0.20878831512228135	-0.5159350254987629	4.046352170946376	2.6914322197164715	-0.009797297742434097	0.37950051878132474	-1.3511797549207163	0.9828138925324907	-0.17575523090511158	-6.382895507219258	-14.441350984826562	-4.869915252978274
-1.799736468279891	-4.547933394462854	4.2831664685287265	-3.7004468007850297	-3.149005933764265	-1.7183879137665659	3.179202604191353	-4.628630947396153	0.07389177433711058	-0.1611076009386183	-1.1298430324993407	-0.983376758511235	-1.9826949633525706
-0.8078745403779557	-1.3746382862589424	4.260121178336908	-4.033219947943082	-0.7342520331594207	-4.006567010626629	2.9448018508209017	-3.322802264278184	1.2364505783605946	-4.936687568434372	-3.3404159801385074	23.47689940289508	4.396072060501141
3.752495294066211	-2.252712908536373	4.494262901038256	4.738595484153018	-0.7270160286359442	-3.4558987891683204	-0.3364975502987413	-3.9843583084192993	4.3725291155822905	-1.5961900109942793	-1.1193664643046082	24.555750309364427	-0.7951948970953295
-3.936959158232604	-4.533979656390254	3.783688451973923	-4.630073161556222	-4.049592789020294	-2.3520505357613732	-4.532838502182103	-2.6139301523264233	0.11058119057697802	1.1174466184344878	-0.6731852775852348	3.9406674768408214	-1.1055213590126662
-2.7979777989760866	-2.857699669959227	0.21947171554485578	-1.0303305142254473	-3.8639082660157076	3.6900843957202216	-0.406291185060895	-1.0868033871025573	3.6160878368999008	-3.3305519797032437	2.6196953445309292	3.3649854446072465	2.3116340591011246
-4.567471026597384	-0.23524350940284755	0.5175878796225213	2.532906119849974	2.46416106405597	0.9491859087811942	1.5077241258861704	-3.495735527466941	0.028276811410378855	-0.9008409947774831	-1.737193738321396	-3.2333878108761924	-2.2379990239807372
0.19892610933885368	-0.8235918217986491	2.0576936048730765	1.1714972546762015	0.9899124271527473	4.630706787117077	2.166671878747036	-3.3683657165500125	-2.459472176630526	-2.2483200652043847	6.162578360344863	25.09092437699463	7.614710965625738
4.109778771049811	2.2050781227136094	2.289908951575632	2.0140835080722255	1.2444425017406537	1.4544715364748413	-3.79714529813862	-4.564403472427396	-2.6880516008039477	-1.9868703303213864	2.4335957828530375	-0.5501303025120352	4.359799992259327
3.0171684898272417	1.6167944375142627	4.845781545203074	-4.309315566520856	-2.334873885665404	4.831122896074891	-3.177148358623725	0.8637447439109245	4.255120981090499	2.981089476699518	0.49596538762864245	-13.483562831694593	7.354542798579379
1.7922827098477923	2.574236418692478	-4.975080247235092	-0.09708369162709118	2.648086508218176	3.5803597692091618	-1.9841384140551144	-1.0195944399849308	4.456182838550669	1.23986049101614	-9.177349385749942	-11.929745569223932	-8.41855586352702
-2.1322824139277707	3.319788632855941	-2.697132638517191	0.5525831390347014	1.0968195835856287	3.84084495781903	-3.99902879766175	2.9490355765921574	4.495462549307996	-4.444408574093859	2.182888259318897	10.093898510269094	2.3536610209154545
-0.32840655657323836	3.483961450458949	2.878466831430103	4.034358559315162	0.7134316916245105	-4.021316102874422	0.30318545762346716	-1.3999126092395442	4.47837745806372	0.3532471797250114	-0.7610226838793823	-10.71532013024874	-0.8999040183087821
-2.8978715004305555	-3.854805345344868	-1.9088244691804643	-1.1008503983037876	3.592765099620742	-0.36863147813718466	-0.7173995907569717	-1.4342707966264356	0.16695987285749414	-1.6888222039718812	-1.7584314667477527	-4.606774286408081	1.6002057606866944
3.8497306653483587	4.468022394316037	2.612885545022526	2.501385160563693	3.413551785158395	-4.228809413632239	0.9851490273686228	4.341378927483351	3.513251474173771	-1.1336320104096376	1.5590182343181385	-10.994412263110961	2.0591198598828626
0.11425265268699913	-2.6138526059434963	-4.241779376347882	4.32505288049858	-0.06558851630344265	2.111739053565284	-3.247095250434109	3.5039293522563746	4.209129716084467	1.4521632469253696	-6.881155554550377	-16.375214285353533	-7.824925418450315
0.8162970694686003	-2.1307267828493703	-3.0531644737613437	0.3402100951985805	3.1370031222987134	-0.8801408626531142	-3.175739583755941	-4.109327659521131	4.936448840235437	1.009554108262055	3.6863274959168764	6.294116390536774	3.713707670202972
1.2731442164319589	0.3429757244432894	2.4569413524757966	4.4055472122470505	3.5362338783865326	-2.828757923052456	-2.852064136889628	-4.434570964191096	-2.0385662423390762	1.8733115797263977	4.617898625980399	9.852932428768131	6.710552679525538
-4.706997582665657	3.87610554003704	1.0783623119314392	2.866286141306852	1.5016220599485308	-0.6302127545795244	-1.4105480698767883	4.644651303954667	1.984092616025964	2.2170725917549277	1.9877034210670188	7.818780672544824	1.3791738595569845
1.30812729669341	4.898066938879493	0.33445089568950426	-3.9056020812704073	-3.7105194997956525	-0.36058137332119244	0.6654725482175596	4.832900088513378	2.9242613951597196	-4.440251905527664	3.433042808741662	19.650139448398615	6.496407648229912
0.37144404034774325	-2.92199950717443	-2.3951189241833113	-3.1948109730125704	-2.461459868227437	-3.1762155353781685	4.722525698518034	4.162055576463787	-3.920711656304502	-1.366482051347445	1.2131778261159543	12.209784309143052	1.4144362205637677
-3.782631911263877	-1.760257684112049	-4.963265322975641	-4.882594519881252	-3.3207550055624893	4.657112752033006	-2.8144290054375842	0.8109614013429534	-3.9159254406261934	-1.5334306976761338	-1.5398905787013286	-7.490029106470912	-0.9498050453069979
-3.948378911371445	0.982134150348176	-2.348334141862055	-2.9089903494196854	-0.22227290473444583	-3.90741755820043	4.0234678430112485	-4.0976042557693235	4.883215389396279	2.648274581653583	-4.503647228615405	-12.112447952266752	-4.795053891708733
0.9841983861746222	-1.7633283329756	2.8957615347506813	-1.003156872861898	4.289180193372182	2.1182853331696023	-1.921381390783555	0.2638977830039	1.8096027766542777	-0.7414131355613938	0.03056998290981816	-18.974922568559126	-0.4636774855031849
-4.967192024651686	0.06775761061203411	0.17081976171563262	-2.004116650680544	0.823017029719475	-2.088164008567582	2.3341858711523553	0.7609576292524967	-2.542412939757236	0.22617538313736318	21.12736108281849	28.691758262261633	20.76648394910555
0.16081815014427292	-1.6196351039658694	-2.9528863328779344	-0.08560702659972819	3.8960693835875997	-1.9291627459086547	3.7728267310634713	3.95956406584693	-1.27361740399588	-0.6683492336435561	-6.162486306022856	16.45863524586965	-3.4324067676170964
3.9150526346899746	1.1523399575522717	-2.91440961352997	2.107812805637166	-2.3762934608205266	2.32685569082148	4.225613152900586	4.575451199911271	3.8568995536248742	3.624754821645155	0.8337031933392309	12.917306574924703	1.3243185337630878
3.716899579574431	3.6918014836006723	2.9703893616469133	-0.7450800026372919	-0.993153983833035	0.25570080608612145	-0.1902598246471099	3.976267558099302	-3.060182610085244	1.6405163892639294	-1.4724628526755104	11.190846999627594	-1.661376639872505
3.8387021818730425	-2.8967757148871485	-0.7697110537541443	-0.41005069223532686	1.8314586703873426	-0.7817223869247547	-1.7189875405038935	-2.491829078660117	2.9630294204523944	-0.026752848817844566	-3.2766055154789755	14.29318460068331	-1.0926106135473885
4.451007181104741	1.529267432713671	-4.248738602472203	0.3707017276834259	2.9035616011442	2.316977941125912	1.2354792096399354	-4.260798147207282	-0.4976745813827863	0.024232681394526168	3.685203315625708	5.691365355943291	-2.9406906580789927
-2.978997085297852	-3.749182645312091	-3.126040123291667	3.1330113600756686	2.37538855560841	0.2766393793148394	3.7187079108155743	2.9985561609451663	-4.568616751036463	2.135762588992508	-0.18213628062421322	3.091081501894072	0.5872953980687301
2.725634737037133	-0.1620093123910582	-0.2667736336556068	-0.13451190720854012	-4.962822889954351	2.631913649481561	-1.1429256954641174	0.5252567166945186	2.1080363797959665	4.948548369174121	-17.189878359001437	-18.010899077160676	-16.1879008463635
4.642959171743209	0.2440936878333293	-0.9836638873207804	1.053544241132828	-3.3051599694227187	3.7311026935235674	-3.1896427040501427	1.834548871539119	-1.7630594745860617	3.290825047159764	3.9421799150125776	-0.5887697013224673	2.327056360249701
-4.687944734090862	-1.95182406383676	-3.8412888667184864	0.5200334967823981	1.948951745370434	-0.8119850505172312	1.137388989260515	4.809803410674151	-3.3511124872697815	-0.12415482262045607	1.4500657446808392	7.314566369705329	2.2298210418277993
-2.903720077437649	1.5364670143683696	-2.392488365836339	2.094227741182541	-2.0614869173530925	-0.6026782990522515	-2.1737279789328676	0.8071691756362744	3.490173768260936	0.7317299993821642	-0.11910066635464878	-1.7346614268038383	16.84083877012958
-2.2809347126540738	2.556563204522197	-4.106650189154063	0.8655143287273539	4.798592236774345	1.4756349708993985	2.3087732776615884	2.52631404026895	-2.521141355796713	4.826624612575257	1.0730027168976606	-7.003140303669561	-10.381740956075403
-0.28062208870545824	-0.8001596274672877	-3.631852615071357	0.6484674244422752	2.870235084866585	-3.068273168286666	3.0771838053395193	3.3912369732491623	-3.0630333045920253	-2.4730569363375796	-3.1981025313137588	-10.700739997586485	-4.23308450065718
3.5301022925406045	-0.48235983685994466	2.3838832031469206	-2.641499719376995	0.04121557633484407	3.967863463875048	0.6547246792137882	-4.930552795924518	4.008477760855236	0.11258831867523966	22.513719393369893	43.89256698051007	22.43718883109603
