x1	x2	x3	x4	x5	x6	x7	x8	x9	x10	response	response+gaussian	response+slash
-2.653850130413362	-2.9943640964510223	3.6342548691032306	-4.77638874064636	0.2608858496360451	1.5619690014794285	-0.6568698911177115	1.8066889540434552	3.2494211737826397	2.3008754481782914	3.1881186793144964	-17.5609257195669	3.9639563097777715
-1.299932066841377	-4.123567506696736	-2.4509649543609893	-3.231519398994994	-2.483038796477306	4.00909771661145	-3.747453439109063	-1.6353796454026392	-0.07306394109804071	-1.8537082929942383	-2.1319662832796453	-1.773662426500366	-1.999066890493697
-4.767303131217542	1.6972232005984722	4.690819930160821	4.205470447873829	-3.0024730842497216	-0.9642041379146784	0.6054094843549507	-3.010113038739368	2.5747079299897777	3.931203835925988	0.4973445942911227	19.77949953837168	-0.5096984419707851
0.1007597631163124	-1.1627435530707473	-2.9205682459985436	1.516221991914315	-2.9233987518260407	-4.450074959020397	0.48960063210476434	-3.738922142397816	2.303390378114031	2.0653437947807145	9.039629013083312	-10.261817761480222	11.899068341351562
-3.6663002782544982	-2.969511135469153	-2.6986207343349253	2.0541641076770523	-2.5091212017425777	-3.8265449758126433	-4.488510723034974	0.1742884086437657	0.1094032728602512	4.074333188268032	-0.8917998518724709	-16.890638986697997	-0.9122455705676443
-2.215338323840469	3.062722326162554	3.768785714186537	3.103488376729919	-2.2582541999939365	-4.686906912059884	-1.5574632746528252	-4.7719208883222075	1.393878658495181	-0.3347847429440298	0.019844154362029742	1.3888588496508076	-2.9442631235088963
-3.4373716506285557	-4.321694247191613	4.563703945419483	-3.575905182630701	1.5433915546931658	1.011704284639241	1.110658733196198	-4.270713665885521	2.4917194729158334	3.6778515838839017	0.06508382326858209	8.992480212765752	-1.3255835696854779
4.7389612130881815	-2.288473472680609	-1.4879182235963473	-3.241905456150278	-2.745192260014279	-0.19791102883903378	-4.990999539539431	1.9396963752259335	-3.4603083942589254	-2.498686411333777	-1.57076952811698	-5.125719271165785	-5.013916075911483
-1.303721120150776	0.9810500795115011	-1.7803609692357316	4.7662881193760835	-2.3585926723678083	-4.065621691527447	-3.964450665508484	2.8436677404492103	-2.39477524648247	-3.7853958108594044	-0.523577872038169	8.80025639418507	-1.8387681459500684
-2.7422804350842735	1.8521384041331022	-3.8189583312829667	1.2378408480930148	1.1380215850414945	-2.289957174707448	1.7940784130281724	-4.199781556113777	0.356092607742136	-1.892794306437664	1.5999811921826823	-1.1426505723433436	1.3707540894527015
-4.508788207217592	1.6275263959714685	-2.3087116927356064	-4.86398921577102	-0.36733659261954443	2.598417533955711	2.7400411973484404	-1.0747083132840896	-0.9085979148496968	3.028690247908619	-2.9683931793102327	-1.765805222874102	-2.3319673968111303
-3.6013458193105508	-3.8383739144090656	-2.6273223992496817	-1.8985782674253073	4.044453751330661	-0.2638746812184092	2.185237302055394	3.037497354951702	1.8736136243271542	0.920835922039247	-1.1982743410547294	22.19642588715266	-0.6813184903072655
2.427426170336089	2.923347174117387	4.691854861001563	3.4573837749660825	1.2955015400263017	-1.7525382524929345	-2.3953869652167525	-0.2684987043438438	-1.7218568316461411	2.1445286820871043	2.028305800954085	1.7379731385935422	2.2340411519284595
-1.483836684940428	2.8106046008165624	-3.8297244669161215	4.105795968023116	3.1225711956063673	4.537591019038519	-2.0790399700094953	1.486533181913451	-0.8287583329663359	-0.8974477778585239	-0.01544163530056819	18.150503958613182	0.8658666919404417
2.1242553720567336	4.526228209529533	2.160220328183435	3.5551105485683827	-4.731411314904826	2.794422383054041	0.3632949925674538	1.5736001387819503	3.479313393381325	0.9848520471289195	1.2245352219378787	4.6292742758158845	0.6252842526288769
3.0923332719820333	4.4733308815464525	-3.5792222700769805	-0.19716924628954136	2.4461891858454976	3.914693968039998	1.2683647042158661	3.3255717496390265	-4.554106174469981	4.062873845430147	-4.395448571257347	-11.430934319642805	-20.089950409809216
-4.782395079130497	-2.3375826018595323	0.41874249241729267	-2.9455452606302748	0.8666037420198798	-2.9982963373608564	-1.2307219543884051	4.542224002750787	-0.010329369509088693	2.203258828451668	2.5656441170948137	11.39663328275159	3.274609960494834
0.8630602551929947	-0.18201365046098683	-2.285831699541654	3.980298214740742	2.649506441796526	-0.4457759785077231	0.9192521749881326	-2.5882591316703927	-2.137029331314376	1.558950230652365	-4.144237055653273	18.105171101170576	-4.935600048056633
1.7942998156248322	-2.96425599308857	-0.8333704261304877	-4.895882002441287	-0.07351776216094041	2.0975139238706886	0.4416250362686993	3.366468532539198	4.031056971913534	-0.3407842200425222	-14.786387248844983	-17.973854353815028	-16.466066965264346
1.5743097459912025	3.310705912106826	-2.5053843054008174	-0.7729239570452142	-3.4426720003779354	-3.0515804575494823	0.27064955888945796	-3.689469076256351	-4.504337875278268	-0.6778302384370303	-1.0461513487309078	-3.275319186303253	-0.8867686270402958
3.3484442637596477	3.9005431554505456	1.1966546041181134	2.7926868670856795	1.010450756073757	0.23897490764526808	1.4234173041860378	4.248136405745694	0.39992366121137746	-1.5518306489336742	2.7384191542980316	-4.330861019278532	2.151364655425365
-1.396077275940768	1.7079248332934522	-2.460245148500726	-1.4003414178222826	-0.18653366416818162	-0.5404634456734492	3.8750758869541784	-4.376817079866729	1.1860782330593107	-3.654596802908967	-6.612324604805701	4.094712220239821	-0.8191537270600557
-2.343661354540912	-2.908028766928812	2.560853449809059	0.10782694870690523	0.03622692575688902	3.367496618290941	0.13206002786981585	1.8034945859207134	-3.377107870307184	-1.1533096739208792	36.497833441372016	28.988673207417325	37.589271597086004
-2.852722887107025	-1.784868640252685	1.4136452471223127	-2.8731424921670587	-4.714297485539306	-3.083636185019898	1.527380046194752	4.788310855212655	2.2491621912876667	-1.8131290397998736	-0.7635881938116027	-29.39247402072696	-0.780906975971503
-2.0393583902196144	-1.808003747706728	4.3112431861972595	0.32842585530689394	-0.28860462896560435	-4.800843053676904	-3.9046342741224804	0.0984390217295914	-3.9538070516398505	-0.9576581124168584	-1.2316154632206961	4.89809846123764	-3.232874497153871
3.6904931264407317	-2.0438677349936607	4.4305699781579655	4.711838256195666	1.3635799078274964	-1.3925101751820934	-0.3008456507631596	-0.8311388733049352	-3.409263499208338	0.9386478694134031	0.9529977312060351	7.135139284601078	2.8766665673007514
3.4111022619627445	-4.543385808394423	2.9044926014309596	-2.156603939110778	1.0181189874782213	-2.647413492349553	-4.857580968027716	-4.321015420370672	-1.53353414397422	-4.409773374145445	0.9358658768763415	-6.21054248398355	0.26766205572178603
-2.917229880306702	-4.874554714497723	-0.8390092975612475	-1.1246045035544538	-2.834309893043283	0.07714810025432861	-3.1616377184832056	2.93276570186078	4.023923717137073	-1.138667690353091	-2.981840858419643	10.248786011515055	4.4016258212676815
-0.17166875540592663	-1.360396411926704	-0.11514111812591654	2.556867023459306	-2.574022733165698	-4.0608694830925565	-3.443878847444335	-1.5224880959867901	-0.3454558855504253	3.6729326978120156	-15.242639709653792	-1.7274676154118556	-20.339191960312462
-4.330171338235559	2.9874611778054287	-2.432392330185884	-3.268353776615147	2.1360094800669422	-3.267024516703075	2.4209572496329717	0.9954182583875255	-2.656429110711925	-2.89758432578358	-0.14512496343812964	6.837103304242992	-1.7529862167427979
-1.4612826715610794	3.420401799322889	-3.452394272671846	-2.7319878033978737	-3.495130613268944	-0.675183014248053	3.0947020508925522	-1.4837798747844086	0.4304866107297265	1.4378686074384248	-1.333767221618131	-0.68179682377834	0.475654216734986
0.6633254190596478	2.7395181655105807	-4.521381743838756	-4.402920600362048	3.5342246110206936	4.941038511256993	-0.4270819124328078	-3.885633842837115	4.05620329505866	1.3944158605007795	1.7072375677107197	5.977372238259629	1.256119993903233
-3.7272621046703236	-0.22155369508306855	-4.064502854490999	-2.2952301591850155	4.166559001304332	1.220932431659726	1.7523762553565696	2.432746984756994	1.8172648029884062	3.9457354805882137	-5.223584472991876	-2.746968479723104	-5.496436651055122
3.1964936671725965	-3.8279379766764645	-3.7130930972737097	0.7061652688028452	2.912884893357621	3.0119995894526355	-2.4247452188803873	4.111378452980061	-2.4365851439653685	1.169844391541794	1.5416896633280848	8.953108105780847	1.9155612802382567
0.9255553294226004	3.3535959579217796	2.7338613399325364	2.2442345031818345	3.8825765202528775	-4.230229156725263	1.6547148379806984	4.018937194617905	-4.7678531332969065	2.586157741488604	2.447549977029465	2.004420194979685	1.4649552988103371
1.3541608968920933	0.03757038401317381	-1.4919604722874857	-3.358500630311939	1.8246067458368653	0.27330416897985366	3.6211957540350816	-3.8556896909534	-3.9404959347729793	1.1335935944266096	26.93522660482269	15.438281806650307	26.959112355141304
-3.652076576723524	2.592005939677671	1.4051055657512386	-0.23149058594822325	-3.092162084104354	2.8643858782820066	-4.4278100516878505	-2.8077487609679785	-4.331031786599415	-4.7987456287979855	-3.8195533455579325	9.543716057920847	-3.4559023909853606
3.8656764947666726	-2.919061206034177	-3.8634239810595297	-3.7162839121061952	-2.2845578034626577	2.2757946829175193	2.813889215728338	1.9609595078520528	-1.570453805122555	-1.0006474688081557	-1.0495341942163061	-3.321691757051357	-0.41032861444222235
4.267081383190783	-2.700896714493921	4.241452720394092	-0.4166701211308155	-0.2165209982451266	2.575941957197676	3.185742561754317	-1.8896707122391874	1.3811110359140901	0.6052014702481667	-6.918596708313316	11.054722314620257	-9.690532277256118
-0.8878173751532481	-0.21245527296319455	1.6093587627666182	-2.6538269399517613	3.2359244912501275	4.099162812068798	1.574608068893765	2.1393639912420532	-0.9780141844652768	3.8251682306653727	-5.279648960990184	16.33668131298255	-4.6143348494806125
2.9314403493381445	-3.893931373896573	3.9150634620741958	-3.1322238591968365	2.199043960292231	-2.740474577709413	-2.548884301789972	-4.507270489201499	-4.30583406563811	-1.3024019446493917	0.47522415390884093	5.506320194571788	0.03913445835076457
1.625041770509008	-1.9287840014002446	-1.383933225028163	1.8816770236859357	-3.9608211426653117	1.6991762864509363	2.3755802168987863	0.45376820024876885	-2.6797739681922152	0.17428649901406246	-0.34670285976130905	-2.6972009662156062	-1.322395364876628
0.1295175552626704	1.3035004547170672	-0.43240423728671296	0.7269175303950597	1.6633056185983222	-1.3309537216248057	0.18408294481473852	4.629888738222839	-4.741122897592144	3.9407202653827476	8.152359617333943	11.626731919014206	6.390859697198404
3.3401352958115638	1.352848342436614	-4.008521406274265	-1.466717095791478	1.5358958599408732	3.280626204603035	-2.9817937197605326	-0.29726024361696446	4.250580834956466	-1.8190729597632216	0.7583927511529035	-10.28056037130874	3.174251584363863
2.852708042307512	-0.494299183676957	1.5066475824151766	-0.41476031012189374	1.3646428608794592	-4.765880381691304	-0.6734058304721646	1.0378594548177764	4.2991241547283	-4.394493729151457	-2.68703555068658	18.67035607469429	-3.276903583679825
3.523129962600823	-1.2285666613879442	4.480513499164569	0.7484665468046847	-1.9611628569944708	-1.2165438160217823	1.5465739834246408	-4.404307969768169	4.139344140674309	-1.4833447017761223	0.5192340763521611	-5.637213093506252	-1.3243254405126277
-2.9468693643820343	-4.3187118101109	-2.8355850146978168	0.3872274020043198	4.0960305053867	1.5365892906832732	-1.7457471829789908	4.258394829820194	-3.7836713321643742	2.8883845299302093	1.903046061173843	16.232548285857874	2.5530557174129056
-0.5062955620049365	-1.3772263971716017	-4.713725027113716	-3.3142658754167886	2.2549472980579957	-4.264442371614811	-1.6821916294536265	3.6163294487597053	0.16962549198660604	4.2315363534801715	-2.771630957638587	-15.378958275282828	-2.427804607110918
-1.3080831425492767	-3.7793908660071396	0.12429374357563194	3.8624845653868913	-1.8236515509322802	-2.028386452999719	-3.051574719869077	0.9074739169873416	2.28081349418089	-3.239175375054147	6.7269372864320465	36.26464753919509	7.9125001496180705
0.052116969466242224	-0.462826856352649	2.9929474694693603	-1.8849967673156054	3.1710307836875042	3.9542206806704314	-0.2550491742934913	3.166299626135995	1.5889885416113625	-1.514734389062963	17.145941948485696	20.306649656173164	16.961814887022907
1.5799601910671104	3.907684989573932	4.7340361384245675	-2.0337058685987817	0.9188486194757317	3.5880072851948306	-4.118320622558992	-1.258633327074512	2.0722877447630106	3.235752447960845	1.6966749348009131	18.90600408259447	2.2742004296634226
4.849386489145514	1.3859141997284112	-4.30044657968274	-3.752154661296403	4.02934053619842	-0.13074711069659806	3.784687694511149	1.7396013685623757	2.8818202296532416	-1.7130071715187234	0.6768890866698348	-6.117988703954349	4.613911258405121
-1.617719697707968	3.924196263638983	1.0994724889295533	-4.477464721902116	1.379263946965576	-0.8252057398897295	-3.946866709440724	0.23786119545803786	1.8257666072669299	4.619736837821783	1.0478859818130193	-13.527322830678152	1.5699901456022336
-4.157251886147345	3.4473401177224865	2.0071994918518143	2.1309577295908158	-4.697674997727502	3.5942928183387863	3.3614001498378485	-0.6119368673218206	-1.354248876262456	-0.47143343394272286	0.8041430851457547	-9.394253552279425	0.3892456614190445
-1.4112042620855703	-4.664726980863566	-0.9093062595713688	0.07438870483103166	-3.1398158925408914	0.7956895482956714	2.760691073130607	4.981288544792228	4.895879415325435	-3.7328741167363164	11.101682115462387	7.082057665707824	16.388404993849388
1.4409386773455468	0.9668846388327959	-2.1283981050296017	-2.004012458445674	-3.648841634311364	-1.7111417582695654	0.6006398408304872	0.3104745468248762	2.9993333880739925	-2.175557034174762	0.48534621912601034	-10.9328062426211	-0.08249276215903084
1.2484434228143844	-3.108375033004637	-4.607017578885695	-4.010721842256214	-3.0450398757791386	-3.829499220218926	-3.5899661813892925	4.993493960168747	3.171655516595532	-3.6379313735302765	-0.3155088168445761	8.351592496287333	1.175591441281155
-0.030744844642292435	-1.088598937265588	-3.735696154190519	3.781104840820424	-0.20941803099906142	1.8321865298112696	1.9892806539880734	4.032713256908593	-1.001419525114847	2.96252173255645	-38.22274300582229	-36.42341772440901	-33.198043538246836
0.8202190698654306	-0.5701904505529809	4.597669065496056	4.968011180414418	4.783543443882433	-2.437800671258877	0.9356158874873461	-3.9310768159872844	-0.5444757215767222	-4.6733691141970155	0.09322586097044117	-26.37905873043168	1.4319441181027805
-3.327781245070598	3.446659837283555	-0.9198503256697412	-0.07551972340188673	0.4829646207481968	-4.629060135729462	2.3862365257997142	3.3434837306102274	1.752855958121212	2.123682541380921	-12.268526819168923	-26.10718059534956	-12.52857805908512
1.6138599618806238	-0.3377952614234392	3.8534845741637618	1.274098351142955	-2.4956945703416378	-4.849318290883513	-0.753179947169369	1.1505042021977285	-1.4355993318008622	-0.41202505275553314	-1.697056541970787	21.612967991078992	6.923989383081408
-2.3779265353919277	-2.542098477647594	3.785216204681678	3.4770926733805503	0.5473877995482006	1.9063655215835915	4.176772402928993	-0.08995859026303421	-1.294005371509812	-1.5561843673639677	1.5647304641372315	21.664865857906108	1.2704022907439487
-0.025478445105293623	1.720515715821234	0.6868684804429526	2.2277471734898793	-2.819976378436878	4.259001502128326	-4.487194999032404	-1.175975903858657	-0.7826310165391082	1.6348399817662926	-37.117488003797654	-32.711219522734815	-37.746220423793005
4.614230331764016	-3.7131552935133296	-3.081455056579344	-0.4079409393072	2.794949363031299	0.752511659802316	2.795081622361142	1.3205472251181218	1.8864261789346637	-3.029349353693357	-2.4706608831435712	16.71255332605144	-3.0251096579495944
3.6099537101536487	3.4514114776517886	-4.749919932852313	-1.1999622267443244	-1.3671412317526688	-1.7548767822501699	-3.9375246570180487	1.1122120848394719	-0.3563746215472561	4.553325332828038	-1.2085943587424701	-18.69016318652472	-4.405817780571583
-2.5938319540939183	3.7745663427602913	2.742656089526605	4.519937349045323	-2.4106312410355724	0.4256217974519796	1.3339386596745104	-4.815538966165955	-0.16953292892810445	-0.3912889527915153	0.050424068562711144	-25.328797788470368	-0.2534450453449684
4.265310126345714	4.160155302679559	1.4688569827442528	3.4963082693311804	3.0422934587507555	-3.6179860217795246	4.201391181535602	-0.08424024709230338	-2.724033174985654	4.5542464567326135	1.770342015340707	11.148817283120092	2.761933413730983
3.4941837799352573	-3.3218139745132524	-1.9180319964381187	-0.6257716856307454	2.2823710473535446	3.3158405579825505	-4.983120302887842	-3.1303517134695245	1.3458302632855172	4.249227547290692	-1.6961042710936944	-3.0744283235054093	-0.751329625506026
3.3198728015242622	-0.7421468757628782	-3.6632499920652952	-0.8662075184648597	4.721638462405554	2.621150086858501	-0.6646706334004548	0.6770227150449584	-3.11073211092044	-0.6109049069224914	-2.2618743396984624	21.734541684903423	-2.6235876859088854
1.0227829438661793	-2.429698385219954	3.694889518987992	-3.8714398444144074	-1.9137871352561477	0.34588385570507896	0.9275048106320218	-2.5353610951431085	-0.692200907039445	0.9478679099602569	0.05596894147268039	-9.343672565563256	-0.0743481134749722
-0.1883860573527718	-4.909784001369836	2.9411573588576925	2.5970633038260527	3.7528543536978454	-3.230709900954296	-2.559406018325295	-4.866837991349797	2.1000223472165427	3.9989038589743906	-4.520407061506227	-9.250619443705201	-4.543391905473748
-2.6156129595297894	2.433641331341172	-1.605515170426056	-1.4331911292148556	-3.478890429173612	2.7373375087695067	-0.4278691076969743	-2.3732545839757613	0.26839808902389173	-0.2583479752077613	-1.5794573205776457	-18.53766309315283	-1.1550382027520205
-3.1103482972272323	4.110494392987357	0.7064693513801492	2.195858742465888	-1.0339194731351986	4.30561907560887	-1.8659324916054967	2.3790050401276828	2.262161495885354	-2.749919531727696	0.8254712961384557	15.717505489591343	0.5331798536213012
4.5924260736185545	-0.6705916533962526	4.564261147327059	1.2296749635155981	-3.5867923938770496	0.9837689510418643	2.5961727847760425	1.1115109554897193	4.80928817491802	0.4874361136271945	-0.5199547330761705	5.185433930830578	0.13131994675779202
-4.248694037541599	-3.4934938000233675	-4.19737070652173	-4.1466237183595345	4.119397136265208	4.826149594747557	3.371386240229757	-1.1240875640414574	0.4760131988432539	-4.816457651967871	-0.7582633060795505	21.872716791605107	-0.8974458849751059
2.5987774217239377	-1.2536844331237749	2.7097613875931437	-1.21400546165951	2.8191423567354432	-1.8291523918163666	-4.718735612020466	-1.0237775277148655	4.281998874015125	4.957869115929592	-0.5128180992560747	-0.1415725654416275	-1.4918055570957498
-4.260406401719203	-0.5985466709130529	-4.30719697377412	0.019140523702430023	-4.934003705668474	1.924514669548465	4.139507447862927	3.521463237588865	-1.3286022755350144	-3.1617539742349496	49.90489685337304	49.9282723627422	50.72466266622534
3.376901104375449	4.528319296694935	-1.7567089684986117	-3.295658182420933	1.2161076632035375	-4.112810620713003	3.319276440597374	1.7099949738707343	1.8545073559548406	-4.653264069529421	0.466581809599863	-26.555279557315778	0.03373608965118047
-4.541352092145651	-1.1795219062800766	4.381739817374838	-4.070936837632973	-2.809934108013884	-0.796932494221867	4.410334636463261	3.4357764454640094	2.5324978979765334	-1.5925237668375294	-1.441303949070726	-14.282996225157211	-1.1576950366200314
1.804908496544181	-3.367422246423426	-4.1817543971344335	1.6102304410545223	3.821756257798061	-3.8643474632468164	0.7910231637133824	1.8651907492018385	-0.378942613569512	1.3141207160317094	0.9006364991465687	17.74525167915034	0.40618174566467324
2.5086842687349105	2.7496814044111897	-0.9231962908886366	0.6263319275317345	0.44934557590566193	-1.9445410521569704	-3.9150462905484673	-0.27618780473902227	2.4012859242498266	0.24601873776899374	3.5011567330592426	35.323599427846425	13.737235328687362
4.158201788698781	3.3851749040218166	-4.788853562946417	-3.71350122485154	-0.003857029528864686	1.88332948575054	0.27159758793705	4.149711224123841	-1.067490925215402	-0.25716274700253194	-259.20908849460955	-252.55281726058075	-259.1489725569683
-1.251223337839721	-4.188407443251839	4.686537114759739	-4.9897226017768705	3.9814413103940343	2.8716334975101923	4.6834218655543065	0.13900090342278304	-3.77207330396328	-0.9313870888117828	-0.7738415142216637	6.605286989315485	-1.6717962941712639
1.3592013251972688	1.3806711867053618	-2.0063668571461104	-0.09077514502507267	-0.6716944325088345	2.1794976342755588	-3.4590892695464848	3.3869569908123367	-1.9326034726385668	-2.5189083208665397	-11.54340531367686	-17.78616120013361	-10.38884194821657
3.864851282225544	-2.6591613885415932	-0.14298394178975737	0.09638618148521161	3.412633977881086	-1.611550123293716	3.1229452882219775	-2.697925025290575	-2.8692828239119974	4.56484098009375	3.556851369787672	-21.018754707903202	4.535930395866414
2.0320758224104427	-4.287453458566278	-3.9566971448841635	-1.191218730256697	4.222980784787264	-4.875699401411362	2.4971493850570514	3.260024458152774	-0.11073849882067943	-2.4876479725341847	-0.5965439384657014	-10.318278300308883	-2.7603847298823183
2.4519391594358	4.96603518667318	-2.915858016430465	-4.350859299371669	1.7520561466716709	2.043896712806408	0.07767085702085197	-3.0800148134628937	1.1847650196233879	-4.397121930108234	0.607174429407358	-3.633058614086461	1.8476177231853828
-0.1267219400235451	1.8251305379934433	1.3114256186546216	-3.19459191571714	-1.4216686172236015	3.386955524743234	-0.4474840952974448	0.3289673295136044	2.223723186838578	3.221925436052487	-7.597286192140983	-32.95639251108054	-9.913498753948293
-1.1861207758461711	-4.811320479844776	-0.1595920975212195	2.390384776329668	-0.9392508567197151	1.3901398404258085	0.12620628580225635	0.30330573395865734	0.6777493864990269	-3.795704824071129	-7.963237633141469	1.8250919327551838	-8.013285921884963
0.8740781723380451	2.9436217627445327	1.1972056088687522	-3.009052744176789	0.4834569453033941	2.4507909605410836	-4.965256872727445	-1.5552800689615776	-4.660865350537291	3.720748478514828	4.055164421524434	-1.0090620151348197	1.9396927646445596
-0.7597077524045304	0.8970978834203693	1.617568299055523	0.08942795065111664	-3.045743682998344	2.8804055338839945	-4.831623108339106	-0.6034606239974396	4.252743327195194	-4.455632708025343	11.27048105321301	45.09833680826667	11.405564262388843
-1.480815896262154	3.7673142220943543	-4.6276004692694706	-1.2868519162919245	-0.2351446363716425	1.3034391366056761	-4.075474375000695	-1.6194561236788587	4.127566562985784	-4.459581880456343	-5.655748927685996	-2.3683639090066704	-4.7146109767625415
3.639797243041441	3.2632588493092527	-4.687967769545102	-0.9928827503241964	1.429048786577706	3.6669650665483786	0.43061370099163554	0.5142609943715373	-1.8977741403626878	-0.6328886440884949	0.06046856867827688	-4.576441733509765	0.8479056695347335
-0.7640823959238201	1.9021669963976802	-2.043254895826535	4.466214656346745	-4.326117688722807	-1.1059793828827722	1.628149414328636	-3.738374079378548	-2.641752654856907	2.429505297257152	-1.2797092589561565	34.57798368542069	-0.9318676989400778
-2.909922214083107	2.042537755722309	-3.53231568462952	1.3946213150442173	1.4972179069965357	2.432256579449027	3.779763046604053	-4.982957862070343	1.684044721674093	2.4015381061608103	1.247780805871619	2.6713335860114027	2.203334726515245
-3.918683494243834	3.362370702055795	3.5637906131476687	1.401040021702019	-3.967343647335354	-2.6548234462432263	-1.5837638540355945	2.1957208944514743	2.713485770884745	-4.540292326139447	0.7845192237533272	2.564152905659537	1.6918349971425457
-2.8904552042213663	3.93127214528225	0.541241443169703	3.038686919067244	1.6705119372031083	-1.277557847529268	4.02799372541778	1.2646229512656788	-2.700764497073153	2.625371476164757	2.6837169879338654	4.509197188890457	1.0836946816791688
-4.070082237433641	-2.6134275529957653	-3.081642226732353	1.2408281026529986	-3.256256336941863	4.636315130856477	4.653666360084927	-2.607505306941272	4.2174846628248375	0.19141342259786853	-0.4540245759259777	2.025316401515513	-0.9935243122804778
4.2619867022076185	3.3342268030472884	2.568128316218691	2.198644196492179	3.4539348801871412	2.762465363176732	2.436871604097451	2.3498098314595577	-4.696756067513518	-1.4552455168886835	1.668291220968819	1.4977258702208167	1.7932885081822572
4.262867672871934	-1.207054325606097	3.49101436101337	0.5225779263613202	-0.2806543430016699	-4.734538638016951	-0.99761822589576	4.006498402601254	-1.86864757089247	-3.7482325402393544	-1.9569411760412774	4.31278805707331	-3.3568402375685142
2.074736265248136	3.6538412372451816	-2.617741167302692	4.6964519452015825	4.69076454664582	-0.6960590656112338	1.7165607631183208	-1.654907576816651	-4.283766560593364	0.04322258510685728	0.7997763733793701	15.984819955351632	2.42063580939075
2.059398698344004	3.138300096552518	2.901566138773476	0.2821648409183126	-2.0013921910620636	-2.749391398724499	3.3979085884059685	-3.0515452125353395	4.413002941370385	-2.6556603606908413	4.193239398475799	15.67207654056292	2.977534051556916
-2.817476015984348	0.035403327549313524	-0.11900813513397335	-0.600411037796766	-4.155011563500725	-0.30802966819114896	-1.533497691236688	0.08499140337889433	2.5548105727486767	1.8004970031644856	17.582019090548435	28.157408640105956	16.160888459775716
1.2545988755726238	1.0499460523062556	-2.287271338096727	0.5605228518347118	-0.9029462975575324	-2.252511979464251	-1.2179130642239744	0.981821852829599	3.4285298933699178	-3.5619807323383537	1.9888582305725964	0.6873382470430991	-1.0999282008378557
2.103330110342686	-3.6129398639059973	-2.273075346914506	-2.122383045359353	-0.8862033883017233	-3.9657522548172155	-1.7831907421531437	3.860662664485041	-0.673370636814699	-4.208589032915783	-1.8408566053297974	-1.511372483867901	-5.464246579191737
-1.2472053956797815	3.265042025272354	-2.33323136870215	0.430693740006971	1.470042446185781	-2.4608090222845522	4.318626475071115	-0.44365336406817946	1.752031770934245	1.673766253642369	2.077979990840846	6.639458618964128	2.4070442249743897
1.109186317498101	0.4408381540416748	3.3410802157694146	-4.383249951955317	-0.36808830988936236	0.1155826344385602	-2.9949881774143927	2.8192984498851468	2.810987230371202	-4.052450125994842	0.524391797944523	-15.96339851773447	1.0835381303886464
4.073754936659391	-2.8593286616055846	3.4120552181544834	-1.3697198969516524	4.3725379762286405	-3.3059120647811735	0.12475664368985306	4.027602227644415	-3.396248527498323	3.381375473503125	-0.31255632241818815	9.101934098611345	1.5991609959174453
4.274018974482917	0.6306114189166792	-1.932573858964417	-0.15721323667019682	-2.0388228742175993	-2.476768941093368	-0.23932722950696483	1.3393850051665908	-2.507341537763229	3.6989512162736453	-5.548976888005901	-26.752942582568956	-11.310877621382858
2.359318647835739	-1.3110959420062551	4.323094748541283	3.3310983925553845	-1.6396344262980822	-0.20798873771159165	-0.5786281617067148	3.1712562546870444	-4.248213443931745	1.5144150350360377	-0.41724450307518035	26.60586182900033	-0.9783562692310582
-4.037732745940806	-2.3647707797161157	-1.0234333601046588	0.7312749667435234	-0.44703856381814067	4.333196246980467	3.6707859329154857	3.193885972883006	4.822855820329966	-2.1895221982404447	-2.517109697691109	-4.28641072651669	-1.8490215935145002
2.6809333155432356	1.5446267408099796	2.1367691825857795	2.087597944825813	2.203527725083955	-0.7153223746989283	-1.5642798324468798	3.2230900440767414	-1.4594804802959436	-4.209974526461688	2.4212434874758824	20.952909889774375	2.2349761584009746
1.7661511065191435	1.5697655623405815	-2.0731731585826854	-1.4252072635822408	-0.07241531855061378	-0.3450779961636492	4.1617624020734585	2.916942385447342	-0.14965201811751871	-4.312760536819652	-13.789996848200628	-20.217463822817606	-17.301155636592583
1.363989247244449	-4.3100755853253645	-4.190866269495821	4.57787861663763	2.0700372281269566	-0.21515220965967607	1.3848205062359442	-1.9394447771186893	4.109303359199373	-2.138726515502273	0.9640398546240854	-6.128060529787049	2.662975151193768
2.2060993086921936	3.0051363489853653	3.2138489593880166	-0.669252723956899	3.9341077701271043	2.3415677486581297	2.159196255049613	2.4556940310270576	2.6974065566749097	-3.8542933496654888	-0.14281086916125652	9.571481783649094	5.491336712419292
1.382719348351209	4.237327953642719	3.2412728749580726	1.3858995136739054	0.4891159953807147	4.369730264801861	3.4244350031119026	-2.4110887236496437	4.827831385075134	-4.046722451779557	4.033788945715595	0.3724234077746078	3.8623669435502324
2.377997657478633	2.2560787055745957	-3.5847945854490515	4.889108466597293	3.6354636867810015	4.24532315735658	3.874496098956648	1.9173382472563176	3.8493895593262426	-4.4680725361081794	1.064417140539323	1.0026912685966558	1.242856906665974
1.779828305234851	-3.8847556174056432	2.329354797398514	1.7707427654621686	-4.184495329711808	-3.662340355678857	-3.432436133701726	-0.0952360055504089	-3.4999898497800066	-2.4396693503572475	1.0594962468712272	7.376148903141715	0.08598902382259554
4.1625477956306565	-3.300232843887522	0.8744239260697828	2.3780100865298177	2.108060555981269	-4.468019103952724	-1.4821439605908449	4.012565589373805	0.2834185756816332	0.015517092701235136	1.9757279578070892	9.638756412407638	2.228194718105125
-4.472098025526399	-3.897586777936517	-2.8368372217813107	2.1285613268859755	-2.3079893175928747	-3.7269149548032035	2.25807004301402	-0.6179164721919381	1.9760461502520341	-4.970231614317808	-0.7961596355243346	-4.930929737042423	-1.931523197072733
1.606176281547703	0.2720964635977099	3.669217119674016	-1.1338370032216294	-0.24838291025701054	-0.23374331097001289	-4.950067052564445	-3.349980840156067	4.0807333083136506	-3.102133449103164	-0.33770129376388347	11.052025384021883	3.86323359801834
0.2750453756178324	1.3242389752538628	-4.870974886803139	4.675099862535369	0.3453156133841784	4.753432102113006	-0.47081622663440736	-1.5394524208972085	1.4628443038468895	2.149338982345702	7.295417389472125	32.01904228326865	6.564726466486784
0.6395682639351472	2.7359300047216006	-0.12841084495532318	3.9245485608632507	-4.42586535866163	-2.260892547824489	-3.640014292713527	-2.9475510947868044	-3.651032015673091	-3.1547320543427118	-5.829581199646866	-11.600645309775068	-5.279094731614537
4.005078654994714	-4.947627759488605	-2.8327963298141414	2.7614512248209975	3.450460912420276	-4.427594434413057	-0.5167257758155159	-4.386677822664575	1.0357090835041616	-2.791645679301066	0.3465026244144264	7.498097605369876	1.8337232817347864
1.4190444871631307	-1.1746179719767555	-3.5671081976905517	2.6758668537037744	-1.6514464546600993	-0.6694346603662558	-1.9038765272297775	3.743737524059089	-2.9752888234210495	-2.907563558003907	-0.6587993149965765	-6.5122795812725425	-0.8595402615779579
-3.2069806066237874	4.439922881845801	-3.5095565530790216	-4.817029995288014	-0.23769243494917802	2.9578260778878906	-4.80157953689657	-4.268841522780356	0.6297327801687569	-0.5810882313321546	-4.786241216062075	-8.281721344791956	-4.875893094182345
-4.742360567105578	-1.057537946821582	3.114788918439995	-3.811262027533081	1.5317776582955034	2.0863753183973746	-0.22629928646949615	-0.20299897945862	-4.56662696395417	2.8591580192378894	-0.44495297382118193	-29.033244111804056	0.8542426011150897
0.5494664213413438	-1.3217931661142157	0.6895243796292139	-3.148964211751135	-0.2623323321850357	-1.071899867244027	1.0989487355742256	1.981946858822159	4.127138273889091	1.0619939119312019	-1.6158489252913473	4.03455647501658	-2.1121690037627734
-1.643123480636497	3.717175654549834	-0.46252177280878826	4.364662620091572	1.393395076744599	3.633977824049003	-2.2492119618426774	1.8374723599901461	-2.647491986157129	0.48257006678210423	-1.5548515835100603	-17.48731045179411	-1.994920265846288
0.9228903800824941	-2.0230569749031844	-1.6667005056019937	-2.7303807061466334	-4.040307282412403	3.6599473622719643	-2.678749395792872	0.08963821438064556	-2.942757181618292	-2.7357290866172166	-0.624492182613153	-1.5556724024671884	1.1139951558171548
1.356884756465905	4.439449573584842	0.6294120949464794	-1.180726683278539	-0.0794367235475324	2.5731607164577817	3.1850358619107784	4.4599024123784226	1.7563919844341136	1.0898414586766805	-10.884552456640428	9.062021441472982	-22.024948886046353
-0.633270973809732	1.7483333425613985	3.914842987432417	1.3933740154278276	4.326490881250253	2.5310165927692454	2.6628312216411416	-3.076294327000059	1.8885932885316956	-1.085061031924889	0.1971251329097849	-3.6468621254719915	-1.0599022916811771
-2.908367921625615	0.13100101781351814	-2.461850595971933	-0.3245886368931412	2.747162345687868	-0.9510470346487567	3.1741405427310596	-1.0512827207755358	4.413788692588174	-1.9792142435695883	4.166683936141046	0.0260947419215114	3.888905753953771
-1.2214250848513366	-3.5835294273464835	4.301970499592985	-0.35876173894584085	4.678842956714277	-1.645455050664204	4.32168133588924	-4.699910694426154	-3.0817809424079567	1.8979566204201879	-3.4389558509676195	14.113340126908057	-2.570356944329761
-1.1323040677552267	-0.15244984610437573	-2.6001422393719444	0.6640926306529344	-2.400529456348238	1.8491119666898017	-0.06748334012574464	-1.5198029382873148	-3.932517651722206	4.65720742174385	-6.738044419222812	-6.107794672970064	-7.495582404030374
3.0816327391263325	-0.6229576682603941	-4.280460834456631	-4.900695306898653	0.8172688381073021	-3.760776094013104	3.81470566958183	-4.0331749684947615	2.3508347074807023	-2.456459260010316	-0.4948270110763111	4.920638347519035	-0.6318116822230793
-1.9208636074750443	-4.313468581489291	3.265381653488003	1.4704299995083447	0.5572470850542457	3.5658128813887426	1.0696603498380455	-0.6605508984291735	0.043293684406151556	1.8255435442151269	2.028421014021507	-9.835319184692214	-0.10868784081400396
-0.35598377960745076	-4.2016951625983845	2.72257042815796	-3.731031222440344	-1.3034046082877273	1.4859547787283356	-3.791920116791754	-4.1176672053893	-3.688780838483411	4.993811441870022	-3.7150598638822774	-7.541648054950797	-4.858657876658357
3.027667833401992	-2.0772711813545075	4.943678877330161	4.865104873257353	-4.201745807834194	-0.8790804018969558	3.8110911678827097	-0.8990323802534324	-2.1820626379087384	-4.488362495260192	0.018714041821334737	28.3585529713944	0.9582480084478959
3.5193439628420666	-0.8171745285516927	-0.3866175570264039	3.1011453636673707	1.9865601014635947	-2.025806391314413	4.099052599654922	-0.9084000751972585	4.245887004128473	-3.96901153606433	-2.7002761230190924	-5.176705122581014	-1.971676656942421
0.43647600166232436	-1.2959739663058278	2.5488175158297945	-1.1720109473729123	-0.5741126066407842	-4.223520990343604	-2.6593626812113658	-1.7999110257857387	1.3192192572504666	-3.7387676223632624	-0.6832578566740428	-18.274006839158893	0.22860418530595794
4.142482573878771	4.900501688372223	0.3125608736147871	2.50459998095641	-3.8501169481732345	-4.405903980194564	-1.3421544349037062	2.765259846020509	-2.554442174010354	-3.1674499866503614	3.7843716363140714	-11.342866606149538	4.653978860317043
-2.6723392132161914	4.811723716739152	-2.875380510348222	0.5990371301574058	-0.5262742735477435	4.6368469673253685	0.3432353887364368	0.8636613478356727	-2.46128815268123	1.3370542186639085	-0.744962598019486	8.672877317109847	-2.8266880269104777
-1.6728187131237449	-1.7431166549418675	4.812730440767755	-2.9737900498217353	-4.285380298862229	0.44669240458552384	-2.5300520432978124	-3.7111621962697994	0.25781951160686667	-0.9037084821510666	-1.5333189555625637	-11.770395046742413	-1.1389285304566243
3.6774293966321174	3.1246506107221155	-3.128572887790603	0.3825864030635797	2.237454773501626	4.596123154397288	-4.709709885387483	4.9717714648043305	4.406190449560615	-0.5368944888841742	3.3330553728744365	8.75623203722778	2.655538194143677
-1.8122747269521877	-4.923160570834532	-0.9742594865661625	-3.0267620127591357	4.505510630243085	0.7628382377275633	2.9132407329514436	-4.325806049428015	0.9597760889842286	-4.980770145897392	-1.8897705040724668	-20.869130317164696	-3.0169731692608384
-4.430197567672117	4.623549313405636	3.2123537261418296	-2.7152885268081683	-0.29624871222866567	-0.3056699128161302	-2.9649574026660384	-1.9116214785471861	-3.193253501647999	-4.19093061601775	-3.441968376725465	4.213360323969461	-4.582047410278573
-1.0553664099395532	3.262126342307635	0.07800966500098916	1.8824610787792748	-4.75057595217887	4.782699551018023	-4.638972666134928	-0.9875338275655174	-1.776645111593064	-3.2821842552337155	12.498653422990444	11.799532522188086	12.691487955712695
4.438741117822474	4.031994062361196	-1.7882196292323926	-1.020694033280173	4.027367497879359	-0.08195362683622509	0.8732802103294635	-1.3727710584077624	-1.8843573859376361	1.752474083890288	-0.817334457536834	25.313044405580325	-1.4702729041525597
-0.5251894663564798	-1.6775678421577753	0.915419836734114	1.9382692467963896	3.182882230193499	4.191048431022663	2.621189913343751	1.1975739353239927	3.631344257434714	0.8429341771026353	-0.5776760403276238	-15.65659620019728	-2.0645989575750834
0.42023726387893845	2.512354895437748	3.6967422392024645	-0.42293443191888525	2.7517830570479864	3.615962704533029	4.375112114965109	-3.0895667623781256	-4.3173917425573265	-0.09644881556212237	1.0471175334569185	-10.323709856678054	-0.9140516814798612
-2.070542222753693	4.482980979094711	-3.551709856989752	3.701610195214041	-1.934943909667406	-1.880338003336215	0.7033250441899019	-2.2783819489648724	0.7901203451759642	3.3716885580881026	-0.7881120931790937	7.869467034803448	-1.6136785919308831
-3.1699462355256802	0.2200945439597195	2.832241821800258	-2.7874216823370057	2.775443280081471	-3.102902634770175	-1.9935716127202663	0.7306084257513916	-1.6835787481706186	-0.11252883981930939	4.582664760228389	-32.43278580944307	6.902035375552962
-4.231563679064861	-4.362192485978197	-1.601400772534325	-2.6660762695062457	0.33749600261889245	-1.7933696053698798	1.2498624261019362	-2.021730652534993	3.235412911876976	-2.151023351392427	1.497899931092024	-6.354393763393377	0.9333589194523937
-1.6605568353893418	3.9669458052774225	-3.1355801817162696	3.9682289253919283	1.9347359282198742	1.6391767437262805	1.8340471090232722	3.9435027119955013	0.0022548040872862884	4.45091524655456	0.09982321703256347	14.048849013953292	0.3471081463864175
-3.852332164011382	-2.85368478436268	-2.4942309003795096	4.384974138930209	0.07226376140289403	4.743397135801043	-2.226198234606971	-1.7924915394767407	-3.4596478364733385	2.70538539445238	13.055313881605084	1.5079008612323328	12.695231266845875
-2.4596907255301828	2.7532853526046885	3.270900150599971	-4.080349226173118	4.506502631495152	-0.9430564483845894	-0.5535525691542462	4.596531134723152	-3.1715841450923765	-1.4052981758031846	0.23919802220560207	-28.97363455703038	1.1525347510780521
-3.2534538099358157	0.2617577095493351	-0.1960401184852909	-3.839245548815806	1.8130188139233683	-2.4561294611775897	-3.7851508330597095	2.9748450338600883	4.81042514607052	-0.3060534324766966	-1.2969371375175254	-19.271198600264746	-1.8747003665389004
3.2729217705380282	0.5022836484458111	-3.3544796513851804	0.31596687628723075	0.9270209235417823	0.1649325907169663	-4.3776238973296415	1.1396758245854972	3.405738672294614	-3.368541738239971	6.241948520683535	0.4965229243801659	5.455945970533846
2.8352278301813403	-4.166206896396076	-1.697028245177762	2.6974041771401467	4.439002112437652	2.8359593397434093	-4.7426260757363785	1.9004113943663619	-1.9121323487750255	-4.033191223856748	0.119416120954004	-0.5928828035243193	-3.0923878890998906
-0.6665676383200374	0.9631769858938535	0.2950459259042857	0.19908299447236377	2.581034467430423	-2.083492224286596	1.2425049051611552	1.3687075058798932	0.9320368075344021	3.3270867641726483	8.33778308515272	-18.22619238582365	11.820713582534928
3.6570550808199975	2.8432766506513483	2.5864805006915343	1.4393439026426167	2.769751586415314	-0.7955977545086599	-1.6522537818106278	-4.7619179102776705	-4.911599446189023	-3.146099395773608	2.067580923630008	30.79637672880339	2.6835069262657325
3.9850786225655774	4.448275646593771	4.738359928107942	4.119805732906336	-0.3664528424067601	-1.6892701442744293	-2.535290511026218	-1.0832867994761974	1.4856616290162616	-4.392956384400829	-1.7993484147865793	1.2809637370884681	-2.711687051909882
4.039261931931858	0.30597434547350666	-3.4145128036237624	2.854599217107814	-3.2212244645735666	1.4047787147962518	2.405256236295382	-2.1479457708771257	-4.843884115844838	-4.99082797273196	3.262821209729507	-21.413550045853864	4.3708993192426595
-0.9338903687483864	-0.17191735450163925	-0.9259894878969845	0.024580301278831485	3.558739587931857	-0.6691181973769975	1.2714267984123193	-3.6615794729496987	2.1263505427130847	0.6932168006479786	32.996518430893595	17.985568930811194	33.432988975016926
3.5454966849826857	-1.8771022151096628	-0.9085082992665345	-2.5824486864730822	4.997298971513617	0.7220990923993718	-2.160040670448594	-3.8519304603640037	4.34770568471939	4.256017855571736	-1.5385147988092234	-25.141254360265556	0.8169809504476522
2.419101803200866	-1.9688323329620028	2.519884687209018	-2.1348485616206903	-3.7354920807207135	-2.786748624174342	-3.8520561285961428	2.122831745531281	-2.061806886482639	4.984450015876684	-0.43381479153741387	6.568363771703827	-0.7287358847996103
-2.5534068599046575	3.5584681281501265	2.4430462912145927	4.649114356139416	0.9645886098022398	4.463390408079835	0.6724290024029838	-3.411261781026748	3.1451189207369996	3.192003599491601	1.5505173221892663	17.004592033684546	-0.282052133361268
-1.1395256458115464	-4.819794912230954	-3.67082362060997	-4.975525561005761	4.517760990177035	-0.7579702303024414	4.863355847822744	1.3231903867164494	-4.731316282191116	-4.496472642194169	-1.3370894788739467	-3.122715732931679	-1.0952775097353953
-2.68859378604981	-4.8062560837851045	2.2509839820092656	0.22661137291675626	-4.580744288053895	-4.847785832216442	0.2945394737523319	-2.442816017367867	-2.553879338347209	4.404029049599901	4.058782413274753	10.46503430643395	126.64338255683248
2.965658520151548	4.442850281494618	0.7496970462797083	2.2557118135587455	1.7447600708679474	1.0259551932047604	-3.898672761155529	-4.09067400302197	-4.90053566045683	2.305701152367357	2.9126098562230327	-3.0945633098646015	3.7208581492910007
4.107423712248558	-4.569545346576545	-4.978240932426525	1.5603786482172897	2.326321003843085	2.0340585147054826	-4.282954025842943	-1.4695008792549755	0.19511923503633977	-0.0014203442805049704	0.8944806699898591	4.10200937031561	2.3745503443694806
1.5645122842513697	-4.314106924862501	-2.281025721296104	-4.502831318618394	-0.7875837348980159	4.034594927079214	3.025676006477605	1.425930513712773	1.728510786362813	-4.121392423630947	-1.5228088759757843	3.16092543757278	-0.6980819907665669
3.351252133595917	-4.087400178379883	1.0949756121216598	-4.318600706426764	3.797722682466647	3.605072155128063	-0.9811365554943707	1.7842595691090697	-1.7079813068207281	3.0677327078626497	0.9987632006342045	12.47471234776358	8.75576160813036
-4.976787255000081	1.0933951415903334	-2.424524476547335	0.6545404424203038	-4.909388039174648	-3.9430762313202705	-0.2338043636629692	1.0813397317530669	3.7501499974135317	-1.7393174629438923	1.6252956917562602	3.1859357637550314	16.707744317149302
0.06197007611211092	-2.4141100887178144	-2.5696799036512843	-4.205966082693143	-2.510663615969567	0.042616111402621115	-2.855408218309694	2.1716203941345666	-1.7452577024709681	-2.3098989089638335	14.69737717029735	6.451080083764328	14.563244221131635
4.132999467108178	3.044282275826852	-2.783323323921294	4.232854539697939	2.952243493844912	3.1921217031411206	1.273015892503362	-3.0050887770138877	2.6884349102254115	0.36495522753364185	0.7861295892698639	-14.390526644124487	0.7734701044652911
1.0457271923007774	-1.4686768404542274	-1.5392406761673119	4.420172198930587	0.14546310267282614	-1.355368962036211	2.1909723093630546	-0.09472782768464061	4.511465864082041	-2.893089783531563	6.7265474816688275	1.2751166268824043	2.881004801252179
3.732784784783581	-2.257871434828711	-2.1524025682980685	2.554008056384159	0.8868300180675002	-3.007714461248163	3.0131973944486106	0.9970978821471075	-0.42894659526809686	0.8173624399588348	0.8795576388650578	3.057002831593408	1.7065707353495443
3.377863980601804	-1.8122995123449992	3.4729974409642352	1.6959088688051658	2.6121405384386716	3.675827183716576	-4.120396828913336	-0.2821877958606933	-3.8385119618972965	0.816925545016078	1.0046777373533833	-7.358037738397332	1.3775290202369712
-4.938216226026292	4.349632963442785	2.7388032857785696	-3.7881819029694483	-1.4148283501824466	4.44900308084838	-0.42885500756022843	4.104840813729554	1.2250768127247147	3.5034911578666943	-0.578253237932308	7.703835103886328	3.3993406902149648
0.8492123836118921	-3.8810945278975773	-4.217163363800038	-2.9208989705909705	4.853513923107386	4.372224947388451	-3.967620922835783	-2.714159058248579	1.569057564806653	-3.500046268646533	0.5464521706188927	-0.9663883542014462	-0.36419636942368283
-3.7300398584929106	4.702559993518815	-0.7492221355631337	4.3950181929100225	2.496677361744495	1.6505190443566287	-4.635186731195703	4.585914510646301	-3.867497353001684	1.9649267202707215	-0.7620984844950908	-8.581171071882533	-0.3776835846699751
4.606132279989032	-2.9147138867456066	2.3422155668897515	1.4859365293647295	4.28089963614595	1.2715866819626909	1.5477659511324955	0.3753669567694935	-4.757634589831381	1.9071688710804757	1.207533235244167	-12.089711961288577	2.1431081254264837
4.508224909466307	3.0626746700938963	4.781947426284827	-4.250355954709412	-1.5323683841387945	4.133470907893928	-3.5974278934421164	-0.6206233143352682	4.302683230603643	-1.2038568419521756	-0.1304103989823603	-5.680306091162458	11.101503424149692
0.23922647915178707	1.8444925872711178	2.3463519223202587	4.696905412751546	-2.957935855175907	1.5157982221372945	-2.379842277892128	-2.1991338906815674	-1.8996966613415287	-4.852482248706991	5.02331986789152	21.05374478378228	5.989317799369532
3.576962502442907	-1.1835263708974586	3.2605388532156887	-1.4442206783886133	-2.862201457016061	-1.7870448878771592	-0.7190128629356423	2.5552871183580397	-3.199626964727619	-2.7348572457405	-1.3004643803832168	-12.644117154090242	-1.0536498078340475
1.163569421030866	4.835639948847652	-0.09645497661708724	-0.24266648660787116	-0.18137012006720532	-1.687730535054345	4.751201672724333	3.9876057126403666	0.4424793946255505	-0.8470146495810056	-18.935778640133297	-21.735058519111174	-18.797427049117008
-1.769396044630546	-2.4637253105338894	-2.674160290938267	3.1596323934506856	-0.19558378540643773	-2.1030634810827067	2.461662117641369	-2.524619284372127	-1.6877322972039033	0.5158163381432157	-6.1414089283376265	-27.14245246412266	-6.767420460738792
-2.716326046333543	-4.308317890874508	-1.1131574433450595	2.0449026392356533	-0.8575890242181661	-1.6550525061899837	3.471128872964588	0.6866122705410422	-3.2866296763173897	-2.4784925354053033	-2.1756378479488774	-26.044557673867335	-4.686399922101756
-0.08239708988767358	-2.607500948665159	1.4323190421489524	3.830444774317833	1.456759803901603	1.3757860496966599	-4.734318658166712	-3.642610463806182	0.4415499041808051	0.9072611420632484	-10.874170189902353	-25.692807272713978	-12.079578797908598
-1.3506866870837353	1.378398427671649	-2.2940863155651514	-4.313651822120387	-3.733125533852167	3.5915411628799703	1.6197528860741404	0.21392598599643264	2.4893853331001434	4.4148422337359	-0.9504820884157883	19.365985676587343	-3.3279975316094914
-1.0206854076785863	-1.4592617261796992	2.760458901756742	-4.4972613194585795	3.241105584920845	-0.4750021229478518	1.9870804964789404	2.04922915055427	4.289096024329208	-1.6949427054120516	-1.216574082537044	-23.74162442371021	-1.5872144508901505
-3.9162976267857763	-0.3255936663535799	-2.0808881735902407	4.077785645154522	-1.782191212002707	0.7320804514737667	2.5309518507620554	-3.5294506193243134	-2.9819988341472135	0.7297179067381414	-4.123095935536899	3.381779143700782	-3.3471263771188324
-4.862083695979807	2.8044711316139033	0.03103858215292199	3.217931107709134	-1.2649394650719947	-3.6311028875717453	2.0521645467530067	1.9852779203612334	-1.6883597026128316	1.4617728535017926	31.889073840811236	34.17877880976131	31.22491720559403
4.603437830325149	2.685136238251193	3.3498479656517315	4.39789445023562	-0.2023224556148655	2.1249438791888107	0.5210849478142645	0.9467659443209246	-0.8989768670446239	2.3641005060433704	-3.827053008459986	-30.802575399448344	-3.7501456419653785
1.4726487747551085	-0.2659438452609555	-4.904998218104631	-1.5046472635007402	-2.9081336226728514	-1.9745764811630053	2.2393808060213614	3.525492078580328	1.4413291779268533	1.0087290770599564	-4.293488185471376	-24.83444991599724	-4.093643416209455
0.8499825899243874	1.1247141803587368	-4.321956750376449	-1.7995611642614309	-2.9689787427206236	-2.8199945094554133	4.700934861689801	0.9242673190478303	0.13941665500713185	4.066432639060075	0.9417256004965607	8.397092025608671	1.459540894572774
-2.984699760251109	2.944892884451015	-1.4910707829058554	-2.658766090952027	1.3594258372996224	2.2868319596916518	3.624850441098209	3.1691208346913644	2.007748681405552	-3.971671516595461	-0.3066397687855287	2.223798440060827	-0.5126115900705018
2.715374492091941	-3.7967847864004645	-1.6534394823151324	1.4323812964988925	-0.18633255993201026	1.8745680489836536	3.3124103174166475	-3.8382045584236235	-4.254958609385805	4.084212167849389	-5.1685177377858205	3.5311487474239796	-4.986894640575418
