0.6199274830853695	0.3334152389779717
-0.008466995713750624	-0.7285143515206636
1.0829237144028108	0.02288904377255091
0.9276319110212942	0.32341810577419877
-1.5643922077817716	-0.15440448307431293
-0.608877511228462	0.01529747047384571
-0.7191293046069447	-0.11782241944041082
-1.0122750925203394	-0.00857180456181878
-1.05664250240455	-0.023029190194229842
-2.2172552090739295	-0.14606640753917347
1.4020742400008106	4.813997943257757
0.6182487038555231	0.0925179827254449
-1.2400581519986253	0.4357405779338587
-0.8951599393554148	-7.027665581518563E-4
0.578457354503281	-6.9160919209998255
0.38179752035500886	0.02635566962555585
-0.5430311611086217	0.0447244571962027
-0.9513613818896242	0.4159734529448631
-0.9277916885997994	-0.6051677715200893
0.45635814556227083	-0.2573736662199871
-0.20499186427493032	0.06753302281532537
1.5718448755369478	-0.7030251699725133
-0.8403414677301528	-0.06138322339810874
1.2563903689231288	-0.01514416107192299
-2.0191974557562196	0.06660734511002203
0.34962399582782916	-0.04514352609340645
1.0165403537275046	0.005430979198464312
0.32381553564240384	-0.04146185575709973
0.9934727550890151	-0.14180113304988737
0.10023420899656571	-0.3355379240535161
1.7097451964867791	-0.058305305789452526
0.7441477531139781	-0.009781793325111874
0.5800145708450921	0.10618883972295355
0.8888289454813808	-0.1343951868016913
-0.06935484261801125	-0.013710083157153018
1.3558110521039133	0.11342088983544647
1.0090854316573723	0.025130266403927307
1.773450144055054	-0.2583100791887155
-1.1497611050414158	-0.015625020144424063
0.38139831042365135	-0.18712467661146098
0.94507522536956	0.3191355497200389
-0.7987332391569593	0.1761517295775364
-0.9987888174777465	0.051853912784167594
-2.1766240747687298	0.09720559294201574
0.23672354211682595	0.1976936761045353
1.7938909331711161	0.05502903285532791
0.5514271028874688	-0.07674496902048887
-0.11409288094007689	-0.058108870431691106
-0.31812408787892743	0.09633084401157715
1.151348230808098	-0.2667833654170763
0.7292838220369533	-0.08722587983747494
0.7726603609102642	0.07476485941154173
1.1627346343146754	0.03396527381162655
-0.6288576618698255	0.004498298111346971
1.1416171582788277	0.06505207892373678
-0.1392967680414335	0.02872943194638828
-0.9239106986843795	0.10983525505762826
0.9626288511107586	-0.08084304743465064
-0.9176282766202358	-0.09546622449788347
0.30783498960405775	-5.49299172371078E-4
0.8627771910084714	-0.06905967756653615
0.4194535633116221	0.018277613924053977
-0.47751046311152967	0.32786115247504183
-1.186578143440545	-0.03696120575892245
-0.15317645798095725	-0.14936804895227418
0.6042104838937097	0.032921872807313485
-0.00847010307358419	-0.03897750701615064
1.1676345941456798	0.048579920067649086
-0.9999177655050128	0.1290747826868632
0.17182996897724695	0.004876976032901982
0.911140754759014	0.09345938405989461
0.9653273453784443	-0.04475437671974995
0.26203107422909216	0.05218399831481104
0.031205072208099045	0.042891683286397274
0.17604420716639083	0.05314795836425134
1.0352640347955357	0.005843580220886678
0.4578983319719307	0.037066055025067615
-0.5637058149584934	0.09684362912307293
0.1104412243748449	-0.05478978075172302
1.1484047079621866	0.05134645920927574
-0.23716529136246678	-0.05301840191585466
-2.5281155255658843	0.0026017055679911257
-1.226517734063362	-0.051143339152937235
1.3295990428198599	0.012435505322813015
1.0472064745950604	-0.02016259189235923
0.6176888651073555	0.003592706095030334
-1.5076168663812475	-0.02208577459816565
-0.12458891436349204	-0.03054787855868272
0.09080562023008544	0.8520997426927476
-2.3762682393209227	0.184794019670132
0.04085145082557801	-0.06988500023208345
0.1505258663663653	-0.2784082208160886
-1.3846047265853603	0.01646446429031508
1.2736066419450864	-0.0315301582480162
0.5720411793233192	-0.06538196271079325
1.7373806593040362	0.01016213000953167
-2.802285226055429	0.012962708884388692
0.5353835511885738	0.12134954669143568
-2.034653423328197	-0.07518470750830183
0.010062241159624438	-0.5315900350165579
-1.4957120812613833	0.4299337559360252
-1.273411060659137	0.13341321267304465
0.6717190877891001	0.04315714349412288
2.2921050904682305	-0.007716652645354777
-1.186753459175365	0.021508981171905972
0.3982368497681711	0.0326086332137032
-0.8489641181083977	0.04113851343352864
1.030052950960647	-0.016638711245857567
-0.3986009273899594	0.125997892937035
0.6311947970464643	0.5494969594109342
-1.5933840039081382	-0.022248669202669435
1.4960367534146226	-0.04206950354277362
1.9247264921170613	-0.013187290892887582
-1.3177934125009034	-0.051981483356872894
1.086024480121347	0.019109781376944968
1.078414059109197	-0.0661134698838758
-0.02270305287348195	0.11483245246030145
0.9853001546769055	-0.38340740911915033
-1.823542375792626	0.15068737838048313
-0.34256967492314877	-0.016209790672296793
-0.7956526815062964	0.34206629657110454
-1.5996145130200183	-0.025584008151926588
1.396476832318586	0.0269343207892362
-0.2574874032328658	0.11173065315039968
0.5022124783802324	-0.21746573801701755
1.1379767539322208	-0.017256209065896894
-0.6642449957482054	-0.05084547963145654
-0.2632660449889445	-0.03998219829874126
0.5947995278076418	8.519754855266168E-4
1.2217219394490018	0.014179379083825055
0.3704703391371717	-0.27420729408636585
0.4558936950330297	0.04008016727604136
2.158300595366589	-0.034688630609583104
1.0723124745484258	0.05671057821681121
1.3749213616166645	-0.12910893145670574
-3.0733573035173047	0.22205888160098378
1.7580673194643186	0.035931320244200815
1.2852142172233292	-0.031371737023343366
0.039141898759140474	-0.048716032402700414
0.47598191955040603	-0.029735647301992657
-0.13574184898689878	0.24824130547242854
-1.1237260784302106	0.10987042680095152
-0.2675600761487607	0.1390963038207495
0.3179496190332749	0.0026473245228395724
0.43825075654875983	-0.036261687417842546
0.39690373944034424	0.044390320625759296
-0.15941495586451185	0.28798460062295766
0.17774900063812593	-0.013736391138106489
-1.2759212442912578	-0.39669653431102625
1.9266527961895183	-8.63967793732212
-0.3683450238821282	-0.048458363126988514
0.019475984923764275	-0.7647108303243164
-0.1551796502121284	0.10177489399766461
-0.4366876524868159	0.011052833593872043
1.5058667262336058	-0.008412423175635505
-0.36928561024752093	0.038402439436172324
-1.3836158559059253	0.03648522297595317
-0.6683290281289868	0.17254185485716095
1.4825276650361023	-0.5433119942405037
0.4242666998606285	0.11593735131519901
0.7032219436047457	0.06364501319394895
-1.759904337611202	-0.5184793314259315
-1.8537789763336994	-4.389662734827125
-1.3807542969084243	-0.010899772596611111
-1.389438155413119	-0.0346446804020462
-0.7320891925007743	0.03564200631207423
0.5450705149015187	-0.10740144102826904
-2.160672812664398	0.10981266069916798
-0.8183238982211476	-0.6427191805916207
0.06237141049616938	0.06491837971751073
0.07904979607251562	-0.07059290397756113
0.6576734547542882	0.02195894349606734
1.5155245521182674	-0.1299722877169165
-0.03561022622450986	-0.08771225831556889
-0.18644100944570707	0.5868651156079977
-0.1807361526261777	0.40876172142651085
-0.4505068248164903	-0.011317596881080586
-1.2011754390562728	0.06062947331587201
0.3084897070300488	0.03600405210229943
0.49330209003414627	-0.004125262747631617
1.3628712004075223	0.011484882905876228
-0.9313902118283106	-0.047200795538231075
0.5635092685161162	0.16359909140153334
1.2535781275203761	0.09583950772255992
0.14202858815188546	0.133137332186691
-0.8781926369664905	0.03332232859698619
-0.8034152523977406	0.10074250203638577
-0.7870755683340972	-0.07467429976372666
-1.8267607717799008	0.09938335267603118
0.9382621106831127	0.19199040211090213
-0.383963713461435	0.46778319180195
-0.17357486083182413	0.04291833567063553
-0.04395047552717377	0.0038936467715583894
1.7285451351163656	0.02438440997143346
-1.6094220149325114	0.36832851864999866
0.9321191871148103	-0.07245781611203
0.6405062827626572	-0.051068398024157774
-0.006180180546913702	0.0016553333567897789
0.3202607902349644	-0.30337963531552903
-0.7163069702231367	-0.09926683965211094
-0.41004940664038303	0.0538691810172343
0.8642210178998145	0.1390644687308892
-0.6014393675252153	0.10471836769535427
-1.6992108521580618	-0.024768382687922814
-1.0413291384825667	0.0015895395973481504
-1.5886121529428878	0.3098198499127864
-0.4461636359276393	9.586537028388965E-4
-0.8187044870942938	0.023882244773924994
0.25101699184220466	-0.03319671968199671
-1.5374614244630884	0.20373454560472146
-0.41046916536925554	0.028500227000483495
-0.9519969247372387	-0.08870836418449236
-0.6595321074017984	-1.871745905223493
-0.2532912964546334	-0.051290146155507775
0.2658258721062556	-0.026063950744991442
0.14995894078756425	-0.015976221743766558
0.29390772619588496	2.5671846178637954
-0.09039149524391903	-0.05162829100705962
-0.1446048181387519	-0.02701948071762313
0.419443868781976	0.03983444502948889
-0.001902258811097021	-1.1597311326990522E-4
1.6357374475243052	-0.06194129162519996
0.687493342813095	0.18164981568228408
-1.4256462004464758	0.06439467211402893
0.1308514316978087	0.1726075154438804
-0.6391301294981035	0.12562928970710244
0.31372285081648615	-0.1957373588778924
-0.5060514531003436	0.20065177508736334
-2.121877467856606	-0.013383694289274401
0.5505657352543317	-0.02118259869287134
0.23827639933906675	-0.09757872185934217
0.009283145660101745	-0.16883252173241378
1.4233581255569756	-0.18231073412617327
0.4959543805938145	-0.0054361512928702265
-0.8479121044416731	0.02083442386825973
-0.628416561475235	0.23534544099754254
0.8636164812155239	-0.14062582477322363
-0.2749843304706573	-0.11447914522420961
-0.9343789774162555	0.013249880555681128
-0.1583604639683602	0.021568736011786462
-1.5367266515410076	0.12818910474682263
-0.8477043708993499	0.03783256993595667
-0.20016560590102553	-0.17848261281069364
0.8753731292326904	-0.01418458410899754
1.0747398143611469	-0.1435841265241877
-1.6841348131998997	0.08090758902461492
-1.3045200623511968	-0.3912663916177504
-0.510023419795708	-0.395353390172303
0.3440037736011568	-0.1675004381146532
-2.741930389613878	0.09261398959893045
-0.6454530214860026	-0.09620987035189012
0.48261671414268764	0.025555167522035946
0.37525555110135217	-0.02520052364264511
-1.6814068470483645	0.1894103445601902
-0.5433991230421331	-0.05474710464176177
-0.4526682439147943	-0.039345073913289674
0.8025434188899341	0.060161264716633474
1.3768159389119128	-0.05659378778309443
0.14389743050640041	-0.07372094282955217
-0.411595275724332	0.008959214708840191
0.32265628720051764	0.13916546179995623
0.6962939117180988	-0.035196391529255876
0.31710915962221836	-0.0829294522952359
1.9122470042772024	0.05639787174890489
-0.22851125672296826	0.31184862602082125
-1.8178855763274473	0.2439860114549301
-2.691616673000586	-0.060274142414620556
-1.6143104249088005	0.03459205560016296
-0.8247268647369516	0.109890717254235
0.3879465653361977	0.04280720515989957
-0.09186170478912091	0.10027099904988084
-1.2470664498769746	0.08345900714562898
0.4439282436592652	0.05075377004494332
-0.23663968450360634	0.06217133818885424
-0.533879932865787	-0.02442195970483845
1.1590809025146767	0.02200456340138941
1.2096825579331498	0.6816764244886167
1.2643974208922373	-0.0077184345155079616
1.0519489064974337	0.4960006552518351
1.2493911511061226	-0.050696043824228654
0.7198186733474246	0.2922113805020058
1.0765509423598767	0.164483797797123
-0.9625114242990085	-0.030226328698876766
-1.8588822105096405	0.2871874841301459
1.5059678452682765	-0.8432844672105596
0.7332725919068336	0.0314722270555106
0.3263163054231866	0.033462981967215255
-0.3595211334465755	-0.01061309028703132
-1.1418914412863639	0.163315876367739
0.22704240995201097	-0.011004223056968888
-0.6048811686789115	-0.16133502621974036
-0.5763153798176521	-0.0931547995163823
1.4661976817595512	0.15396089171457505
1.004372044393826	0.06365394337607604
-0.8633828846904417	-0.22707084381313092
-1.7221241070563773	0.5818150400886073
-1.2876399578438018	0.07935258415860988
-0.35559133076246285	0.03422581808719154
-0.2748733083892083	-0.19001150187237675
-0.14956631097961606	-0.14402599827861087
1.5041850136840194	0.011496270664003676
-1.1632311849618804	-0.0697566388577632
1.8118980593246719	0.16201353887699835
-0.9309263868927664	0.17553064851408728
0.47416201048377543	0.18040019053007023
1.3399969623270547	0.13208654863577954
1.061591567455738	0.021324399560484163
2.4862429771986756	0.23131505174748945
-1.5461755206291716	4.305882695885985E-4
0.9103544100418053	-0.7286560783173233
0.001818164579960546	0.023926137423719768
-1.3633097508170324	0.014535308356096363
2.5357709233491277	0.23595489230637695
-0.5857472166587387	-0.043014918497363386
0.03337427935152731	0.18816923511197503
-0.35556083388626464	-1.4140710610377818
0.6541018609571908	0.23859535375456578
1.0093717042867931	-0.08430348571855872
0.3583304345010489	-0.09024765506301063
-0.21856065734054025	0.1015142184936136
1.3818806008067552	-0.0015196013695749618
0.7496103670344171	0.1295044769775157
-1.005577981789959	-0.11268636207305792
-0.6275457575561944	-0.056630055888697906
0.41715590719094536	0.09234928066696307
0.18279693328342572	0.35990188607281354
-0.22890902806006186	0.08097731709584224
-0.948328562106508	-0.04072331124636871
0.48739536647632475	0.08227036730887359
-0.9279424008956391	-0.02127312698105757
-0.35658662126187146	-0.4756119524411129
-1.2440817940641706	-0.02049161206729948
-0.3282218810483583	1.0270408362541348
1.086936854135353	0.05253025371370199
-0.25648186322330707	-0.036034498238174784
-0.3081262438543847	-0.03004288942114867
0.30065743646070076	0.06406895490034341
1.4238218123523654	-0.6237485046464165
-1.6736693659051258	0.006299872105729241
0.1310598787624963	0.12515198296131239
0.47749262830939115	-0.0483526856736404
-0.5032406141793248	-0.51014255691783
-0.338415824563833	0.19740534742045218
0.9149682531255202	-2.3267725948403304
1.8225077273479708	-0.020576719014987664
-0.5732448892020937	-0.06281573200858265
-0.1845161372457235	-0.11509488413977767
-0.6966771836037188	-0.09468107157632981
-0.2572786179190039	-0.02564719534624313
-1.267821990004976	0.044326021606916115
1.7112650252404855	0.007674471764314636
-1.508600000806428	-0.25059392316064405
1.0921669618195822	-0.1514866959299819
1.0201649079076909	0.06109120717322674
1.3843015820652123	0.004069110657613086
0.13372045154452286	-0.03908776079757629
-2.0833611957218663	0.037612118221143354
-1.0907170829463724	0.008903703428867737
1.582778287660583	-0.022971090085937597
-1.6098221602018539	0.025448019432087236
0.6401241949056232	-0.02365678857515845
0.08588330394920966	-0.029894559760703404
0.4179834753969943	0.09676914518024606
-0.20944305044461836	-0.03635364210388196
0.5384480662069924	0.04676293929719621
1.487032069770177	0.15942789944170235
-0.2953002775969744	-0.013664544390542498
0.6895642731921798	0.06973512547446871
-0.6921573559227864	0.18853828517303167
-0.5656883120381863	-0.08623714337956041
-0.14048641475423623	-0.009039769397419161
0.1598986369201265	-8.617239870925438E-4
0.893390370010726	0.031643325556389955
0.3448002795292105	0.42514457023437807
0.7710334658433693	-0.46249520115466963
0.26729780753075105	0.2991494750599832
0.32572959705986343	-0.051923735428901455
-0.6687211755751515	0.10553297957117967
-0.004928379696074126	-0.02491719688109208
-0.461712035382216	0.04600937882853719
0.5493352979647261	-0.11368657285585249
-0.6027667640448993	-0.050400719864150324
-0.9629280797877399	-1.0043232104651654
-0.4112375008907542	-0.054982999342925803
-0.345871888237202	0.02685689205683469
-0.23493468072375034	0.05021545927025993
-0.6113779099317864	-0.13621270097451135
0.833191705140861	0.2721499757738646
0.2728782105449699	-0.06191499836445144
-0.9859716051395474	-0.06727105008725066
0.11081821634470523	-0.05282555386836271
-0.8155814247094956	-0.07995647199489078
-0.0632568115285695	-0.3863609619745307
1.6227516479337294	0.023500771984451177
0.8986544456044901	-0.4546446099448491
1.5042037015770073	-0.0743956508103814
0.4915441879439403	1.137062583503914
1.3688409781714284	0.06689811717223493
0.1814710676959756	-0.010652800704885564
-1.6440710866887367	-0.30664849402920996
-1.130958585647609	-0.00949070885112821
-0.0415618877648062	0.09533187819359301
0.19174836661241898	-0.037424918953817186
-1.4149424641403	0.21606702014634394
1.647200148771523	-0.34289089804317996
1.4712518645043418	-0.06235947676626456
0.9245795347398064	0.062300302480260854
-1.1628755880982462	-0.0657834686067562
-0.3336571496741311	-0.1077334969223747
1.0319980039983174	0.3823936992606815
-0.5826285977059744	-0.013162082900354309
-1.1001226045668373	-0.06472142532077038
1.4767611234094555	0.09692453409090857
0.9350119011253046	0.010987805019450797
-2.523571166145882	-0.35444416760027303
-0.29938809787955756	0.042545697933400746
1.292304322636314	-0.15574619028901163
0.2792946373333585	-0.08656726792343052
0.6252808624728151	-0.06261499862031421
-0.043460119582175376	-0.028444341896534227
-1.47114847967989	-0.6489664873026857
0.5628824441057662	4.1168574726793016E-4
1.7710151162433254	0.1636556385176532
0.6693526521660467	-0.07535300576835666
1.0501966749362328	-0.04470675848830954
-0.8661217194115073	-0.023010482504464053
-0.923738378633245	0.06195894520548294
-0.7795964793209265	-0.09411221126721774
-0.7747975051102052	0.06984577788122653
0.15935765826092274	0.03491462973758465
-0.9884989517665779	0.16366928826132615
-1.925523491602498	-0.048999747240018134
-0.34184453968666806	-0.3360208588121237
-1.4324581847361832	0.11082667682388075
0.1601606843200506	-2.8124707433097047
-0.35833354487991986	-0.20522524579468193
0.6701242490728179	1.1341455422301832
-1.2312822383816864	0.01602875737697032
0.1648586930965174	0.10517812904241623
0.9251681295329739	-0.8668763943023068
-0.7990579024138319	0.06547060478376453
-0.2552869293102175	0.10722420912674455
1.0159740213872264	0.0030154667677553663
0.6985231894798994	0.01972675938243863
-0.1820026140770091	-0.0734368309061648
1.1421297318083836	0.09407368209355904
0.9445772183396629	0.12096017944547537
-1.5591660649333419	0.020453442111350303
-0.9870520887969082	0.020279055245136214
-0.6008902954614445	0.010365414137142029
1.4426989375472943	0.08303302184648517
0.14789707828620513	-0.1580872435207891
-0.9754688352548085	0.08484607257112169
1.2682461014318254	0.2550813482461762
-1.0088171888160344	-0.10120102321182463
1.2378243561191884	-0.011353311109504206
0.9104555974485324	0.29683557995913606
0.3394321052541311	-0.06498796106082733
1.1339515227702985	-0.10175725880116164
1.0452974899273069	-0.28327725537949505
0.4112645159518339	-0.12201538260890542
-0.3294269848123485	0.29727992227840994
-0.03251960638839269	-1.0381141447123894
0.41375297476363104	0.12005246221304378
0.0840710680593214	0.03662488120558391
-0.9671520669657724	0.126714623671886
-0.39901273805634785	0.04369246648273911
-1.2617581126727158	0.045363884449724695
-0.8881962057833585	-0.022500971636642417
0.4947863187587983	0.09268136628784451
-1.5821544725731262	0.001128844933939415
0.7092075905540037	0.055658961011907836
-0.6335408471067998	0.050690372595481814
-1.2788848985427772	0.23178192620661872
-2.0315510457120585	0.0063733511294062585
1.4862574086009537	0.08870710317044724
1.3304185984581198	0.011489723702911884
0.30209293861652914	-0.16863052555006897
-1.3060684994836096	-0.051381125940996426
-0.13718877847510616	0.05866179662416167
-0.981981567887717	-0.09861645289005476
0.9671835324395347	0.01721475865483061
-1.309491658373577	0.11478938126880282
0.5705188459021777	-0.23038672148710143
0.7414932492049324	0.001623792999241024
0.6534672924524495	0.08990796900823768
-2.0380606588414034	0.09234677468837366
-1.8016606264667463	0.0500600520201866
-0.5135772293901966	-0.027736196970787448
1.6597727103702071	0.26748523443434313
2.250304576696535	0.05714423218044973
0.7368510686714895	0.08827382872780429
0.46726400141239643	1.229423710497232
-0.7664555209496745	-0.1515257890375357
0.4053204563022226	0.06806971860546436
1.6615188400090912	0.9166505953098641
2.4759571738569996	-0.026160959754565834
-1.7353177434027427	-0.11241015236485101
-1.6103710884292644	0.037417415823030514
0.0051771423720588395	0.13016439424431536
0.46935866294319467	-0.0759365074061789
1.1128491051038423	-0.21623597852355364
-0.9480528495763368	0.06867099730695535
1.1067858440618736	0.021120633339738074
-0.5438175429332085	-0.077674867650149
0.10476858127493366	-0.01245397749792029
-0.7404115826657509	-0.03998308190649571
1.2005594628250809	0.5498658336624056
1.4021068648164474	-0.059194092648164866
-1.4846383154753453	0.09665603764501304
-0.027973929031384515	-0.05250909488319818
-0.7461028799535465	0.25778226143169325
0.02713272702389631	-0.09936583278582076
-0.07011079913421653	-1.0254032565377205
1.1680695509090735	0.051077327232557035
0.5099570230805918	0.23192339196976489
1.2972013358083796	-0.01664569829785799
-0.37793688554209137	-0.07481152445069111
0.5677132531307467	-0.08104728419635955
-0.9793060948662207	-0.03285282338352362
-0.9029561830314823	0.004684406828102974
-1.6913493641393154	0.03765409213647938
-1.1853903437814612	0.1046215132190429
2.2280625075063	0.20526128265994886
-1.1054710156270915	0.02292151801753614
-0.6026128016085865	-0.0032346231004290347
-0.1664324654575367	0.15459369189043756
-1.2568314133117586	0.3349454709159049
2.1048786558451207	0.14401425904341833
-0.4284693327087125	-0.06885392352359802
-0.7425857518338498	-0.010937206154832077
-2.016904754576372	-0.1426079241002618
-0.41788730081225567	0.0223418235873561
-1.9326159804285874	0.06185916523361439
-0.19192251473690503	0.07870940645061986
1.3570012094180024	-0.017561958858028272
0.36296640152491694	0.07647870814120794
3.8896318130613925	-0.11088198145362105
1.1055581230482139	0.27028761666435397
-1.6540981016699288	0.07053156754688261
-1.5057248410737738	0.007453139525780052
-0.7422749511771571	-0.14721343730642444
-0.8739848622820446	0.03145191222498103
0.9030898657562599	0.05471106123089497
-0.49293161979875394	-0.21616966088504458
0.8453340522036701	0.019046676950081796
-0.834497622578968	0.35737841887370114
0.29481978811600923	0.20160120188273709
-0.6263994392189028	-0.09702514375399399
2.322172502914013	-0.018344012173294576
-0.6325505361604581	0.035186578010185564
-0.6698834732011966	0.21180581850337407
0.4984947726003531	-0.11866112759759916
-0.6151741071990622	0.3580883517132784
-0.07914937495207773	-0.18995907610665164
0.5990323423440396	-0.1083129709983524
-1.1700929192287175	-0.09699502304588307
-0.11617353440905563	-0.14255848799027035
-0.035935772610498296	-0.012137272316348317
-1.1648391308684194	0.14239659931145293
-0.7861035384589304	0.41596340268631377
0.2533197321699285	0.5537178262547813
-1.0180896952399516	0.02568201811625315
1.1666201727469196	0.1031813447728379
0.7966352793244871	-0.0066299944822211885
1.5618195547505893	0.058761379389801645
1.646348780492485	0.029503133486014674
-0.2065485998753227	-0.008848029878188788
-1.6588901406492689	0.1393904201361663
-2.0575113938617395	0.0031647497002001384
-0.17365295894962599	0.005257910012096992
-0.01483590017079104	-0.015940894705382333
-0.9818786506581701	-0.09155202895114892
1.8320769746369832	3.446362174808094
-0.12077390362442383	-0.12340533330053495
0.7962039738787072	-0.08878961313519064
1.1270855680685297	-0.11026797059207186
1.6858949315897263	0.03816311524681368
-2.113318120445859	0.04284446475943917
1.6650520718342863	0.09103350089397037
-1.0873755281979338	0.03134434545356649
-0.9909864026368813	0.07441574338976999
-0.13878105735405724	0.04718286089138247
-1.0402047776969632	0.01950696258735124
-0.8383763427462211	-0.074859777048972
0.5713255493337073	0.32734929787272077
1.1256441451601005	0.35301458205687336
-0.7277213297325342	0.11086408733345371
0.9773859142061202	-0.016619699981416457
0.6838989818864809	-0.03031318999169214
-1.4745952621334084	0.028065953593188666
-0.12411380174699259	-0.015856640314808337
-0.8203591974027223	-0.032729526740689484
-1.692802689262548	-0.1886040029214327
0.7782359338531369	-0.04558715073557436
-0.10810470991780369	-0.044584054195695624
1.3202585449323614	-0.02211820451103589
-2.0543615440639456	0.0758989824664623
0.6493495476555505	-1.8249332966412593
0.06497984734153658	-0.08574746586994526
-0.9568661910547787	0.08290772702190903
1.0420198273669685	0.1862878520815644
-1.5857591641241833	0.09400520521246707
0.30603603412382735	-0.05798360068794469
-0.3116918657355783	0.011129766058086035
1.9870491827432786	0.020745703372349367
-0.6882398144802011	-0.016408846369666465
1.9408419243196748	-0.10106374402380165
0.9811355970255143	0.05047356390641788
-0.7026981422652279	0.022259413214985927
1.8397155643876955	0.07675371223349961
1.5638682063420646	0.018000938238852997
-0.2270970995295674	-0.046206161841227715
-1.0034259515905175	-0.11144937861032078
1.621131738956296	1.7872600369776104
0.9228201348485409	-0.008196762462669992
-0.32128274709685833	-0.04704266741683265
2.5752895358906147	-0.008589437985633153
-0.6231619991614848	-0.010724944969467503
2.8919237681075223	0.03245395821919808
1.9767878545542716	-0.0172216496233602
-1.3772488077878466	-0.07081022419271413
2.6405809404426686	-0.09931812575662947
-1.8836560746588022	0.2602900124346767
0.09414833440529882	-0.050975673862533676
-3.1333571099111546	0.016750336582453
0.6912510478487026	0.032581575318979296
-0.7226645409073935	-0.16012461160865363
2.212291792779615	-0.1350043451906529
-0.2820711888682372	-0.0847188543440702
-0.5035899275899894	-0.07048856530223176
-0.7177000673098386	-0.06606585762011767
3.2809100768748327	0.07554797804471469
-1.5448209277363445	-0.04388205372624205
1.196259263064699	-0.19567491321993688
-0.4006713177577595	-0.10325347671587586
0.19304471294492606	0.03366264123315478
-0.5188068257342132	-0.04923941279233927
0.06123801563671542	0.05388696557833401
1.2463828910576011	0.007317569672955661
-0.838215898048915	-0.36798751520468276
1.074565632867681	-0.061736667829665866
-0.5104993471379548	0.012101645714994518
-0.10626957871021234	0.23467871693172807
0.8305849787091625	0.3137117620360874
1.0695100142027565	-0.03359670991500027
-1.1828864150987985	-0.14651899627308929
-1.8241737858606322	-0.02619831919790477
-0.5035536739160753	0.0059391434327501925
-0.06854050447738332	-0.027462892292274138
-1.0031132443332202	0.523517396721088
1.0759513800662255	0.05763633635117586
0.9008478758827614	0.04438681906362882
0.08198677129147891	-0.04267648941688274
0.5922493676652331	-0.0012850582520878059
0.4059058725103671	0.0025355322849766075
0.3696549377112052	-0.055055391352526364
0.4170314415830037	0.08289381750837496
2.41904213966836	-1.1990387088340915
0.4536381512450457	-0.6417657154542094
-0.9315052521276735	0.06343694567577386
-1.1730286152175908	5.0918716966857005
0.7222485163678757	-0.09089618497879003
-1.369465274970905	0.1225296156705966
-0.9328314621592766	0.21872177273566554
0.5213708936903799	0.2499019760165097
0.8129054192937003	-0.02834669115394441
-0.5204120629300188	0.13250879092337092
0.8644589908068772	0.2965097462872559
0.05522601358999365	0.041091853748352496
-0.18287688955259648	-0.05586080584026718
1.1617300025936959	0.10413972478664786
-1.0398074102110466	-0.03783083573862068
-0.3376572910245298	-0.029017613456175127
0.329300237108244	0.0886777346134943
0.43725694454432257	-0.0655208667013304
0.7670182383927615	0.09074485209598979
-0.04559919931142245	-0.09226214575513804
-1.1922856031215192	-0.11885530187047487
-0.5856139802375419	-0.04214939117940299
0.34289695319771374	0.008240446441320595
-1.3282368470254278	0.18620331721247188
0.15433649274971048	0.10426475143643768
1.8492333943448733	0.48465491242588726
0.3159851826506381	-0.028320223719951167
-0.684702379206948	0.1288213708908446
1.4790559370018979	-0.03451607184260991
0.27055768308791406	-0.09042188283059624
-1.7340248444751014	1.1446434897500555
1.514908881883875	-0.03828665676545325
1.0200638294802409	-0.04005028041314565
-1.5099052851456918	-0.03698061333280299
-0.5405055809925902	0.07474430057414183
-0.06821038956371471	0.06236421854658001
-0.4401288685358414	-0.10392192160781295
-0.17907970300206963	-0.7248728048708715
-1.4766677058337072	0.18877928245026943
0.6115880652361039	0.026025641485405388
-1.5298787192403842	-0.030552416809315655
1.107898193444694	-0.2245170220974876
-0.6275333222422866	-0.14310782760880944
-1.5290541327246046	-0.03581072681442172
-0.49409319676259655	-0.20844257674459551
0.38542888911627843	0.0826027397002353
0.18788200854177184	0.04910888358716061
0.52163257852626	-0.5320455555892037
0.16498223338981707	0.008716098261285832
0.43130138713240473	0.34527072464219666
-0.07474977337714558	0.009100206574427836
1.1438928504631178	0.06346388217471992
-1.323292037178405	0.019985382893499794
0.3544154107753544	0.0139942647563509
1.3738594912020883	0.02260506894949295
-0.8311824679717602	0.024786609259577656
1.198151971170737	0.1376660831224514
0.7458523138356417	0.018460211527986575
-0.40118398280906187	-0.14964453394049423
-1.6695061877072388	-0.04759075728631244
0.8573667691170824	0.5517847744067298
-1.047333246324388	-0.13045545872339856
2.3996750359605232	0.07093133471038224
-0.2998955278859489	0.0047767113973810026
0.008212826474728803	-0.18049945355278837
-0.9598549087236949	0.012230905797585715
0.1549427026867526	-0.04700797022649231
-1.6742595330479495	-0.04026743349185614
-0.3322499251998657	0.08827615823124184
-0.45164717591811593	0.07139547216967261
0.1939987658288721	0.006182514303927205
0.5725889590871264	0.65865450576899
0.4834077177963099	0.017424361907124094
-0.30920613016901627	-0.04213063619429346
0.48934110241807127	-0.09937582746615144
-0.5201731006980017	-0.013981023298643631
-0.4087722559019474	-0.039820939593922945
-0.39052464599213865	-0.056976656110988594
-0.29785747797282763	-0.08036459012216171
0.5068793752730195	0.06347110327484752
-0.7290088483005337	0.03120600977925409
0.9476242636674562	-0.567891515889395
1.2837097199355243	0.13948023981151514
1.3241085922811573	1.8208183530348179
0.0541287053783915	0.3140233623050962
0.3535670084738175	-0.1377273181893595
-1.424575687679215	-0.16237594241129266
-1.1866648210393775	0.1096593673481003
-1.828129951283441	-0.049030989565183855
0.7319810866002653	-0.05465732609853584
-0.9550379838570752	-0.05951942114473876
-0.9433843546888544	0.0023329430453408917
-1.7585308410195684	-0.017457428158009547
-0.9386442619034413	-0.04210152829698955
-1.4680604246404807	-0.04590845880129198
0.8936651590489985	-0.22740522258988974
-0.34102218358711667	-0.07577070663760668
-0.15421133122028655	0.1135798745947516
2.1236043637971616	-0.02886803597644999
-0.4592040662085793	0.08402772686306477
-0.10823954134891088	0.05069681269790152
-0.06952426288307664	0.3873243216258103
2.9192553927941662	-0.014259072702727442
-1.0914913545738805	-0.43066967578099097
0.4968989246087279	-0.07109635317970774
-0.6425595012636024	-0.06092380411617693
0.9402373540091936	0.06809959109314016
1.3995921261288566	-0.003043114370867367
-0.13011580017478291	-0.0802097730714706
0.23724358465317805	0.35753070199491943
1.9137137882896718	-0.09659604996764659
1.7563872519853427	-0.028160796940300065
-0.9539110374052463	-0.23948773364107084
-0.5531349250207821	-0.09273250511047024
0.8028358526083034	0.08975137817224225
0.08715507946180917	-0.06159960059279527
-0.3642308816830716	-0.16607973415746127
0.587751622031254	-0.06573475900133698
-0.897652431989	25.271343707912287
-0.7177710079463138	-0.014872372720399707
-1.0434674031302316	-0.19458614309918779
-2.7142052763482196	-0.24070846255241743
0.9688310010833405	-0.21028372419399066
0.1815426384241787	0.03884108568304554
-0.7291255616768265	0.1283770475871057
-0.6302205138663785	-0.09356781126086113
-0.3344371218938405	0.008413507573795265
0.792278401305323	-0.019177413561384894
-1.3409869396511538	0.11465406006206674
1.0707783736864591	0.08528322769384429
0.061610417698584004	-0.058195301787383295
0.875702844552202	-0.09598873644611583
-0.8719427085908845	-0.08563548418233138
2.4170534337510845	0.07613284237971583
-1.1660377300632945	-0.1388520392037268
-0.4654786462127992	0.11811922573867314
-0.9240445898874549	-0.04399232303335535
-1.1089870829096686	-0.09641392103346523
-1.2711923969081098	1.4459080001303184
1.4780029118769937	-0.030169559458774513
-0.8663056700135688	-0.06211315736537174
2.253543119707011	-0.030566957615698297
-0.7379489963399903	-2.2264673756303828
-0.5486533533444266	-0.0640366206979138
0.5736750077333042	0.20724679877027213
-1.0326312150380734	0.012345243404465234
-0.5182154476335343	0.030294841922337477
-0.2947900658278394	0.10702749315927666
1.4808323524100955	0.553609454619879
-0.05285566367617143	-0.009864034854940413
-1.098330164645875	0.31502953206684803
0.4136656196967103	-0.09620631108175544
-0.35721712205441936	0.024881572872386987
-0.497567932176291	-0.1071344154384218
-2.155584197862157	-0.10505246758267416
-1.4124473434220324	0.07477433209106586
0.3755662028338743	-0.8316453861673184
0.8645256125469158	-0.011645413753071375
0.8201410013239214	0.028635315182283697
1.195163199998158	0.04013513874569321
0.24397234685931488	-0.07910601157700786
0.9524161780041643	-2.393874362389132
1.3569719507756721	2.534359927541461
-0.22847293099027072	0.008082493978055216
-0.1478587148446541	-0.06690914767788957
0.5825303629473614	-0.15499603881461438
1.1220774238502864	-0.36265615997562256
0.3480306123872584	0.003283675666217265
0.08393092203643182	0.5308704399437915
-0.04180703687594149	0.1825586245625437
2.3319887431107555	0.20892889199951287
-0.9291219912720454	0.19264675183295377
-0.2019790768548954	-0.03962847962250297
-1.2205719847264391	0.014467837620570259
0.6736891844364792	0.9164011916213516
0.07798257409574048	-0.060284448830719664
-0.1319941333383928	0.3129362061378657
-1.904555804519017	0.2400498599343634
1.8116589293672913	-0.08586518994465946
0.6078672813995172	-0.10042389174911767
2.2265849700126283	0.05243468307794447
-0.5544890589805118	-0.09064033703931597
0.11721745378889672	0.18290483984859862
0.45238771719176274	-0.05775247607275017
-0.7239505427794156	-0.1381366904755055
0.30559359424863947	-0.15272152829100372
0.21478521492332683	0.06720428549172384
-0.5571493289312905	-0.12701026298132273
0.29673514563353903	0.010718067893121628
2.29174574517908	-0.6295466156852082
-0.2579265626924102	-0.052832472649419586
2.1961890444400325	0.17766154135273138
0.28571342318445847	-0.10517515718082725
-0.11720951112826125	5.012503585268184E-4
-1.3043248682537587	-0.09879595612803323
1.2682470995919335	0.08952202335381787
0.6903339799062213	-0.03771422805352686
1.326398166643058	0.09130907260004967
-1.263687411685367	0.007023934087603859
0.7189581137381224	-0.01546785993439076
-0.2462952198589575	-0.030977987450445506
0.012093964771444936	0.17740742693706593
1.4730913624676103	0.04123297624516265
-0.41366945786953707	-0.007267533506719721
0.5709179266596421	0.15235166573934966
-0.6032401912622672	0.13876699617894106
1.1031918203571103	-0.14069801777429
-0.8516672914383647	0.014990824922561638
-0.15781503931492546	-0.21639737980180476
-2.093979369497454	0.03786434760957223
-0.24067144772443638	-0.01357075226277133
-1.2330819026761677	-0.05552252570111994
-1.5193286386311826	-0.12802011859988263
-1.492695666967237	0.5644229297352527
-0.7388804744049664	-0.09268598729275722
1.5333727712227352	8.81181479564061E-4
-0.5136328828072416	0.033782595820970415
0.19822829476093665	0.09601655248472518
-1.273776944936364	-0.16115869677368652
-0.358211788007566	0.17023362090541366
0.4708643393853965	0.013166013310058572
0.4663534751617151	-0.08967161015826668
1.5072172871782292	-0.046879284493836104
0.5557917042549919	-0.03685244626036471
-1.3523726476109958	0.07175417130099021
0.5624775641909067	0.02160712604783303
1.390608920287957	-0.09372130876935704
-0.3914172308123942	0.010532930056421324
-0.5041150797957736	-0.6338089634010238
-1.4484114329993236	0.038046630039182905
-0.29244874434594254	-0.04721993955723434
1.2747359456895286	5.219391636916475
1.429603158976397	0.10674331765237398
-1.568594748584945	-0.5977496767172316
0.1672820586294552	-0.48124390460601746
0.013256322717249244	0.17215344652545486
1.1642107906512842	0.16958398913690687
2.1040418752644294	0.33119509819699433
0.9190238775637241	-0.12265789709851342
-1.9413329521396774	-0.07612474522941279
0.8216399454981591	-0.16283760292895658
0.234454827364712	0.43489089995666097
1.8728029748637154	-0.2460466968784551
0.984936932124195	0.07304116094904398
0.9565494125327879	0.1693319702631391
1.354189016452313	-0.01622979197101361
0.348342956902353	0.1944065066564681
-0.1259244504415453	-0.6719751347202152
1.2107810520541347	0.01242201201090261
0.713817961905159	0.015703190366569045
-1.5789058021863476	0.09929414993693798
0.26203161549739834	-0.22722904883007236
-0.9173970602038926	0.0246090555943972
0.7202575056504086	0.15965332910906796
-0.14556176617903563	-0.013147242019524118
0.09177717308416344	-0.026825270779377706
0.6268708101344302	-0.03488626249948541
-1.8285651675363834	-0.09794835771965424
-0.9688441238231134	-0.052982873644025645
0.302445098487784	0.10228628968046301
-0.3005749652808647	0.09160980255903328
-0.03366016339230319	0.25167164106375567
0.6544336783080026	0.21834886314721058
0.433233139540413	-0.05155469871292361
0.48874400809828705	-0.047107461436458616
0.19676599961166705	-0.038543421522094556
-0.4091603574004774	-0.024377850707009933
-1.0620768489798864	0.023451075946599835
-0.37402611560896076	-0.008042532903039044
-0.38940111250581416	0.04361128493442382
-0.4556453934902856	0.14400598312818974
0.31532693260478223	0.06806991387428854
-1.3694824723602808	0.015041724126033211
-0.8996913726529447	-0.07421041413328383
0.23776585337919465	-0.026054703186237663
-0.5614746835427252	-0.026233057790377403
-0.6442905946626052	-0.010723721078387122
-0.48165084725208873	0.034411762395862154
-0.7629490150979271	-0.07862489702300696
1.1599317397207178	0.025804356792563862
-1.0706849266849294	0.5621672483526224
1.0547847417232248	0.041447957776588745
-2.6704786094688937	-0.02964598584446479
0.49988705667880595	0.06607728271020648
-0.04796302788609375	0.3032301091075119
0.08682253034506353	-0.0931676952049433
-0.022968261949632165	-0.12059396582481464
-1.3493603301332138	-0.8720002746664614
-0.4091968843998172	0.055531053585690306
0.12317853453674005	-0.03966227595535405
1.5214358368330052	-0.044848442350092235
0.06685019331365019	0.164250324188368
-1.0790694455766383	0.19544806390925173
-0.3116939195594715	0.2458836091275775
-0.19512132793833875	0.0033961357050416273
1.08215585136361	-0.3229668673778891
0.06561102105260976	-0.11110779717586074
1.8978970282556158	0.11351246370363455
-1.3824601169595714	-0.5869809315421337
-0.8746310197106067	-0.11388769368186726
-0.8366920460912383	-0.09019697843477825
0.8300409020081232	-0.09153134181652942
-0.2881342694177428	0.0887715399373294
0.19510485725689647	-0.1753341959349353
-1.4914021293691837	0.009323593735392946
-1.1045335609658913	0.07157217764740896
-0.22594999406940247	0.03249996797150051
0.6228901779630555	-4.028674151434121E-5
1.2001534962598428	0.0032408173336612566
0.637009774020626	13.790119809742169
-2.254333901082928	-0.11732689889728208
-1.8843514098949534	0.22530016806498335
2.6468551923525183	0.18254151024730764
0.2698877571795298	-0.08942080955937835
-0.7638966406360573	-0.05433245043067388
-0.5516737253642703	0.03032782012504059
2.3002030977509347	0.07968869587377939
0.7002112228789197	-0.08720179792141064
0.4232547912575074	-0.10543365798487471
0.2444430795532831	-0.027657000945129344
-0.8832747818000709	-0.07110800419774535
-0.15879626091485216	-0.06783482335613256
-1.3580288063682213	0.37656064629813263
-0.16333303686338949	0.05992130341323616
-0.40248326763003167	-0.023504468483267527
0.30612736577498856	0.08286337317370873
-1.882806816897072	-0.10959106990956698
-0.42227801868799436	-0.07028708973192778
-0.4897635405865378	0.3990178095406166
-0.957796955985215	0.058128915074382614
0.7325452016430207	0.03910218762211358
-0.18951375354135128	-0.07799255861791267
0.4394790453174896	-0.15264487261398396
0.4264326110260327	-0.009024808556233178
-0.20264937175529674	0.980099648888061
-0.3443054136231978	0.08150548603437328
1.1687981118312942	-0.04495094543129159
0.4988524044862648	-0.51130914804056
-1.0535421946526116	-0.008556930920144042
0.8276946707505175	0.0352420355355068
1.4031199875134797	-0.15074818418849203
-0.34020326657846844	-0.06512277478849013
0.4252988993991053	-0.013781297289375641
0.2709870971932606	-0.3684569106680517
1.0871265169894	0.2787875906980298
0.5869170062800622	0.0028662406557377926
0.7580808361452468	-0.20550071988474009
-1.7820046094504194	8.146281281940866E-4
1.8762377416373448	-0.14287064763193766
1.469855875271763	0.10507040748434027
-0.11324095758844312	0.09095413351697118
-1.5604899132639896	0.2422311578295339
-0.3287982094613591	0.10551676217953697
1.3049378895295565	0.12511122758417376
-1.0257500043811187	-0.01474745093752086
1.1390870032503388	0.008774192697638102
0.5265914804064825	-0.03075049662651954
0.30993546131333627	0.0044886926484951906
-0.029565856278893705	0.13851016518208265
-1.769950096738065	0.04990821990576756
0.7537247498599793	0.0705697198040725
-0.7116697090217612	-0.29398664979950057
0.5225385151490176	-0.0499161576521543
0.6316218671210354	-0.033860102649969366
-0.12212551221512487	-0.017689394281929813
0.303626517345353	-0.7257072426840588
0.011104973675855978	-0.03548151000793379
1.6221985774215277	0.16724035101438176
-1.0572616343407246	0.03221330358564832
-1.458889373505157	0.06546708489361382
-0.012305056990373521	0.5414096801429751
0.35666767795477605	0.00421751307463431
-0.6545994391275438	-0.19373236549903194
-1.2086994950778662	0.0793606892778001
-0.9504804252627685	-0.253262424717979
-0.6580968599775302	-0.10106040555820506
0.34603353648534013	-0.017721779429538644
-0.0031975071715207534	0.014587836003695178
-0.30554018011491413	-0.2325978458376153
0.6507082691607893	-0.01086743363683502
0.5060271181429219	0.04525657877419068
2.057790422450269	0.04438105532323637
0.9068809500040588	0.26989290700272245
1.997919532336321	-0.012624913258121368
0.11356668669583976	0.007187295137533982
-0.16237876824322497	0.17256660760670964
-0.8701243780443313	0.026224340575515096
0.5408031988090042	-0.01903226542758159
-0.02115270762855592	-0.3341076888531615
0.7299516325528617	0.23497349376391222
-1.5519935963624394	1.6389233052981869
2.4324811762540053	1.9476674681072588
-0.3401127593128825	0.012941343275387849
-1.004724331535517	0.11967447928081022
0.6293089832690121	-0.00813970542582235
-0.5309921514904571	0.477751189083271
0.2839315705304358	-0.04675500947657991
-1.3138267351009347	0.04499298626125457
-1.0744493809539712	-0.05969687545550636
-1.689460439564658	-0.13961025942846483
-1.6705427591007775	-0.10017106080667125
0.3811298953747529	-0.05065626649015111
0.8008010244703121	-0.05867624365301108
-0.9921851376442256	-0.02491952508326729
0.16448283262365437	0.11547972235498798
1.0156419813992001	-0.135437367018694
0.2535269186717057	0.04951414674484091
-0.7366915100106273	-0.7392727072930833
0.578930052004683	0.11051706511403658
-0.04592777170459164	0.13224171964531914
-0.43932024101929534	-0.09368911128000507
0.5728832679674458	2.6712945873326017
-1.3126367820307603	0.40233720301896897
0.20401147435029446	-0.018967151729333234
0.5365738991387572	0.0529239558300832
0.19821320984451607	0.07217204401295264
-0.07448539598865636	-0.1783698304663869
0.8378535565277478	-0.052709677599952515
-1.590892661379601	-0.04314729431807243
-0.7663631533944333	-0.002233207943285396
0.12059612713690598	-0.02222795375059484
-1.6420687434340837	-0.09876124422551046
-1.3094542548495183	-0.15331163368696277
-1.4863451216708317	-0.13392956466789377
1.0038320112000736	-0.22158014207384313
-0.38060456765352935	-0.035184590521398634
0.12651223249695934	0.014754004809177991
0.43804147110803365	-0.10160371161784004
1.1858782172080777	-0.5163336349558911
1.4395834834268313	-0.02973346502409525
-0.5356195648833934	0.9571552864232497
1.3047004969270517	0.3089087859714771
-0.8768378264939453	-0.03464301364610967
0.9911233846229723	-0.05325760687247325
0.47167923872039225	0.01474316208039754
0.09620815238329611	-0.046038151907659496
-0.3851908213637537	-0.29815720223476216
-0.6000382563351327	-0.15341352482569928
-1.6436899051787686	0.028177280293609504
0.33582031896726855	0.8450838600872379
-0.4890939334624035	-0.03438660707321352
1.2154501916052527	-0.13002916935081957
0.3369735974611503	0.11692482787333605
-0.5806818519241537	-0.26535213039588673
-0.7471197998200669	-0.05157183882306862
0.2201880507946726	-0.014352088237605498
1.5122690417093543	-0.034305759825518624
-0.4422175032079034	0.03963632631431284
0.49686874052911273	-0.1085381735969509
0.027725169711683956	-0.7320700821238572
1.8675366890022511	0.08818727188559376
0.06637315440139978	0.012850798588026777
-1.6104468520294675	0.037230154595948285
0.8036299036412471	0.15497917568113148
-0.9396010991981053	-0.04613323941820199
0.2877509443261204	-0.0036724059518265465
1.264536582560901	-0.09220442885858819
-2.299178637679614	0.0662543466614771
0.26775794351854004	-0.015082037224414008
1.3501832011136385	-0.031293060658102285
0.052349371682895635	0.04247832793228013
0.2643684469633381	0.05631970661488235
-0.13573793302966616	0.028976604056161953
-0.4419728236438556	0.07979563793618942
-0.7809383065663794	0.09989270791694094
-0.9006613268919961	-0.022269972778915684
-2.0829008083936884	0.00580439507686118
-0.09907596691405653	-0.056527058606632034
-0.46325000756448087	0.015404733835632959
2.271678941927862	-0.013809304356764663
1.5557765777887267	0.08994661636708522
-0.5107404559017994	0.2775901874904852
0.1614649781807281	-0.13033010216187824
-0.5840265163185103	-0.19520466186851576
-0.5293035482711	0.03942718916816872
-0.5861683718831027	0.33041377616669015
0.7808044253826864	-0.1120027665893299
0.8069913455266902	0.03942494104744865
-0.2558690290874244	0.040381334309612125
-0.5989555449131831	-0.017523931374902674
-1.2122596807416544	0.16026530417559173
0.7889212036295749	-0.4330649869689142
-1.188358469682915	0.06448211139789432
-0.6483241603789147	-0.12102652545029115
0.8982860968683549	0.9362501256195022
-0.916114542852119	-0.07236970979264205
0.7820789518088905	0.03478635534939167
-1.2237426848990474	-0.11751506646619464
-0.011515028709760499	-2.328698569181396
-1.2142751825234206	0.08612406513967788
2.1801199450726387	0.16428212265290065
1.1313158627013344	1.015001585755245
-0.005016474317315312	-0.026001456741710133
0.13310680811994882	-3.462636863858261
0.5405715145462707	-0.031708649988287464
-0.26414707169705803	4.270561980281531
0.00857223964582364	-0.09431127044015643
-0.7162941239313323	0.0020072801002398006
0.9501149600181888	-0.8879770508463474
0.8102711391110252	0.17390679375508822
0.0736913054698135	-0.017344731264735822
0.23659059588346992	0.05221749204848867
1.0470265050197578	0.041507965021423794
-0.7486809000021999	-0.08485732314825109
1.7499099006157193	-0.004837123375572319
0.7282975347179163	-0.9388758603158789
0.04781300509606748	0.050638955271809595
0.1308935489417465	0.08237877809770103
-0.1967873002374557	0.018725893463621725
0.5295963086830533	0.0065854333646233445
-0.015919448302435586	-0.1881364276730407
-2.2455456792024897	0.031444603130103825
-2.2460536882182054	0.2877784954421902
-1.647706929119297	-0.37380800048185536
0.11247225133940905	0.03673588407937538
0.266171327244358	-0.1311899701707762
-0.4604604144873944	0.019887499579366526
-2.440922936579394	0.03945138489925556
0.8947856059419237	-0.057222226694044816
-0.24578736076905913	-0.05224070988651753
-0.1850804103691668	-0.11290366944552864
-0.5021297141537712	0.04481157463107255
0.15683722714250817	-0.04627063394009084
0.36088766161639185	-0.34927120259845235
-1.2124283446618496	-0.04952849971599247
-0.4205142750041229	-0.04010356528567933
0.2038725579971241	0.002083909855505045
0.4399636335794265	0.07741082942541068
0.025809038063693657	-0.15373961215903195
-0.31297404248856003	0.025388534684451975
-0.7053583195642594	0.015546582090793362
-0.09974228865239344	-0.22583958010717364
-1.7092674942480703	-0.07441819231552432
-0.21916299274118084	-0.08271270032489607
0.13152477413598104	-0.010944356731537876
-0.6298232486134759	-0.11616982692896634
-0.7363993977351052	0.02935473269044686
-0.06599715861980952	-0.1930181818885464
0.6941225847690552	0.011459221385461151
-0.9018874188056264	1.4035738132453386
-1.3570997694211553	0.014261782238253948
1.248157372827119	-0.05259692734951706
-0.8695989437217388	-0.1094827645087707
0.43641044702592574	0.005708069581884636
-2.079711656421549	0.6988103114812241
2.2891394390388267	0.03390037144175691
-0.268425356225117	0.017895429889333153
-0.08308316361371916	0.012686262367202494
1.9976470799764654	-0.039682123326557
0.356501510006628	0.033420232572450165
0.03762276042755424	-0.3232940685398492
-1.0049673996078663	0.09211453193621892
0.14835458968148402	0.0033365156414573134
0.18611046146193527	-0.18331912755905475
-1.5400751256478333	0.0265088268754805
-1.033636206051329	0.010730814481961929
0.4741750651850072	0.02116395823539863
1.101454040902492	-0.1316958555980444
0.8573638278737972	-0.6275476712832236
1.1927467475692435	0.00997143592427876
-1.36596150472989	0.07457452490829598
0.5309707124916837	-0.08030077783354035
-0.3989517251340181	-0.03742345545770684
-0.1678598401706419	0.02145460253913646
0.023107954400994217	-0.044428623127524845
0.8625598254589428	-0.042214893245439734
-1.2101590841683871	-0.07475660120408614
-0.739990852225616	0.014916421606294571
-0.6839590534507892	0.9082095719610743
-0.30319535261523906	0.031855832698538235
-1.394745158110204	0.2351655623192953
0.8517975206092164	-0.6439468119513198
1.4760871968590425	0.02070234978240321
-0.6800458526264889	-0.0680594062016901
1.5009080966139952	2.1266144408709082
2.533171340276935	-0.05357671020810233
-1.4205648711220222	-0.1529238389929616
-0.28734556051552707	0.18328377047345804
-1.771597513811783	-0.014413621910529528
1.694336410915508	-3.5216512099247894
-1.3893240801667888	3.864094192380305E-5
1.344199801980224	-0.05693534918715381
0.4494749880718428	-0.29336715557758286
-0.3603657524904875	-0.32005113228448584
-0.26178928118439804	-0.12848459337368281
-2.46755305322706	-0.085458121766934
-1.481432649358032	0.046703478094496265
-0.5550109284014374	-0.06028257249297415
-0.8158590758663817	-0.22315590864641402
1.2175642039888774	0.054881798334036724
0.7249252209829069	-0.002975795691340288
-0.7057263860030017	-0.043993482186955646
-0.32957608494614005	0.4682226171067738
0.36087417358327945	0.010053298762461175
0.9885173880389402	-0.06320483780703942
0.5769608082577105	0.04282419597432597
-1.258411639616789	0.5023222784691385
-0.2509906042604258	2.1428214885550916
0.5176035390416509	-0.06854405116817626
0.42004704896177586	-0.05927599226969407
-1.666812478483741	-0.44049674056658217
0.05886620361389595	0.179659474996448
0.4855268589142751	0.008413376453354908
0.47491350880956684	0.028471206126478403
-0.02874990252288162	0.003843613442461566
-0.042742329097081956	0.002376716733332957
0.114686363105528	0.02210545784945783
-0.45359412098379215	-0.1433436966662954
-2.160696282567709	-0.0767421938944221
-1.3194959912338622	0.13374609318062552
1.3291666944938165	0.20497467789072224
-0.015004357989762266	-0.2888653811734441
-1.227774146405168	0.04198491893932861
1.5497129862963681	-0.010947223465682906
-1.288100637886757	0.13481071240127485
1.8367375693980523	-0.5008669085079415
-1.1878522575622652	-0.10698887064266842
0.2783292122150105	0.09253349385548802
-1.1623969944949897	-0.25321739472179683
-0.2763028285064107	0.2585238419227749
1.713620063982399	-0.03378827331465034
0.8490396494001183	0.0028371101098304593
2.5498674484993287	0.0482636760739893
-1.438079700795019	0.010124537810608262
1.7995650762652464	1.524086700249198
-1.1295641959394502	-0.054296257873497726
-0.4045955175099531	-0.4054324721602576
0.3625495590902236	-0.009109102257264998
-1.0146230246976262	1.1678755868010073
0.6947484479103623	0.5662092817615075
-1.5262235128321484	0.03676617780918403
1.4858490924152437	0.18699005780159644
1.1699944379009952	-1.125062334042404
0.09289039525296086	0.033753399596615365
1.1430861351989836	0.12625257906460988
-0.9367210617989279	0.140735089744925
-0.7803328953277073	-0.04397408573924616
1.665000714172695	0.07149456816743255
1.9156907431538597	0.3516955540404403
0.05067543143889429	0.07099027048014082
0.899044170494872	0.0279176095775809
1.683335403026077	0.01845378979776021
1.0891143151573455	0.010461781461186453
0.3485718209183825	-2.9126311240789153E-4
-0.5209878710772989	-0.14436033458591047
-0.2459539000756091	-0.18288827786038908
-0.36003740426362163	0.05218084315068157
-0.6746707990723357	-0.16311171534016514
-0.5126696305048779	0.21905810569044504
0.12280693818338588	0.1921767865663256
-1.1506052711328965	0.40552703600677364
0.7872969951785219	0.10613283650126044
1.4623398345782128	0.0906771996263562
-1.9596316096371564	-0.06514330324264164
0.2616289743987586	-0.04564506575883116
0.35369643771417597	-0.029658394819921406
0.24607437278943448	-0.23150647709179858
-1.196140092916189	0.0037702238962839278
-0.1078367481653774	-0.04069953213908794
0.05230707355664855	-0.00821321581659407
2.0313423768306715	-0.1206055504816159
-0.599650523697668	-0.026150421583191905
0.111710952283744	0.0849442325223902
-1.0451516440397501	0.01302056534842536
2.482816061421578	0.025799876897638328
-1.4684011843612803	-0.1116982326057388
-1.1060226688766936	-0.2974434247107403
1.7713305995773687	0.1751534996659741
0.019432934033269022	0.011357562203454755
0.5811265616845875	0.4376528649700362
-1.1886822071997232	0.10521187152632828
-0.41495457669293473	0.03564400826189965
0.2702079099412189	-0.009986716624930473
-0.6424876605334843	0.10599853646600658
-0.11052905116815824	0.07059286306267328
-1.0916536482500483	-0.22907373808278217
-0.00951173336658576	-0.010353130622384648
0.42127084122057956	0.25037302889411145
-0.3042021773076983	0.6794960438341252
1.082462570580206	-0.2108355222410755
-0.3785348734819912	0.05880308392860346
-0.48014027083149635	-0.09697304336669414
-0.9677444444905452	-0.10113767054970652
0.49237752663228324	-0.4047251189860701
-0.49124408384978824	-0.04608758704388271
-0.05846368201948172	-14.844297702154428
-0.8969410863683581	-0.05997864463187236
-0.881870228533437	-0.04253090559516132
0.5742896692800441	-0.24600392298961626
1.3502507791421712	-0.05552930487515658
-0.9157818275481616	7.580994832175618E-5
0.6927857452880823	-0.01238131987532988
0.8153980407378698	-0.06186546370448727
0.8393379782459401	0.036081684912704914
-1.0543022828861708	0.2266286411692063
-1.2439703469269832	-0.10452251024980726
-1.0785227800023085	0.03745129646918831
-0.7086377333902698	-0.24729663065154228
-1.3781129669232517	0.05988536105896096
0.10195137473531157	0.05002630895169183
0.9037824685110981	-0.018487570180670237
0.09799319877740768	-0.045817196887579445
1.8821906186490625	0.1661050679569004
-0.6322191310450662	-0.07950363262072721
0.11037725624888275	0.43170040524894576
-1.0358202714030496	0.39740008816486927
1.3528024868085595	-0.10201713369352565
0.04322776490014807	0.04060638523053259
-1.2041324022975048	0.14103514406895476
-1.077204936224433	-0.058976402728611106
-0.4957156865394229	0.07619043176678021
-0.17427242633583576	-0.6373842084758767
-2.3380735369570735	0.03085651429826202
-0.10175207265973403	-0.0459795552278306
1.2326716506904238	-0.05036796074008826
-0.14105501775068688	-0.017397913761018576
1.1561058260387527	-0.007635615182405125
0.4401313208354533	-0.08365640288078935
-1.9886900553481202	0.17270921275533446
0.9035458152199204	0.01608783153655569
-1.9438539380945632	0.11265683693017499
-0.34352059409470215	-0.06709165891628276
-0.11926349354426365	-0.013292093196712497
-1.3745259353687105	0.1548684417764584
0.6139954998860342	0.08481360269372919
1.2178051631966862	-0.04743598743142177
-2.0587308228092467	0.026061230082264266
-0.8794008426051831	0.08440472503326178
0.9185029830336525	0.023672193392102248
-0.5085071493362354	0.05943047576582541
1.053928986789925	0.13869859227957512
-0.6928421791412996	0.055041496938428414
1.5096669978423367	0.04392171097942909
-1.1626750247621345	0.05685548494918669
-1.5966072579784822	0.029691281436691974
0.763488323111801	-0.1662487101881936
1.1521065003292728	0.024633306922435354
1.1080064352810988	-0.17072568161916093
0.9439092452217833	0.03158755113847274
-1.2725672033128335	5.83884579587105
0.18721318435969297	0.13561031981924007
0.014000926704938674	3.864984494905636
-3.0547542357092357	-0.08573771809309495
0.22652226219518914	0.09035996193446434
0.3980138997871782	0.04247724567082666
-0.12773449716278024	-0.05453838690955491
-1.4905469162764804	-0.09821949106170066
-0.4563091179305591	-0.12404307299397586
0.597654906457997	-0.1652283403549601
0.4299491685593961	0.06992917632848812
0.7585092108295138	0.02341396925895886
-1.6902136540384214	0.029011438899711143
-1.1356023103043043	-0.5778580940250724
0.3449258435368097	-0.12545558358094117
1.5836317485486577	-0.04092984172800802
-1.6132807880717832	-0.03943960766477423
-1.620033398149409	-0.07060638487483911
0.8747034283176947	0.5521541472817951
-0.037881948673496715	-0.0646775883152518
-0.15094169744512212	-0.04370218834049945
1.7214474699806654	0.06730209832051387
0.8728265518516616	-0.03298767833309379
-1.1968542307704657	-0.04117053281495849
0.7824486686859986	0.08206745197856205
0.3184287875373518	0.20700745718912247
0.50247595575171	-0.06808061058431783
-0.8785597466418177	0.09388203123305137
-1.6921256924651387	0.221551528114129
0.33449879690839607	0.10736523834177497
1.7415023072888882	-0.14639208640302834
1.8921100289467467	0.10736719493532888
-0.23751193302289716	-0.3726284898496927
1.7580055565885713	-0.07904623901368961
0.36746681050354457	-0.03481689442070073
0.6527667515663331	0.056176594293772045
-0.11306208106907459	2.5823083782645027
0.014384596013683987	0.012766981838433732
-0.1997692062984181	-0.09535558765676132
1.6681170799099188	-0.022715471301033067
1.4759140472163097	-0.03247079784037815
0.7109966291134117	-0.1307945440948997
-0.42621881241641324	-0.47612738097722757
0.46850380637843375	0.07901561699065637
0.7778477725420012	-0.43356489107883145
-0.4633307698279802	-0.1471118803527285
0.3741659230602375	0.07316627281806244
-0.44131415362197596	0.0550879172365164
-0.4576798320175974	0.06526742222028419
-1.3139546983618142	-0.032011351500539756
-1.9408748361149049	-0.005266302324211476
1.3136776790004074	-0.12685319879328527
-0.2800313756726472	-0.05631887678602493
-1.4884212999793016	0.040725716357197364
-0.3919250451200846	-0.031101783402684987
-0.5024151017146772	0.07068658501257168
1.783269919245524	-0.026554331353833317
1.106491819566293	-0.08404733939007236
3.0283620782873153	0.0984660678334699
-1.7056718858831044	-0.05684491190674972
-1.3618262362486229	0.07777029567736081
-0.30230802434371556	0.1608611931321357
0.5329882623018111	-0.24623628614703588
0.7397451562903635	-0.0708588414910349
-0.18563020525361298	-0.6290671768396107
-0.6263688249444368	-0.29369796372705304
-1.0034056188951441	-0.06679025187490055
-0.8083580006044777	0.06903236024736971
0.030849418560430865	0.03929884098001959
-0.6161796536717147	0.11591060062277247
0.42861343578200134	-0.01753290728834429
-0.28188591098890187	-0.017955014470661376
-0.43491080998916853	0.0666091350740863
-0.7888256994076677	-0.029920276108838666
-1.4239861452067788	-0.003368628802194147
-1.835468203084623	0.03785473895305552
-0.16673252874737088	0.005421483187554016
-0.7854846941576078	0.20051909520198494
-0.5385002233628347	0.05734828435751448
-1.1372293357334047	0.1338524474327376
0.6457978514187416	-0.07972269063761163
-0.22887004000502423	0.0916461308502741
0.266086199972682	-0.19647521701318654
0.41873705373074943	0.08781839613787977
2.382124116307919	-0.04513953472639231
1.171458369818086	0.011641910002190272
-0.7953868851916035	-0.08323383268932663
-0.322103010493687	0.0937218227371096
1.759764082747959	-0.005552919187219568
-1.038279139687364	-0.2113600186986986
-0.01757078643107317	-0.20735448859244254
0.8372654437423164	0.029018458623535373
-0.4287733998986455	0.057555650406550946
0.37158375235361274	0.0573903871175449
0.7703049767901512	-0.0819513428786634
-0.055232985386932616	-0.005522353174475947
-1.374073787612207	-0.06298143243451045
0.033276166384769684	-0.09735968182810843
0.9227773668642694	0.04305015153429697
2.0498407492244413	0.04546635168284371
-0.18684020390947684	0.2476253653372272
0.8789075772205074	-0.003730467633605408
0.926378636395586	0.05780037323042354
-0.5364487897041791	0.066692550936684
0.45345812323566886	-0.09595236723703958
1.7662763889261532	-0.10326429127924505
-0.10040920269775463	-0.03939863405108524
1.3023475443074142	0.017508381313457926
-0.30250605069570463	0.07153037756768177
1.8975537967973335	0.08488547247965791
0.49126145507784913	0.10588413099384388
-1.4923057782075304	-0.03786924654825798
-0.8818170105007033	0.011375547729315061
0.020185570348038324	-0.016678133583413513
-1.065899249083303	0.14501290998093191
0.5499064666211355	0.08168671905840123
-0.25808548142754206	0.22357025326129068
-0.556668602820814	-0.15223398597243415
-1.0082520101950936	-0.18721015845814537
1.4109960256106915	0.03266058558720457
-0.1940977688855571	0.1225983999411647
-1.4346326629373949	-0.06328759397979562
1.5562114816766122	0.013609963646437457
-0.8360741163385995	1.2210289631101947
-0.48835549421354163	0.15054331338924923
1.9084326491333148	-0.010216444788911634
-1.480679395073621	0.013824571919285537
-0.1207093502023339	-0.015365324261918225
0.5660419177822587	-0.020759428267312623
-1.536993936923874	-0.06234793253996167
1.212298449463283	-0.09474396226627538
-0.9106938336636949	0.032403216279603735
-0.31131856943966385	0.1273387696181907
0.1782676909154428	0.08288577209500238
1.2121335205481425	0.059068716972620006
-0.8939822639117178	0.03250108564008945
-0.4775752524045184	-0.06258866251270885
0.49182180501794587	-0.050369335830232766
-0.9721156045736647	0.011184253039443757
-0.6799766738460571	-0.015389230652961935
0.29354646015560865	0.06359114780256338
0.9882136381870803	0.16124532474096565
-0.35459874793246937	0.03016289598502708
-0.04130442729097042	0.009803446687543066
-0.8669728330254931	0.4513034618355808
0.7129278152383066	-0.013155594216785856
0.762012337374031	-0.027014703168494813
0.5644470554201692	-0.008025943035817126
-0.18569919637839608	-0.333137698796094
-0.06954063654670556	0.009382599358003832
-0.3779970307158678	0.01690077699142811
-1.178007925416787	0.030622618520473658
-0.4284311725446517	-0.0374136767868953
1.0357723874775315	0.484194679568505
0.2634412531726909	4.48123173804776
0.9229221117636018	-0.12301229582261473
-1.3144763890407296	0.002423827099232741
-0.7120965155098131	-0.007519522787505349
1.8838713611282858	-0.07506760182185218
0.16771472575168658	-0.046583829749105625
0.9205743235763088	-0.07377558438806894
-0.8898684002026827	0.0011938922712292125
0.38696598774820345	-0.03513795895300909
-1.368448602624323	-0.05500838140435569
-0.33544999532649156	0.03646539345498962
-1.1292454167990227	-0.0541046400184359
-0.006999174819711664	-0.08635147916902847
-0.44513311052044174	-0.10208310139451718
-0.9373887298410515	-0.07089206338648152
-0.6982896642593028	0.7583556235212857
1.9707681248528122	-0.18937905905493632
-0.43549996859510404	-0.004089721008352323
-0.9132051106286107	-0.025163770880736618
-2.5115804155524013	-0.13393552073447387
0.04127245328469349	-0.026256518963319937
1.719347611095477	0.009550055235750253
0.5304364613135747	0.39039866417349245
-0.5554481207751337	-0.07760937023063533
1.6102996177652162	0.008442684853190878
2.325312581264285	0.06237420373780779
0.0848747492686488	-0.05953928729618797
-1.028499725046851	-12.45167956706926
1.5897996109187174	0.06870426384740844
-1.701972691555931	-0.05975740307547171
1.3229585208783061	-0.035057667522460964
1.9002333005274603	-0.04555131366442527
-0.9217322692913273	0.01233595868540824
-1.8452751465449655	0.04593819898794605
0.5286621285526735	0.14727116923147465
0.2915488007182863	0.12642569599812817
1.2004749957622876	-0.1427118086369347
0.19795599416213708	-0.011384280034401348
-0.5540484537715457	0.040573867520003325
0.5041835831779007	-0.04572051258311344
0.39029162481428303	-0.2667400762741355
1.3373877597384245	0.02244808483019082
-0.1671308727814772	0.11259258544175788
1.3674587545827086	0.07050794997410323
-1.0307514067728218	0.09616591355701647
-1.8750311063783247	0.3249866857168529
0.6591207038010256	-0.0027444014245340724
0.5014689561063302	-0.0342582286161541
-2.9953370067474148	-0.012367913977183625
-2.0790255883209743	0.0551079307162685
1.339103010626231	-0.11010425945688443
-2.332769130487686	0.1258653802567469
-0.9834523954009533	-0.1525745382797509
1.4020754682645953	0.04343356352604243
-0.8940426831245482	0.18195203177694733
-1.0212248510189763	-0.04700793189464501
1.6704911561431717	-0.004603136439037138
0.9802977270393305	-0.016029855973317523
0.3991643273843661	0.026078290215786882
-0.597416015683609	-0.01836624046551322
0.7028874098552146	-0.023355215438048672
1.999605516043833	0.09123721158508817
0.4596771447211434	0.07088003357419356
0.8624185510538461	-0.0562556515593968
0.9915745185376927	0.29690102972021565
0.04166291619162643	-0.04577113432139067
0.3136347097560746	0.04016961430137033
0.20621110319073885	-0.0951418787573663
-0.07305898206545891	-0.2516685137951906
-0.8743390124478321	0.020493663828099865
0.7970595439429511	-0.01997252986498553
-0.65865615021329	-0.1543923477051224
-0.707446469910774	-0.03644412413424694
-0.23343152282895974	0.015065692648455241
0.9886788505031869	-0.007852137108750998
-0.20144274257925554	-0.035392612549648865
-0.9069215813710021	0.019997841139244268
-0.738957845380924	0.06216314268384346
-1.5097999660420642	-0.17430602479272805
1.1533869895873359	0.04899936478136395
-0.014474943268736403	0.04088127497868097
-0.9916251596687992	0.14143034203202337
-0.6795051624806104	-0.07374778740001159
0.9961878084770617	-0.08956381153152505
0.7693703755865504	-8.922997098078353E-4
0.8269798514104469	-0.5204710837009097
-0.2720649122145147	-0.3384800396819122
-1.032548497122582	0.00824097549715571
0.6372777426517268	0.029443489988043685
1.655582425348815	-0.1680444709315558
0.5078605194651091	0.04461132185852819
-0.852861900062295	0.05561997874456348
1.1341325677899028	-0.10416795651588551
-1.47161684322762	-0.15847501916407128
-0.6302023090474826	-0.1939135491001598
0.9091770993579057	0.23959174959036703
-1.7746881054500938	-0.06417417657101435
0.3677614579289533	0.11716017064360823
-0.034133537976523805	0.048467845413220016
0.8200697720796106	0.08890229106901286
-1.821674085349136	-0.0011325640647880811
1.7286092363404342	0.014055123089272675
-0.8009017526621066	0.06935308523303174
-0.5370873795661443	0.15043226307022162
1.2583650326557365	-0.03115007596740588
1.2365123744183875	-0.16380721379996255
-0.054995282864464035	-0.19630504929528944
-0.646568826732523	-0.07809708209625953
-0.18208695918258402	0.2794486423192224
-0.6556703659325352	-17.423811422887336
2.341368660212269	0.03221877415752521
0.2858831780455678	0.08370332069135263
0.9010738237292242	0.03556680138471942
-0.18530535031787404	-0.20220941554592142
-1.4221366631109034	-0.0372390451208775
0.5288876821726144	-0.2158371227297237
1.740741417282138	0.06529846347758358
-1.2313740913971976	0.03664256590512601
0.37673416660655085	-0.06253034157962893
1.3705813356034902	-0.025258040115385384
0.5362085309650028	0.08825651923710409
-0.04516503191228425	-0.0038160320884213375
-0.7515648569342811	0.006176944953998049
1.0738438298940314	0.006111356825073056
-1.1397334058894877	-0.2621680564788454
-0.3083958957879982	-0.05427202539242777
-0.4169861875451433	-0.17276554369277453
0.17863032382872224	0.3197488777073642
0.39011443953896746	0.005972190021298815
0.6021068714109546	-0.18763625918562157
0.18081810725259373	0.1941870134240696
0.9049467578852802	-0.7116588290744308
-1.7171082803716116	-0.08077598284242571
3.5778538152138353	-0.061555650228034414
-0.8502888108772925	0.030190081249722982
-0.7704655516275173	-0.005917451760615041
0.4927548366560511	0.09222601010610887
0.35658364181865715	-0.004104418575683319
-0.7071270633366681	-0.006013049822988557
-0.7922076761005225	0.20891711711230881
-0.5969960565174518	0.11434853594828386
-0.6892193301991488	-0.09257721785849811
-0.46705493541396687	0.0034289549649201756
0.7231600677283205	0.22356177288191917
1.752492280590306	-0.06122480852448514
-2.025763346526062	0.9824713813864199
0.2623693503238928	-0.019264756291744577
-0.37216253090018275	-0.05929653784108922
-0.577913814216391	-0.010474444900550264
-1.3948313609388323	-0.010821371998298494
0.40419634210141664	-0.0030720314400730646
1.0773200191757553	0.3232366537868277
-0.6527614200815886	-0.044141972943547
-0.6931528799283533	0.02492832917479335
0.14665835180301715	0.06468362381570011
0.4520485447707541	-0.07569198352622127
0.915666577844178	-0.10312120141924665
1.3711007513229556	0.053539666573140125
-1.205659864355546	-0.011376762740699476
0.41178491098078535	0.028834802558437646
1.262772377998548	0.006451697557540111
-1.1481769758337166	-0.3662930394195146
0.5530710756624945	0.22856965311145944
-0.4267989510225631	0.13450438876738186
0.9206171777546311	-0.06704104751119991
1.1754680218290017	0.24640485791466918
1.0594737960946405	-0.3828109179249664
0.37436541165367787	0.030703704796410183
-0.8609637871292504	0.03626171702633209
0.1837229676416992	-0.015377742399052216
-1.040357973403815	-0.06282017646105265
-0.17432062778037674	-0.13755091097332292
-0.5421230130415693	0.03171801798309223
0.2575085073033072	-0.5091898021566467
-0.8104241406889124	0.08953200830690425
0.5287384221646613	-0.05013893145001681
0.7084789889193763	-0.08233951404763472
-0.9236300182138556	0.05155467577429525
-0.5176851337595599	0.14131822085962226
-0.2951918696485795	0.11611134978947123
0.3613005562747422	0.2400324847932136
-2.5183470462467814	0.008193476268556944
-1.1306033800822457	-0.03227473434634652
-0.17759687299973828	0.03849543468579873
1.67531312456661	0.051734012176912494
-0.25655667234112306	0.0068164033091164785
-0.4449361082952655	-0.10350688660631142
-1.0036849751911858	0.0498378473922483
2.49790204646646	0.24921529764918962
2.8609898424168447	-0.15183110561112018
0.4695134473616734	0.09575604507231612
0.041435239606653615	0.20146193181278196
0.6250852661838912	0.2892620527433704
0.43305226092932075	-0.0046798980461773545
0.2572794356180761	-0.06711777375260487
1.1148582451125946	-0.012003292917625336
-1.9636927310017578	-0.06841236670611502
-0.9491984653492757	0.11776020931747938
-0.7162248781086328	-0.10968928164755812
0.6710551173808563	0.019831409342665442
0.3333787947831465	0.011102894559098722
1.3064369346895295	-0.05220379143274732
-0.12994482402793647	0.04849473104909584
-1.3136090362172428	0.03984564364534923
-1.4947894302215703	-0.05856181929071464
-2.0749423560850375	0.13226196480971744
-0.0658567471426868	4.573636085158106
-0.10724251608831545	-0.04957143275127006
-0.20817542200455735	-0.15460397102452245
0.06261690712656595	-0.10595927251036487
1.1588601738734412	-0.3518674405794202
0.6724049796957736	0.010830282924985184
-0.8366225417298256	0.21818577610823173
-2.333900079867847	-0.037056266587342124
1.1032337659620015	-0.07175147197723233
0.9029952558758257	0.07605982454621818
-0.8041245025685004	-0.07659366901755074
-2.0940504681943906	0.22577243562994703
-0.24375822147709691	6.066533354919188E-4
0.7263518596216579	-0.1271270061151631
-0.42156787244367316	-0.04125382032876993
1.9045515757223521	0.03449372309938091
0.3668908486870853	0.058837631953930485
-1.7802000911633915	-0.0350329440537706
-0.6674080112101938	0.19642473750037168
-0.39970586805938535	0.04708699685462674
-0.31502151294929076	-0.01394812160543459
0.17247632654186992	-0.10533812962520081
-0.5660015492854656	0.06578907713660928
-0.6324290722179685	-0.12599878846219648
-0.2915184046656718	-0.15101824905337374
-0.6078464019394195	-0.05204813924988488
1.3245452429002753	-0.3790822011008324
-0.2658502572680633	-0.022779355078963292
0.6387423751859391	0.15671087551599297
0.8964062959748967	-0.11266452988949102
1.1644969256952677	0.018186397029409662
1.6746438523323857	-0.07563862063756518
-0.7845258849352659	-0.031608592991386505
-1.1284970701360006	0.022184640521398416
1.336957064243758	0.041376428913242634
1.9638391722870931	-0.007487386581333199
1.2126933212844484	0.3491666276579799
0.8479025890029166	0.3415044389282507
0.6380169113035029	-0.8064105340146596
0.7996945368456735	0.027326131637281557
1.5589506359492147	0.158914439830832
-0.7106978099649492	0.03894136419454936
2.1180209661915708	-0.08896823059982155
-1.9249371755267617	-0.11409124700446602
1.3802089874188808	-0.07541920288950738
0.25115872077535856	-0.08955455772298075
0.6989302499154796	0.23656215448121257
-0.35063857027077644	0.06705655399266307
0.7929042912616597	0.1828481099215471
0.08302330503144494	0.04550647987043089
1.6846535337985222	-0.006765569757148765
0.532814241680618	0.20298929374400235
-0.959418982136708	0.23792321154830742
-0.3261402265170692	0.0023919417333134515
-1.1961334598251374	-0.05822452517334402
0.9327972320987165	0.07488073541857122
-1.2633205301091661	-0.016248146306908327
1.6527215243108697	-0.048996897081489243
-0.9621407347343167	0.06734595731805805
1.4326124024296358	0.09611589306342866
0.0817411398085137	0.8480905714103003
0.5959901053815896	-0.09084715575171004
-0.10333387910722179	-0.3986375094661536
1.5520541086758943	0.0020064160232224153
-0.04348204700439516	0.043458492324556584
-2.345550566342483	-0.18281186198737184
0.12092244236179008	0.017517201963569002
-0.4166897694060494	0.30323970707539305
-1.2683812481797452	0.16633226512399152
-0.3486264272166065	0.03193070717534549
-0.7343843102626811	-0.05548193962852363
1.4761919738671423	0.009678003836504405
0.16181704156513402	0.09337296353664333
-0.866385869572246	1.7603906276724566
0.6339182710670603	0.08455523685323464
-0.7922397384675275	0.028695830960832145
2.293667023689719	-0.08489468615575209
-2.727850875238944	0.3139923310154935
-0.7711363948080837	-0.028485516173472312
1.1602928535576091	-0.050605134473924326
-2.2273699220939305	-0.020814304176301812
-0.7120293062923526	-0.35212235669891406
-0.551655506392974	0.011288912863987482
1.68084467011048	0.09580020185200276
-1.3462160282364257	0.19738400137652853
0.18339683175595717	-0.0947314986747611
0.23885528744082615	0.1344279745591033
-0.34886988208819114	-0.02357403879729901
0.45247905660605214	0.06045375233027767
-0.4155129486915418	-0.17472145916248094
-0.0059573799262607925	0.36727302614025054
0.1844130985375456	-0.05527231806600931
-0.5706266532299873	-0.18096764273389473
0.8050147747023317	-0.12648234117960735
0.6346530091216768	0.1590253366142676
-0.9323272660158634	-1.870126534406354E-4
1.4453701489849793	-0.20503518730208892
0.5764078201822785	0.051906662362573124
0.1721332482091984	0.0940577370555326
-0.5373831391840671	0.26147659204402457
0.9554660324901305	0.044880820776925116
0.1965477389797708	0.05996070625899924
1.014678599920544	0.034401918560159526
-1.1487958028199743	0.050244764674401005
1.40468253198926	6.332756380935592E-4
0.4436697275894982	-0.08790022754859585
1.0189793181896878	-0.009545272864145879
1.1413008770207635	-0.02313366411077725
-0.8781162978121594	-3.698218460699495
-0.11091763349103367	3.1171403975713785
0.3783951163630632	-0.009102499918746896
-0.20577705930198997	0.2376872424437479
-0.2571624483715509	-0.0781871422597543
-0.11288852346658691	-0.0326015861126979
0.7493971686513647	0.029583300345556104
0.17478511268234542	0.08304609102350077
0.23578192686901592	0.2732068229027198
0.32046639264662147	0.028013749381815292
0.2377917760216502	0.008323948750725185
0.4341831213981815	-0.8016680884306084
0.7688649474811784	-0.8384296190003568
1.2363562047976626	0.026964699234968397
1.0186595409828676	0.5563007224008495
-0.1834006554361085	-0.017671590017996952
0.7367719628790245	0.11424174235713261
-1.3737379942783812	0.04020991262613497
0.8276793403548616	0.07289890067349647
-2.352485668673996	-0.006765612222591826
0.26581551359995725	0.03331235498333284
-0.5351492883227027	0.21342901067879924
0.7991104217081906	-0.014883178587193182
0.6005941789476039	0.013571672838442479
0.5048908272667026	-0.17049261639682692
-0.7877846327394727	-0.13855138009177745
-1.2717561892296485	0.13782139859962322
-1.1037702029626268	-0.028451397507459203
-1.8759222764307544	0.07141446451818316
1.2954172639567656	-0.04147317798508867
-0.5688498357681396	0.016462893293251974
0.02154761787208376	0.006930091948546668
-2.077874208172281	-0.03880305774448191
0.0036858415784667142	0.03559916170319828
-0.30659008285662004	0.046463350101695354
-0.032020644232455264	-0.08946169753113035
0.13355452383997973	0.128627532470219
0.8226663953594162	-0.0431237484742099
-0.6873119326397497	0.02661601320877418
1.5708150350200718	0.04708147746143265
-0.6498853510084794	0.06166764675260331
1.1067820482948416	0.01713073468545777
0.6177942694979213	-0.008625289094517019
0.9560417844489856	-0.04028848565162661
0.6152962028519048	-0.2653374331279202
-0.6953447159551529	-0.016531996156539962
-0.1557937720335376	-0.03427344833120006
-0.25488281409855884	0.48284460355002534
-0.6492286434022617	-0.04912521276434683
-0.4523402149851851	0.020631858418772738
-0.6616900535541205	0.40638035363853797
0.8911307104640815	-0.5482600990507185
-0.6820213188547325	0.023801147053753993
-0.2357990500432275	-0.5056109735446142
-1.7267713106397857	0.013735429714650586
0.751643504145683	0.021798166230241896
-0.055879233085702536	7.842854928236351E-4
0.1682585639572914	-0.030945785148964847
-1.0782902870049504	0.05892421600758363
2.0293960564387845	0.11014376665390949
-0.5749952318158719	-0.07903530052319506
0.792315513288792	0.07710320973571688
1.5882939491308459	0.09534909472799608
1.1612051023035597	0.4499920157413167
-0.15675600435011675	-0.020807721669883757
-1.1983688884224117	-0.09865866075510561
-2.259806890301229	-0.3740956368975298
1.2434176832349033	-0.035715994145886054
2.1282438017563243	-0.00668625158338171
2.0333809688797984	0.2702486395135136
0.047936920755402374	-0.0795683755598502
-1.1855689111314593	0.09122284364401893
-0.40909947463278584	-0.02684317661844839
-0.5613081222456702	-0.11015259106397449
0.8838923571617135	0.07531858445577921
1.1342304593596648	0.5969280253951373
0.6532361848518288	-0.07924928374305025
-0.8594153811383819	0.07373664933808717
0.29600587089903174	-0.012823454365653917
0.9570110911125159	-0.0449208216907865
-0.9950898030208184	-0.07994901084880428
-0.1953871786184442	-0.029077482787583608
-0.1278193094507831	-0.165122492394445
-0.019083195387633464	0.04599576586364755
0.6625753253995184	0.09189472914257876
0.018627725252104363	0.015365145309941371
0.36485193101798685	-0.13912575571634778
1.359089435142776	-2.7292174830161717
0.028548671456496255	0.035488324987453745
-0.5890606210799071	0.309745569757294
-1.1171248832624807	-0.08004875474754733
-0.6676925417338997	0.03106568299923221
0.3083667024010891	-0.04107194609224677
-1.0402885026477393	0.3160895231483585
1.5579935227212023	0.08924481975335707
1.0527005130719032	-0.06812789999182645
-0.9766593763752865	-0.02996970125727703
0.7936011058594835	-0.004788475228971252
0.7835065919015276	-0.08416276277971034
-0.5921825115210336	-0.20744119333303096
-1.2997732209997646	0.14148930924821054
2.219858713242027	0.0525075249474261
1.038288405637352	-1.82813811757332
-1.4414070281248668	-0.2963508842221872
1.2711204572875099	-0.6878652695778297
0.005982005784647031	0.013435679993538067
-0.7349941051952013	0.05603374619101179
-0.12135975809253788	0.03313601025316319
-0.3271964109332338	-0.05825227994049405
-0.7729971277746266	0.019932594271491553
-0.15027485503200355	0.05480732514854612
0.293446213952616	0.041250758355164514
1.2047665209471006	-0.027516700928023805
-0.47586026608118986	-0.3098395388313765
1.7986874073194419	-1.9744288231156262
0.7402916013097541	-0.09812378560459185
0.3353614813623412	0.04487825721222759
-1.1054623591999906	0.20484166690019184
2.1726082141484473	0.01707400548376748
-0.6074393813580804	0.33441022757510375
1.202789109163988	0.05872204892866525
1.0462598812118789	7.488836481654535E-4
-0.27700999359434314	-0.06691687218339049
-0.8153931326585909	-0.20428062832764537
0.136093307141086	0.35728666863493846
-2.0193535095988	-0.019442477480157757
1.3201942903718795	-0.045271408055626156
-0.9221750197466124	-0.29947435591616844
-0.795631117569038	0.006006571549820398
1.5643771064087886	-0.0900973682118446
0.499468582456971	0.01213483431838182
-0.1493763272291978	0.017839423901905585
-1.6282737528714522	-0.003739246665748377
1.1427890454307992	-0.00830562012243888
0.40240248324521966	0.20212122503554503
