x1	x2	x3	x4	x5	response	response+gaussian	response+slash
1.6614822551068702	-1.22493728736056	0.7335611171122567	4.601927293131832	3.2439589640505524	0.44899154222834414	1.0689190253137135	0.7824067812063158
-2.0444975695053644	-1.870693784615547	-3.8483641860106568	-0.783737381173851	2.042170595144386	1.6317376776100438	1.6232706818962932	0.9032233260893803
-3.1105642726441762	3.2931001884963322	3.494300153118612	-1.1183049717632287	-1.7635967664912346	2.9392670935849807	4.0221908079877915	2.962156137357532
1.6303123801888226	-4.217305489568758	0.33951623449319346	-2.0408490740937557	1.986855008322081	3.0730826570268084	4.000714568048102	3.3965007628010073
-3.63488452645216	0.40495132411010815	3.289320743988222	-2.6155468422518533	0.8220634171093986	2.892918846726103	1.3285266389443313	2.73851436365179
-0.03884168668929178	1.7253369632128983	1.095756340452719	-2.4329620068764104	2.5489107451201196	2.333678986320316	1.724801475091854	2.3489764567941616
-1.6279544373170318	-1.3401649570011953	-3.9763385580264696	-1.72462552115201	-0.2985091943853577	1.2292911211205775	0.5101618165136328	1.1114687016801668
2.227401637039012	3.510468062595903	3.6538298790753636	3.290798525284492	3.8937701581477615	0.0529951687784227	-0.9592799237419167	0.044423364216603915
4.456712606585761	3.607559521524399	-4.943974526539385	-4.218904705259929	-3.558309613990142	0.0053786821389514294	-1.0512638202655986	-0.017650508055278413
-1.869120183397297	-2.2237764338028834	-1.4525626573731607	3.7316993625676975	0.17256249683035296	1.5974513380596633	-0.6198038710142662	1.4513849305204898
-2.71013649024452	-3.271273938138679	0.4829237215442115	3.1916626123008243	-4.353853476057171	1.8238810232379143	3.225955263238725	6.637878966495672
-1.1393022335140088	2.585148433335088	-3.4669759917240484	3.7066287981252337	2.6814124639476935	2.1196144837356377	2.7378631875911608	2.2121324664610826
-0.7596379769253137	4.279511603116578	-0.7820305410881279	0.8809585564114952	2.8019441280254362	2.401568542025442	1.1615103900268167	2.8373091199593006
-1.4397224114673501	0.21450737742984227	0.8434762082317535	-1.8557281696043249	1.4291342498055357	1.943840620088038	1.0486806807326232	1.9431378535298862
-2.2402396539299985	2.6176474681333186	0.8892258330459377	0.37437751404027697	-3.5011678576289484	4.071481747612869	4.64993910211615	-2.8446101733869567
2.955307438891359	-2.814791630898786	1.281163804183243	-3.7308983812351224	-0.32613966486571666	1.3324269277097203	1.714224448064729	1.358782597335276
-3.5840626982303436	-0.7601860645114877	3.1044611088461984	-0.17331529075697283	2.2104112192512746	2.4693779869488828	1.9263468258402612	2.5141024441450854
1.9781800326504726	3.368760331968904	-2.7932573862082233	-3.5679142855939885	2.8934793730786765	3.0485732945679427	2.0972119126783184	3.464546747512806
0.467004207902165	-0.43789010795890704	-4.555556272542215	0.6687625419841492	-0.39175873956738094	1.8614392395166601	0.9336475509168607	1.2562714679965707
3.568170405649111	-2.1182237340716545	0.2814499176665395	2.431970000673812	-3.920274710148617	3.785288546981164	4.241646692543434	3.527914880761177
-1.601861115838462	-4.153861497500845	-0.0397122882572809	3.477291010348564	2.4240839048691267	1.9795967980335134	1.774604933758583	2.0471298208488387
-0.8188596561853974	-0.69911518053053	-2.974631527196283	2.82991159390349	-0.7520123559795433	1.7039644747744167	3.2758093503113646	1.0009393048019035
-3.1986100458515097	1.076486229254873	0.5758238830462501	-3.314601214465446	-2.0565441981063715	2.9451838700014297	2.104842402271277	2.883800646603321
2.68333411734874	-2.0764965868771137	4.543967139334615	2.1653653685984864	-4.277678918995623	1.450653941456057	2.707044310379186	1.4355097803841341
4.590284452664498	1.025102937463183	-0.9851649829648608	-0.014598124903751675	4.346218714710194	2.668698110574449	0.6495006548182296	2.7353054556844714
2.537518580007861	0.5590723855196069	-4.136958627473981	1.9859838923962867	-4.29318111260173	0.6912139795524723	1.0408379753803014	0.6460704534590659
3.817048029478272	-1.780308277749103	-1.648281422635276	-4.891480266254379	-3.870679844887981	0.09069016956300868	1.1072305232905133	0.096121148761473
-1.1458204169802588	4.139514528333505	-0.5579141904635545	-4.156348821783507	-4.4590868052027375	1.7729093164715857	2.0967248521139896	1.7314474607144859
1.5914303904094753	2.6233436607096934	0.4700384703837015	-2.93616399378862	-3.143463547044798	3.6912798031474297	4.684752558236445	3.5494786700975425
-2.155109767957243	4.546678159511444	-2.1164324987414798	4.798640589700106	2.038887058404092	2.6377205878923475	2.7379547968889133	2.302182663838831
-0.14123316304001143	3.119192447701204	2.334982341404247	-4.626110393478968	1.3649393712131905	1.6182340557234784	3.3279792522102576	1.559928749934026
4.37966571443107	-3.9906715592251976	-4.57286817184393	3.2115299656067187	-0.3541725656180459	2.4548802812031307	3.199028034317109	2.4450984878780186
4.434537483828008	-1.5040490953284413	0.5527364702293189	-4.117471931110348	-3.5161925346819034	0.19972192300091884	0.779736493846011	0.3059107627238724
1.14679987015821	4.545156420833997	1.351387923063582	1.6664569546168293	3.5475644912458097	2.5028709325417138	3.3916998780230947	2.3684757457400223
-0.15194596396296234	-4.301778022270159	-0.006766902362390859	2.388666515708393	-3.7638905848472826	1.8313569319466891	1.7620020893286779	1.817646848789536
-0.19481390724853132	4.817780386510865	-4.72930331109527	-1.4807085375218678	4.126206850080498	1.4457478350793345	2.8015588871832477	1.559168724914781
3.6350420496397255	0.3210932741657704	1.8648858117985823	3.7652817956508073	-1.375988588690349	1.0082218389149054	2.0173072705722777	1.0333521053188326
4.499642550689044	2.829598088317992	0.9107442914285491	0.8413851747528147	1.5623423975331416	0.13077717819324652	1.9042273222483006	-0.127532900995469
-0.06494909011453665	0.40461098119944516	-0.5956811176062953	-4.024556626704832	1.4578716340705364	0.3993240946949195	-0.7504370103464963	0.3836990745504954
2.2046369254112843	-0.2553847885353333	2.2062361008522426	2.255969619657023	-4.712273594851071	2.3046657527057084	2.6860640631293595	2.1175410760942475
3.0733273133215775	-0.23557050171029914	-4.084513691668484	1.1468595600191511	2.5638924635214835	2.1079324910604202	3.0530077164299803	2.4270680407804592
3.127724207921016	3.2782939277003873	1.4497099694205984	0.443554616287102	2.257451667857417	1.6885597210331018	0.8898264818761425	1.8647114506106381
3.497809086500091	3.6556451173003914	4.176973299227955	3.794919707758119	-0.8287243210531079	0.22203808078673504	-0.7767507366910115	0.27389199357090266
0.4288206950764408	-0.7674366918984168	-4.773637251185601	2.8095700035905207	3.538585249714357	0.9813751525701706	-1.1952489221985592	1.0785807455121863
0.5412381939022577	4.314168450015352	-2.069040714588537	0.60444102689286	4.688885428154045	2.218507680507426	2.4552312226242523	2.4162013566119613
3.9143142090683174	4.403146826659025	3.5213112659745285	0.12802889179129107	-2.0652882057890256	2.73095650813908	4.524847441310197	2.785985540994408
4.308322717943396	0.6918833112086906	3.250784579299429	-2.363572404364387	1.5688264467747581	2.353722672539347	2.905149775426816	2.2769777035188583
1.2963173011848461	4.034351187982544	-1.2604920805560207	-4.153572574089615	-1.2543822700747222	4.076437690313192	3.962344809373115	4.018328819881501
-3.8480828012269375	-1.1325946761082628	-1.1838916520510354	2.1934862132097557	2.936010745949579	3.312551092443779	2.9944270045648516	3.408881936455356
1.7487715780377595	-1.184361238939787	-0.4775116247926361	2.3879557995289797	-0.7073594943764068	1.76561337245746	2.916961603265558	1.4988300070403837
-1.9148919028913038	2.5738827477847606	1.5462395688545723	-4.83720267077902	-4.664019543791605	1.5434007946383588	2.272684616675312	1.4561749148008838
-4.443525499068349	2.958237108664319	3.7993930312867548	-4.7728717758140675	0.5483757209066216	0.7548965321661611	1.5275568930764254	0.8296613915777029
3.743880316727502	-3.029372846118814	-4.524314892474788	-0.20343614105079144	0.7964962787054457	1.0379600080667917	2.200694642381467	1.0719252818784182
-4.11540978157371	1.7934554049839573	3.122652345399686	4.035186907209278	0.6511235376912419	3.372868424368544	2.7440107624987182	3.377366722479891
0.615004583599462	0.15929761490016858	3.3047510669934876	0.455814547798	-0.3285524839042884	2.8415429814553548	3.9831601397341823	2.9065950603790918
1.3701851835987338	3.5133073253797225	-2.806983849292698	-3.135659850616012	-1.152447961986626	3.364214352775475	3.2249175847340417	3.3929437847218633
-3.0956023195144056	2.5020453673165735	-1.3930262786330418	-2.26528224122869	0.9795092410260455	1.051942370887681	0.12803167220330147	1.1617776259453092
3.160476132686858	-0.17424265421260898	1.7871160871003742	-4.481418638354279	2.610712093478482	2.4736252605316817	3.43625411164244	2.392782213097031
-0.847730256431376	2.063826997539935	2.3902104100650092	-2.969210982048013	4.4869472756621605	1.5994609694396105	0.6818326928193746	1.503994744941727
-3.967367901166825	-2.60009621472971	2.807622735648062	-3.9217297858275457	-4.524870644509001	1.6886878851333196	1.9965228747373773	1.6881385859609486
4.293877811235728	-1.4693178283085162	-3.463304313830883	-4.505543609164802	-2.7824706266529353	2.312951636690261	3.175728827698732	2.243891959123725
-1.3036661589777019	-0.2095192235649712	3.656690064829464	-0.5781416856598955	-1.802126475303918	3.4718133551159314	3.8912669184275535	3.4900909690399855
3.8909245530064442	-2.1619929398193696	2.8177540134028742	-3.626482435470102	-4.2125458556357875	0.6228136329320066	0.14530316982047697	0.9506747854070485
3.703198556470058	-4.902799266671417	-3.1055979767254027	-0.2816334120922548	-2.092840857407116	2.139264692490991	0.9526865490504461	2.1023034867320685
-1.427901489044039	-4.903104387735322	4.700929738035068	1.0894737422550467	-2.3744647357421647	2.016472121155563	1.8632956631746058	1.867104072203289
-2.501697069439288	0.7549368533567442	-4.476749535870348	-0.2730120481513971	-0.8177028216808484	3.4976294394357423	4.101839923329452	3.530551312243056
-2.043298976676505	-4.117139354932689	-1.6679303601225772	3.500189662556931	-2.8041381685827416	1.608938398202371	1.600468295128787	1.5699608911862204
-1.9887408297908693	4.669081316732536	-4.893594219259047	-3.4047260236792765	-0.20391890604665175	2.441279757622983	3.608914351768663	2.489859677690632
-0.5912326696801795	1.7313065617241374	2.954631397224773	0.3047182754216671	4.52031304502348	2.7334539680655743	1.7335362025605616	2.8625287507524373
2.2917575554018335	3.29137685168922	-1.8178984633531101	0.23576749417985177	-1.0503869751354489	0.16523390899369184	0.3370638779709388	0.17011088502659383
-2.422166775525617	-2.019073494652149	1.9767079848708544	-1.4494478862942541	0.11138564379858984	1.9471551468728279	2.858295901631842	2.0406145309327224
3.5725782279160843	-2.6588880650478766	4.510462568542696	3.6049342538875546	1.0780211463563418	3.860495016379847	4.825822361758291	3.8157406396600972
3.805034928231869	3.66384083260575	-2.952273164487628	-0.1385535030905105	3.6628395866763768	3.92380608319481	4.185837157423903	3.975990081509621
3.848438813414079	-4.337928789315932	-0.954528346938174	3.9113578579160873	-2.927348179788903	0.7060524128405266	0.7372574850486256	0.7489440961269238
-1.1306794431343947	-1.2647875107213458	-4.722488972955481	-0.003087507753191332	0.07891100224551106	1.9817247513568084	2.1577689585231994	2.0348727097210597
-0.3204394510197588	-3.6044495217813175	-1.8423827549819096	0.3271255249866112	2.451511479549313	1.9047510006243433	2.9400150354198793	1.91059458084523
-3.740772658384648	2.8718788553026897	-3.6823533672188535	-2.6045886613628575	0.5058336775491323	1.349740162468339	1.8076384944402697	1.3868062174934066
0.08366368765641674	2.253850154101624	-0.43250341155716576	4.833203974745633	-1.4533593045499114	3.360718412575218	2.7970125976167246	3.457562041698291
4.0031881995838425	-1.3128733860949158	1.9074018672025925	0.686327999434849	3.5968902384002117	2.0811199177826203	2.191561142157465	2.0263301370308975
2.7196168597193093	-3.5120370776920184	3.2438989743783093	1.8436134900998047	-4.872400872436051	2.0054817197559083	3.1538864277180947	2.056828178965184
-2.8208026768599614	-3.623737320660684	-3.0764438190102226	0.05635218202842829	2.2102057644494266	2.4497122331147403	2.2125469417522736	2.3966938311988857
-0.7281873784987063	-2.7700608399899176	-3.240441206657346	0.9528960162328559	-2.461508757889528	1.9194301068708834	-0.6086854186950008	1.9220318124388747
-2.562344240347402	4.425463190775668	2.5064290308159665	2.6305910515423045	-2.195723808016247	2.5946246785181533	1.3681069444547913	2.543481339365216
1.2294168208142455	-2.3918306522498334	-3.5970226344636744	-1.9535131655340585	-3.0826809093642393	0.6103912346571672	1.939990277477027	0.6228267399799802
0.3753462591420673	4.516180003811936	-1.2145690121702177	-3.484530279114575	1.93828251882975	3.051234657037562	4.098441131632622	3.031072065145203
0.8630704502554654	-4.482686784938091	3.865870548923498	-1.1048216858636928	1.447606707862703	3.13560292579257	3.753291790899926	3.1391956318876004
2.3410169112945294	-2.397971660939805	-4.299909551062019	0.2183892195380377	-4.737624068080772	2.151241483154874	0.6436246167736266	2.1291557085567083
-1.091176626609328	1.5898726767775617	1.2445437119338374	-2.204865718529346	-0.04897048868193288	1.9602580375877394	1.8356691232242475	1.9297101590290566
-0.5375016949468714	1.318706066845838	4.79151037274873	4.2085801991649845	-3.761682333204479	0.9106395482617133	1.0014451684917989	1.7627392909544608
4.581654175119912	3.9606872848488823	-4.877302488556695	1.6674447998626407	-3.914604507727794	0.8136942884233671	-1.5625739508975556	0.9984883080934991
-1.6285745228274697	-2.5644885136647955	-4.709387468032661	4.346283547612352	-2.6146047155622707	2.5176843918903007	2.558535842715879	2.4477993916582172
-3.603184954686017	-0.682527883040903	3.8870079200527705	-2.0692861138633134	3.615117315951329	0.4688748770829345	0.6194007434492999	0.1904666562668459
-1.4445465189544668	-2.4739429128138113	2.8005624491284866	4.746167161191252	-2.796053045681065	2.0192787652117152	0.634674038626355	2.0357432295020303
4.745532759788366	-2.250351282283305	3.4406440426588443	-3.6772970730575527	-3.1470522362479105	3.3921317422349757	4.665738384180062	3.3606015839869596
4.561671302863422	-1.9862797097908147	-4.910008447840326	1.8499119290653967	2.9738354932266278	3.044323629580525	3.6163648089038443	2.9789416668697317
2.1527176642648937	3.5852001543412406	1.9303761608143812	0.3698564426864852	-1.3548998413653845	0.7094126566831027	2.446793315987139	0.7195747866926344
4.7621906120700235	4.353365986481375	4.490777791017633	-4.412445386305842	-1.4761214823096456	0.22632859785644666	-2.5759566281989823	0.23929130674083535
2.0699056590564116	1.0633278250305551	-2.172070778524573	1.3651343891189347	3.9310984886035065	2.2610746225532297	2.7964581737418035	2.3824241692446653
-4.7915796910007336	2.4953169745328694	0.92025073651266	-4.435906308669901	2.767800986907643	1.0869978969749576	-0.9476555263532394	1.0118131894666558
-3.610414354626835	-4.067139488923308	1.0749363240255043	-4.7252672438532635	4.7301687277994535	1.8095786159209246	1.8196408570805491	1.2779885809043667
-1.3396755117401469	2.6220634718580973	0.19499875847866743	-4.6950485806016165	-1.4687400526452707	3.6756498733002	2.1799377920388165	4.105583629236225
-0.398526946339234	-3.722603906640831	-0.5863987022610937	2.994010834218729	1.6943590005821907	3.2236182372388167	1.9502071765796798	3.357031449911861
2.3782869745698463	1.1657039475865858	3.9255051369431158	0.3502742770358509	-3.0373467226667215	2.382160736009025	3.053879823798125	2.425317879503148
-0.32741358011028954	-4.285910011620086	1.413642008519287	4.634507475013622	4.4627210115131515	1.0293819330548621	3.3214870235230927	1.0216652804095074
4.186565772458167	-2.4512902559576224	-4.487612109537329	3.054121395470764	3.9187931649795846	0.08560243262098122	-1.1011510265543838	0.10711141379288719
2.877799083982458	3.041067697631483	1.0331572565412204	-4.849125354578284	3.8199741376377148	-0.02759177748457331	0.3706450722835978	0.005016855729129889
-4.081507413090208	-0.7822720409132424	0.5220662812234265	-0.49798332304708026	0.21735350649790242	2.389963617298815	1.5409994991904172	2.4311021307323437
-0.476243795917755	-3.8527959420045366	2.3108578941913294	-1.5064085915870349	1.007468706212392	2.091671489814256	3.121724440774903	2.0750327785683984
1.1755771566298403	4.166389017710756	3.6995249318317676	0.22196078638058392	4.904818559053247	1.9021577171665325	1.5035567897765731	2.0281556101035676
-3.084168001376082	-2.942825303774119	-4.494958959144823	0.7665262485545448	-4.114379404182046	1.3739514227315812	2.0051462197780454	1.9234483821425155
0.6977584094164655	3.106383053400565	2.056962498157872	4.074009238623269	-2.1637864415215544	2.5761579343740966	0.9827739304659584	2.553909265171427
4.165514303490735	-4.844671101672892	0.7273863729164578	-4.475002047390154	-4.53180208902745	2.8018335139857893	4.297870267400412	2.7597640104430154
2.1537482298311232	2.1155436944156145	-2.3806867100914486	3.6372702631877676	-3.682774672234533	3.3270939200133007	5.251820412130362	3.3139066291204133
4.205910257847696	-1.51372316681155	1.9550211672473852	0.5985062183984766	-3.365969722175831	3.8427781606306395	2.524984748129736	3.7907966772737667
1.2034702445621237	1.3677100263134054	1.551885242911851	4.8773279232827065	-2.4823256352444165	1.8716552860230338	2.9576797661443806	1.8907650673999787
2.388836374086761	-1.5783403279525734	2.861469002820046	0.6724935700677603	2.596290600474137	1.9267130587734604	3.0051271178826573	1.8605995888895845
-0.07493246841287249	1.363392480712574	-3.636032348675875	-4.7904684399972695	-0.6938155651596816	3.2229283854819357	3.2002253326084538	3.337760837942237
-1.4776453162898475	1.5461522062639617	-2.163547696562116	1.606398558845708	-2.469911130529111	2.0490024842267083	3.034302638903614	1.6655950751075579
-4.415956583655737	-3.1043918193945097	-4.221278987848441	3.1434550295337225	3.3391163798949357	3.489088031368603	1.6655456555759771	3.639775409749086
2.448001373279528	-1.7326687394384233	3.0477158491669627	-4.826870150707153	0.21362748099207174	1.7607945306331105	1.4182248557099617	1.7445847399608136
3.980396254520411	2.2958398424688378	4.568747665159435	2.4015082989431793	-4.7966540684756325	1.9741517627429357	1.1784990812366392	2.31621805931404
-0.9409965371417481	0.09091306355393947	-3.352048693877224	-1.0685790951629883	-2.2542760837083984	1.5691449321406636	-0.030469580879354696	1.5435609239887371
4.750805575229929	2.836285109876421	-1.6555405468697835	1.1818224016491738	2.4845993693059256	1.8435373508405297	3.240014183159116	1.870471671629766
0.8623472474837914	4.7035225455095855	-3.009314923909432	-1.5778675713754229	-1.486494950343764	0.8957841267402535	0.6382967235073878	1.0075147798906532
1.8180996102153646	4.573050977376354	-3.1040127154074693	-2.4549864025391055	-3.585720221998571	0.924205228994895	1.4264177073751274	0.7067394909778775
-1.842177735040904	-1.2706235165719484	-2.2339739903832867	4.228412061681128	-1.7198363408460948	3.15581336932828	4.293790123260501	3.1385571602623834
-2.7583906292939986	3.488590646961411	3.4574170968798654	-1.259587190811736	0.6228193300746518	2.490829347969084	1.8265843522208787	2.4399838683376274
4.046480476845984	4.316059818207856	-1.3929000486011844	-3.1449915143879412	0.2567205777376813	2.2587334491117126	1.995467404122768	2.2187512508129714
-4.116875720891018	-0.8503660087995968	-3.805632687827689	1.6751938941031206	-0.8374207100664197	0.3630146830799874	0.9578142108876292	0.36386665856551403
3.72097853768555	-4.619788403717063	-4.711283848044299	-1.657537045522015	4.557911414507171	2.243437690991362	3.465159630440364	2.257617070075187
-2.80122859854099	4.889496495702449	0.6033519378311736	4.226219267846016	-1.1945399932789735	0.5710896675014396	0.9415600066386114	0.2968823734150738
1.7939042502582776	-1.4900767906784784	1.0104540000199869	2.297135221864421	1.7959877602011556	1.5497053070295381	2.005599002062568	1.5897854743055795
-1.9867398634861555	-3.0673664831785685	1.4262627933239553	0.2872021511863849	-0.6018100163026228	3.204436346916599	5.362736942283188	3.1697477163070156
4.281541897792881	-0.9382221905633559	-2.6726828716726345	-1.8709167725352662	1.5440483984087559	2.8318884006957554	3.9042008752441815	2.8885989789125666
1.026832974925874	-2.8825049381003187	-2.5208133409679565	2.4521263339616803	3.281510728601054	0.47862598172428483	1.8535473433409493	0.34951705026757907
1.8050449698619362	-4.927298896178235	2.494024840867489	1.068970750474171	-2.1596299636549876	2.2749036243108343	-0.7984536792064705	2.496962505911818
1.0254540317776488	-4.314693589639108	0.6063912886337519	4.210144989219547	-3.7608354905368415	3.676903056076667	5.434970375540986	3.7128343763208678
0.6552323998263283	-3.8225454017249105	-4.213223495552558	-4.414072176740178	-0.8237564097842345	3.825466266421298	5.110680483644627	3.7940945293979547
-1.9289814411318131	1.7627098927739615	2.2136981269260625	2.1490450622864614	-0.28899505770347833	2.769384956976534	2.8085268557356744	2.720668924573834
-1.320830631963541	-3.9898192556304224	-2.2469217831613806	-4.464571214383165	-0.08757558660051679	2.2217438928852014	2.6977258124356074	2.192008245583209
1.3816936252469407	3.9819180114344803	4.707879614839495	-1.353298316667726	-3.0648137696914723	1.1193771077840011	0.9836352587971023	1.3676184132564297
3.105408575209495	-0.4173412280283415	-0.6586328572555624	2.395761647982617	-1.264889872397589	3.1614957782961772	2.037769699865967	3.2713662050971286
1.9951682797582384	3.491026685500957	-3.8513294654072316	-2.8831035291588036	4.912034494017474	1.8361492946371127	1.568589218488352	1.9752455984578623
-0.9192958508783908	0.16390013601802345	3.0343127166284383	1.7508431828951956	-0.4457268796347371	0.9480453990710052	1.26599501810428	0.9506927235938447
-2.2568857536675524	-2.7214397916621715	0.7672512049419762	-2.6571637959394803	3.5228434205653922	-0.06495111641793372	0.3732996401308261	-0.10121280383577627
-2.974250833549993	-2.692367574664595	-0.9592440515400922	4.474465524149817	2.6593208066920084	1.5814494277164224	1.9783531671567667	1.6258397483421816
2.4383052063029744	4.170563862005157	-4.739344782092001	4.585306246700357	2.487777521989141	2.0635000504497847	1.9040850945852728	2.3514846510727425
-2.856015476127023	1.2396266322934189	1.4103592789918329	0.3763418243030525	2.50482960849883	1.769407006560543	1.9471560071986689	1.7556706154224364
-2.34737383850291	-3.5127410045747185	-3.742264593863036	-3.169468569350673	4.086780319142145	1.0830200174283653	-0.19290122686289246	0.686323483117339
3.2798510371002116	1.9604789507683478	-3.227396816015079	-0.8254589853881296	1.2591551976034303	0.43382864194817206	2.3604814381376906	-8.205849295373948
0.9918910382886388	1.6323246007382899	1.6726114396749248	3.1146391977853387	3.4556726983384145	0.03960067445345272	-0.3287443494286755	-0.008857688673535792
0.5964716082452011	0.5573752306156852	0.9494177488024516	3.1343405564726385	-0.7010764134184209	3.503247748985646	3.52272373390941	2.7385369186613295
-1.419505093046045	3.825407411941077	2.200684306046446	-2.272507065447116	0.8474850354428289	1.5802245375422994	1.425044887330171	1.681999431539964
1.5342293440323562	-2.4521916304071367	1.6613447729920576	2.4137041075985035	-0.20808190880461286	1.5610278760344687	1.1243402235476527	1.5720807096283407
1.5652128331400732	2.8028824856252887	-3.363646394924481	0.19026337306385255	-0.6612403044087607	0.516079965603581	2.021946691837187	0.5076675424279455
-1.4410032260516967	-0.9222905493130948	4.1848741948539505	3.7152546399671547	1.0300884397849117	1.9686574850423268	1.599371874794806	2.007059924478499
0.12395505395387652	4.15982017236081	-0.5522257442671998	-3.818711510724333	3.1656237927669917	2.6053349807127604	1.221719124806835	2.6418202036887135
-3.8190272388429056	-2.2742467747986996	-1.6011776843358891	4.179798881584274	-1.56506562246024	3.8087887676365084	3.1404597395075218	3.9813306224936693
2.794237783874518	2.6754712903561337	2.8608618007093503	-3.4522941128943883	3.0796024298882934	0.9976772492714976	2.4802049143076	0.4543652550309939
-3.477393933260405	-4.934281842089209	1.9870134950810492	0.2644204147957758	-3.627717794319726	3.8635890057384046	4.287855705599033	3.9795263570536035
1.271072453775255	2.574477266327743	1.092062926803683	-1.2886014226828966	-4.015537469906768	0.17605804561160188	0.8792799892163475	0.23970305880555082
4.768571872582646	-1.6680001229495636	4.480944136459755	-1.3925917551391986	-4.173405167879692	3.4679791449168427	1.7080748073056407	2.9494998134909114
-0.7003416416360349	-3.623137399299784	-2.881839104121624	0.2136223469495766	2.600093413517791	2.4149867303447845	0.5612077540110851	-1.9746760044823404
2.6050909416891415	2.1231957212129036	-1.301299015880474	-3.6473911190867514	-2.628163057179572	1.4740995258254799	0.09334522891705554	1.4631997532288687
0.320712516527907	0.4632858010022858	4.053861794036171	-2.068823075351618	3.226065485654848	0.17602236888282485	-1.2134157865302941	0.14137768848077864
-1.7557962975506536	-2.5501292116921737	0.365575155579859	-0.8718267228651486	4.04318485670461	1.8707978306576907	1.1387086381569165	1.9064398369697648
-0.6872541584763514	1.4409347604385925	3.677608012250621	-1.7427278115288214	2.8558370668940904	3.0210530717563313	3.56612358665785	2.9136516307280624
1.8563127864689202	-2.748803164132535	-1.780818288022771	-1.3285985563272087	-3.00055703883558	0.856091813108258	-1.30458099955614	0.965904473807426
-4.7053836968278775	3.083957430256417	4.5377695664589925	4.922726311355422	1.2135938681995047	3.1148716732560198	2.296547775034872	2.472152492664399
0.7580222514779855	-1.7816095831141388	-2.329632411092083	0.06597764287914476	-0.8609982955652988	2.7797339698680883	2.8421053803642575	2.844652349585599
-1.53698243525732	1.3158470636061947	-4.698928244630977	-1.6805481227612598	4.8216952061941925	1.974870407215741	2.0539202032882566	1.90427750323818
2.109937897496847	0.09927733902140101	2.604899573207639	2.595091249424124	0.9929899336763928	2.513080487584343	3.1707539423386315	2.5350394310804103
-0.515781406323117	1.206360942709221	-4.729884541619613	-3.6087797593166613	-0.6888232193217192	2.5501085988874395	4.065633151005707	2.420136311170523
4.289771035419708	3.127649887058384	-4.304736792934376	3.4797908191291143	-3.300472305210839	2.6959575611651636	2.6603473349406537	2.608245302849595
3.359613185448353	-0.8897470175261439	1.2756287778514066	-4.879388150832373	3.9954667208711996	2.116263435471041	1.9298224260253338	2.703128551079039
-4.329780908741331	2.614371229760696	-4.296483467106671	1.213663885107584	0.1256033944651307	1.9930527756099412	1.8123166229837635	2.401814497036452
0.1439919912850467	-1.7515183896658737	-2.7985658333143526	1.1412077977770076	3.6544564766274856	2.333647844191686	1.8831410193751956	2.3223302473106053
-0.06970416115370881	3.626681303992182	-4.217089308462667	4.051107193012033	-3.757806513059685	0.39544567010300513	-0.8057297689532676	0.4560751434188771
3.9986721684504403	2.6249988277782883	1.2670371550194108	-0.6528597352969365	-3.2804255231203063	1.8432178666425334	2.1517075736725824	1.879221918744833
-4.024024032758287	2.921398731322167	4.34706686425481	-0.5331990270353781	-3.300768045199094	2.3157525838985777	2.809054673932724	2.311627321150946
-1.7252646961713292	2.1153748032525277	4.69650182190388	0.8959634037514208	-4.91093866715245	1.9231751641262569	3.286046364533779	1.9346600470321331
3.2853056829667686	-4.47855844220277	-3.678741352635595	-4.630441504181643	1.7465284340262208	0.857933665438205	-0.07345654639010557	0.810732869899974
0.9918845758109445	-2.179726407781498	-0.3536020748581956	-2.425433219900998	-0.10399316535813607	1.7292461864081856	2.292755454924302	1.892845277809719
-2.7000620103552198	-1.5506650458037772	-1.297544063831928	2.596739655387575	0.7926528168651892	1.5668190291446773	2.820397156665053	1.6626585368672373
3.9343685379418254	-2.158722635816148	1.134843211320245	-4.978050294419445	4.24089297605833	2.956357781929407	3.0983863700812924	3.0894951141160982
-3.8340063506690933	-1.1466022691167952	-1.453899594748843	-1.9105858961561317	-1.8947335440813964	3.3074919755792385	2.429299338612748	3.3408143041762246
2.1367903285404353	-1.9658145610977193	-2.625956489828157	2.2087069543914684	-1.4923318378232286	1.0265483238129658	0.2231330714152252	1.1272908258493515
-1.4798653547164244	1.0606164831813256	1.5122735236424933	-2.711783904067743	-2.416217391925144	1.9996171605164434	1.2125415921823461	1.9249428607527168
4.570434161550725	3.0822989059342447	1.3075109955749387	-2.676015785710936	-4.988742136716269	2.291377953054292	0.46461718127439133	2.390761305730323
0.4908937059282259	0.7245920867507216	4.717361765127908	4.111331160613602	4.860235478615859	1.9927580802806004	2.931020190963713	2.1847484823915027
2.937281024753311	0.4972628639995271	-2.481155939345988	-0.18947409463190823	-4.24032799629452	3.276120131717226	2.8921564182557913	3.7439033235191763
-0.9589700852815142	1.2483957067323974	3.1561545496803465	4.576606423407622	-3.0803071088393494	3.5947325501498306	3.4211576893180067	3.637650885820466
3.4876489902848533	3.5168827733186063	-1.978664779430952	-4.257285030767777	2.7215157688151823	1.2466367242164091	1.2026862486892353	1.2505303709879676
3.14561892261446	0.8729625572838327	-4.278561360612031	1.1878484814356849	-0.7783725459265964	3.4805741404003934	5.209119275516759	3.504958550371827
-2.666842707542042	-0.021611046610125584	-3.9522438980526453	4.617777012440431	2.6170050477760913	2.291200480985855	0.6817784660533437	2.6595289996358535
-3.9543867477007586	-0.6646971352404707	-4.277301135056836	-4.119229293961713	0.22374818890339654	1.7023634147711784	2.634482601885989	1.6299055986591484
1.7454888293332598	-0.7165067887311194	2.909724259383376	2.514520594100328	4.626051369200608	1.9038335865192944	2.5443398692819517	1.8527651884951366
2.431887176962629	2.7020790291484085	4.692907998142667	-0.8422324279201838	0.06651028801060033	1.9515330511672386	1.945352870620325	1.9531883845240283
-1.8895173244894172	1.751194440066227	1.639580361255165	1.5862243274415455	-2.9596159196940484	0.7121975431770511	1.0324583334120154	0.40881790786152206
-2.574322301334553	-0.9609937905344328	4.60420651142215	-2.644999461345452	-2.1922014332720297	2.601222761552083	1.8849157913289463	2.501955921899972
-0.4750702683849175	-3.280250931588803	-4.400507071623729	3.1449761842864756	-1.4309731831413974	1.8859442633622348	1.4758948567218517	1.939813444379469
-2.315489777086961	-3.067651984288923	-3.147549336229074	2.3836978971648417	3.3722101155846804	0.4805599528573623	1.344780970757177	0.6196244215882515
1.2398635233055755	2.4859525979395993	-3.0414616145325537	-0.15446582423963306	-1.689989468957791	3.5566384282037715	2.9551990606785563	3.6613567958991258
3.9660287055662007	2.764008605764312	0.5112730858644827	3.154853458516021	1.6983732115727115	1.3382518304883129	-0.3609590216697489	1.31348344780039
2.310107816350314	1.8644915475948736	1.0960854535339513	-2.5994709626658032	0.1795024704795134	2.3871973396554553	1.3458682011728886	2.3887868792528035
3.644786517871033	1.0661331245575036	3.423837304695855	2.8986874005700205	-2.6375429396086645	2.2368052288740468	0.6481930759311589	2.546625078786833
4.727678344905662	-1.8494685388992615	-0.932584398870028	3.099678549484487	-1.5226726179155516	0.6472702072753982	0.2011065713477589	0.6482288609782371
-2.350615427567442	-1.4642411376903555	-1.7484642146204896	-4.825444013074178	-4.810660988177079	2.030911274421052	1.2122067873267581	2.054793519194977
3.0998074402509452	3.4440381312630723	2.5249461941884546	4.4390569292006035	0.18116138058589293	1.7510229850887118	2.0020399769309165	1.7178262654067151
0.2510009064402139	-4.552880001047178	-0.7786474482775336	-4.738000052178288	2.528950040050293	1.762716921285303	0.22525549682221468	1.9664514668900246
0.46566886769572857	2.5449767173316253	-1.5333407294673105	-1.801035863010203	1.1977662355767613	2.311369696681176	1.9009005313119203	2.3398699236816594
0.30224362637278546	-4.387708044508224	1.1266415204420257	-4.660957731045628	0.4995041122499364	3.2493876477235197	2.297390722986281	3.1606792835390274
4.295316516374552	3.386140287435044	-4.795310918084903	-2.821513618870166	1.1370107601503276	2.652589710871632	1.9930576034698337	0.780843805648139
-3.3584939813703	-4.1553425597969795	-0.7099635959277553	-2.819258786862945	-2.3617296512459998	2.0109900093472923	1.7576987128926589	1.9596998631917846
-2.972804983225741	-1.3021855598555043	4.614962020856	-3.129435257982954	-2.0271339003669873	1.3348938898125606	1.6007197619188163	1.3088299390675693
-1.7819899153965024	-0.509742651046655	1.3737630246628356	-3.3784126820550817	0.14216108785503145	1.9291141038725816	2.079073044660146	1.9131378821288152
1.9053417426058363	2.2899297954930278	-1.5719010074560256	-1.9563280786365977	-2.7439271290273	1.146720762339425	1.44062848853531	3.7139053802032205
-4.6368812946047875	3.2066851622559245	-0.1653515683201059	-0.4268259813363269	-2.156170446747322	2.0777181293464695	1.9873266341025504	2.0260898383394097
2.3838498863849775	-1.981823852177241	0.7185015412359093	-1.5833012787192944	3.1680372810210518	1.653875807130867	1.5092709889921152	1.6268563264132438
3.8721870895590875	-2.7336656338808374	-2.2872375242599627	0.6083875496102022	-4.095423440812651	0.3334764191773909	0.7529202879593668	0.3733108642068798
0.2653038747389491	-4.27259844053125	3.2898972232996826	-0.664752761812986	1.7582225499150432	3.3588731356843975	3.3569708768733006	3.3587571625711274
-0.9626639182028214	3.500256750426429	2.589269376309834	-4.068791981188995	-4.905191490544364	1.8038114615021605	3.439548909026466	1.7418701698769605
-1.8959832631789153	-1.1736325915376469	2.070147337717101	3.0743597442851414	2.07263247800645	1.124564162148676	1.8120575049617709	1.30621397783096
-4.614544556450024	1.1216744504180278	0.7573621343945813	2.6443255855920933	1.6889588092598729	1.4471906204771119	0.021544420030636058	1.5115852925911408
-2.412512695618151	4.7617495838826756	-1.5744113542368652	-3.3698203651796064	3.724965574035263	2.1678136897182805	2.2986651214160894	2.3404212051621607
-2.9408615307755612	4.3965558786597825	-0.2420286574676922	3.5836857325538016	4.168809584474449	0.6356459389976952	-0.0034841905004083795	0.7612752287047976
0.7453452557408244	-3.323486574065031	0.27658476725220815	-3.3222219437693576	0.7318766213457621	1.1068276862788657	1.420550537095352	0.9110903274009734
-2.0060177054031403	1.0661469318970447	-4.191548846357673	0.36955431514331316	2.8824400721190413	2.824731233821795	2.3186797807214514	3.0253830089091585
1.340144690154725	0.6401344093939523	0.6135978300223242	2.8522696197835113	0.35809373712650583	1.204868951746752	-0.917008516109854	1.1914852574574775
4.287913836061094	0.9576900486770139	-1.3019926197769904	-1.2312705198464147	-0.14779237415620727	1.84756648531909	2.3981322205734217	1.8263838866262188
1.8660102942761654	3.738434601095813	0.3304501545823566	-2.725450969216827	2.3056021331066425	1.7445557844280342	1.9828321837671008	1.646977062568692
-0.5476906228563543	-1.9891870420158462	0.3699200221382357	-2.205579448952707	-4.5978673996883295	1.6146967210305936	1.6239798666906953	1.4458641992981798
-2.302189964899952	-0.7467690151643698	3.8432974231962227	3.9418592562915364	1.1247935177387571	3.757230440747921	5.1805885663048965	3.5749197066217477
-2.8626999019228974	-0.5545559001492038	1.6204797369128627	3.2925550723671524	2.051953859376	2.935561573286251	3.4315159538800653	2.9301254219933806
-4.644987006747946	3.421916766254073	-1.3337882245358212	3.418636995682432	2.296621713581337	1.989490083293578	1.141577978851905	2.0103245071618376
3.0226913025443523	4.731185761234325	0.6121827916147025	4.9606387363772715	2.10233234898665	2.1843131760103005	1.5558966145350657	2.419658617007843
1.1117094885174472	-4.3488342789174474	-1.3355822238113069	4.407521166002455	-2.613074141543237	2.053398729148929	2.9170152103644527	1.9127729043757051
4.980515737093807	-3.1024413213518387	-4.250530223928863	2.983795745706548	-4.055151797339603	1.7968675210990754	1.5218831906284183	1.682388375874866
-0.38033382772353264	-0.5949403109135432	-1.917335796149139	1.9982225999196306	4.141965599537357	0.630663401406756	-0.3037155760094995	0.6439132819624371
-2.5042291430270094	-4.659520538050122	-3.04418917426865	2.6995236284877686	2.8344556085166426	2.901155722052663	2.742795258084303	2.9227244580644496
-1.5817045870820587	2.665223427427909	3.4087198294276195	2.458523893330301	4.793834550010089	1.8948262202514217	0.35809956871041404	2.0230153249982443
-3.6399973024526022	4.20499580821258	3.6091217139333143	-2.853476626574442	3.6550656948739118	1.0753093672392708	0.22760499633992093	1.1131419371752276
2.568808380163242	-4.730600174264874	-0.27844282443481116	0.6536344633289932	-2.6269035679903787	1.4335124098231304	1.233346803922105	1.2550297970124369
3.5409902987203967	3.511188535457608	3.9574672995036213	3.023468648466066	-2.883684562639565	3.185759364256336	4.061132493489026	3.171574780147339
-3.1644218845887484	0.5069636407549645	0.21270226658584512	-0.10462215886081516	-4.0378180411517235	0.3410414409452587	1.4157812553064055	0.19745731442107098
0.12498342695321263	2.074041267319231	1.3991903176078635	3.771794914971844	2.3979863681176603	1.9827612964951558	0.2986264832952561	2.0636688855197707
-0.7068323925123696	2.048022582835846	3.161009119167794	-3.8996361651728675	2.826612098314669	2.8534716264239894	1.5489515640727927	2.462205234806239
-0.3988437204226969	-4.135016934887561	3.752598627847254	-1.7252394231938117	-4.904142781076949	1.8608015399356288	1.3507781201399207	1.4654481497633258
-3.308934085365575	-3.898840911068943	1.6705063754455738	1.4767845189232487	-2.227048435012878	2.2717554529089354	2.615759226510092	2.1042550147942825
1.317790193373643	2.4699813592783384	-4.226919260771631	-2.6133116895012964	1.5381425205274386	0.20458079216581893	-2.537349597448059	0.2971947817647494
-4.130300610817592	-3.841108482421105	3.1140029104797726	4.994432796407956	3.2248283488696714	0.29693697861400503	-0.34851604287199756	0.20072710826211493
-1.4759106747701747	-0.30496022309211224	-4.55589393243912	-3.6937976745289056	3.285485627151642	1.3905179582550997	1.8731346723977873	1.4160731257771357
-2.218237348550404	1.8562262841527541	-1.5909272982496834	2.0848301187538443	0.9848969882211867	3.9482920732188522	4.323547624320204	3.923091549576207
0.38959594865720604	2.9144908522416504	-4.251580417698058	-4.898561070127796	-2.4186362580177354	2.0043141780964415	0.322907331048077	2.1937245226566318
-2.195396085010998	-0.5758587312711612	-4.783601538675657	-1.6378510594533324	2.8460343975136313	1.0114144957349849	0.46801537269285176	0.9566673910932231
-1.8346923248405131	3.49157483240616	-4.976521170438875	4.680909236555667	-3.603361280691587	0.6457078022686407	0.19303955835384634	0.606362728355351
2.885818016524455	3.5855918549538615	3.902990507937	-2.323725594289403	-0.20464357183223747	1.4479022016854204	2.2504456205753547	1.5080634664020538
2.148439062657781	-2.653249952501071	-3.0412855877438627	1.6594228956962471	1.7559671462731998	2.942245234940271	4.319061173852184	2.8856514471571764
-1.719872329221391	-3.832908970469177	3.945540442831076	4.063544637836529	-3.0329050328493845	2.620493970694643	2.7643914012010433	2.546773027865091
-4.700793558588328	4.610484158207701	1.670647618601543	4.154038529501328	-4.479729084384036	2.45850045499139	2.046905179267058	2.46745966970023
3.1270603420166694	-3.6343020521053426	0.4343775160894614	-2.263694540398833	-4.526502673348879	1.4150869609956411	1.7377432481961588	1.5542524227955974
-2.2727992952447975	-4.841296923850093	-0.0043227700409502745	-3.898623064245582	-0.4648949011377965	0.8539284359079744	1.5502223476260732	0.8187320443787185
-0.41686511603349796	-0.2677419006708792	2.8296769540998534	4.268567893546177	0.28646993467247484	2.448385986971705	2.7654951465939233	2.365456534676469
2.3422124420162014	0.8566350336986828	-3.3989274352259513	0.5370939232907386	-4.122569260960828	2.957534242755866	4.869781247033068	3.013932114504771
-2.362210135054965	-4.748881339642297	-0.7464859482069164	2.742148310609535	1.2476869729689746	2.840376754370638	2.6118654976476696	3.1522253803914593
-1.1935397834739634	-0.5222342408450018	3.195296983984189	1.0243867922248935	-4.7878560442466345	1.9201593779043002	0.10227380157685295	2.16414538935923
0.8688328745939149	2.1896602584745564	0.7900474540208391	-3.502645468422909	3.6236122302741105	0.7114935731570271	-1.980123099843559	0.6512194307424065
0.6199101818363992	1.7474953008558467	0.01334987375854002	4.4458480486018495	4.405128293773096	3.085365121633808	1.4710546967250073	3.119957177233971
4.2718419220304344	4.964524785430964	-1.2911543741788432	-0.002577818590481229	-4.752161437444732	2.1149701393638374	1.290243274626886	2.2248608566180725
-1.663084116003838	-3.20432997832776	2.8867666741457096	0.34780987445944156	-2.5367779171481475	2.271442814373086	2.6593893797092836	2.3142500195329854
-3.249075737118355	-3.5367840123828556	-1.2983604808960738	-2.5893225702482714	-0.15891002023861134	2.392422816233143	2.300561111444022	2.492693815283024
2.20114648328133	0.7794274929521547	0.13788768053202105	0.39580797671456747	-1.4537926629425013	0.17926135445665303	-1.0678050954203215	0.262720361602282
-1.0109234356401018	-1.0610019042866083	-3.6096364220678776	-4.885830037183151	4.48520881956307	1.1867131742464603	1.6306414179057254	1.2374669442914037
-3.921669764351754	2.630034355006683	0.8518841139474445	2.9924481210035614	3.7158930101072	3.549403760317578	3.3127640758139716	3.6115750985064325
4.109846049806595	-0.33593587769431466	-2.9347473678184177	-1.7660659638173426	3.1486780746754146	0.5548366099826219	0.0209566771168348	0.5304146502777835
4.675643026638442	2.1381147011170807	-4.103034965811147	0.23454189221198973	2.7779515014925105	1.748091752532334	2.9071726550470105	1.7700963159337235
-1.03590702744658	3.412464180438322	-4.831742474832007	4.397986429467085	-4.403724247927807	2.831178348829189	4.0408609067623384	3.5128547733178057
0.40671681942234894	2.0556332530874393	-0.4664370000699902	-2.0640806358216235	2.090027855898696	2.5746407406747314	3.8390381615669686	2.5669223061592232
-1.0263492957168099	0.013141764910909792	-0.9473530288967416	-0.542197703036372	0.7240479097178252	3.368120030128134	4.420068936625568	3.864120685379969
-0.3323440619129334	3.9762265361290687	1.2587546301232413	0.9880797275859097	-1.3573331166688307	-0.047011248743243694	1.202379902362879	-0.09770729256747235
-1.5339008101645013	-3.3412223749584316	-1.590870897282357	-4.567303322951214	-2.6160427686212993	2.4200642167801267	3.1398828901275513	2.7122755972821326
0.038760491763794924	-0.3447672825306949	0.38560319373260654	0.7263217554305594	-0.3130820844307367	2.7720544170685075	3.848605359428384	2.9365382148656307
1.351472061638308	-2.5966255372693468	3.118202758559974	0.28095520163271814	1.9225790601734039	1.0203706562530943	0.05785923195408582	0.9901443275542176
-3.643260916741947	-4.374427223781973	-4.997342991136917	3.848985389802751	-2.665495444891498	2.2749019078933417	0.41601969738370115	2.5620893920234877
-2.886481765273643	-3.1127417865519624	-3.38505476780697	-0.7354546646695068	-3.941421363065607	3.9245631938172023	5.430531039085479	3.0812787266066426
0.5822178844011816	0.7152454970019644	-0.3281117230378907	2.7179218719036413	-4.9252170522959515	2.209929445635553	2.943202037542387	2.241401672691064
3.487411282203304	-0.6196522591247877	-4.135354327021266	-4.855005968763009	-1.750797826848487	0.5155404747386181	0.8418567801618047	0.5490034567058333
-4.182312627918185	-2.082364968514403	4.31055430576353	-0.7534093749186663	1.250295428785022	4.074575601454853	3.7150544680082778	4.063962511167822
-2.773953665699201	4.852242585971014	-3.7447022454043455	-2.2481220022440116	-3.4873702084415656	2.9564894603146676	1.8145980190283038	3.119805336682407
1.1433209212536184	4.329357331971737	-0.9983087723517254	2.036742057778512	0.9536551498318975	1.588002836066669	1.81504524601868	1.5769986130097
-3.846932710617218	0.11134703140098168	-1.0929575351585976	-4.340976465911415	-3.271919332751846	0.11726029736277477	-0.48762087131613674	-0.04407472885696559
0.5952442985361941	4.1555052532064085	4.3583665712294835	2.715275224159911	2.328191918332065	1.783105922044377	1.2067905422267249	1.6899511225279946
0.6785207809037406	-1.2135156630371813	1.6514329189635468	3.8748074020615277	1.957504037362293	0.898045731443815	2.3642434132033663	1.0520066231583902
-4.393035747430477	-0.5263434594494427	4.928787113066008	-0.40943928834629606	0.1798781580966633	1.7093048322065745	2.7136768766004007	1.7729587755826506
-1.690171589003703	-0.23383626662919532	3.0984105566517286	1.221061620454023	0.33132285555271235	2.5748984904400363	1.7115156057495946	2.3478276466269055
-3.4048202432359096	4.211901920358567	-1.0954522776248443	-2.385438840904798	0.47642188848610356	2.4527578652049096	0.7306337581485323	3.034572905293517
-4.094903392696524	-0.09300324656499015	2.420895676874242	1.09037712166562	-0.19295972811704676	1.604907912407286	0.3172679545634842	1.6842604965658958
1.652727207423598	-2.920299823382516	3.0455857583037886	4.306978958237362	4.590220327986291	1.423978759514791	1.0683874287523283	1.4582045776019825
-2.2525706606008775	-4.3509129504896205	-0.33807994858914725	-4.284265078850286	1.715806688413247	3.6534457816915697	3.3785724733023614	3.463434279819193
1.1018584352067347	-4.277924224102236	-1.2430653035751194	3.6551872293121903	4.935477714596196	2.05457839105529	1.905012080075674	1.9105523927766792
2.5088712583786545	-3.5608019493023937	2.204533674260815	0.17224432089429342	3.811837822772871	3.742159500792449	5.246344514476468	3.7536557714564527
-1.9204558403726644	4.657332853500353	-2.8304869044073113	-0.7851490278999371	1.3878727680348426	-0.04217696424638717	-1.2054081492082676	-0.11193360310415038
4.143174011963133	4.400012171171021	0.5188176915380378	0.8024857733590789	0.6675977961359596	3.5571997173946412	5.369097776719313	3.71921325627164
1.523431455332835	4.39705378328118	-4.053379220527226	4.64821518281809	-4.979420235474463	1.7174954862545166	0.7865690993617502	1.893026134768604
4.301236201689269	2.864992778940712	-0.8270092722364675	-1.6100700072682264	1.1299522995633922	2.5358313643868797	3.009993374870655	2.71623155491695
-2.4158938741179545	-4.893033115921251	3.447385388932126	3.978512722377989	-3.7626354580764456	1.765316260969984	3.1053132232970384	1.8974028096057636
1.3866082421968686	-3.376387837287388	-0.5921688453295726	-1.4942258595327496	1.3663213737614468	0.9282294656607706	1.9898210331165085	0.9495538652212547
4.319305716119384	0.10181877183058763	1.4472960580738974	4.919611015995395	4.357267012270562	1.899864552935488	4.386107530134163	2.1311796046829774
1.5268770939191292	-1.0773248957360035	-4.85228926825055	-3.638814667755712	-1.7362805036045028	0.805402795107693	-0.7407727255214787	0.8058333833772816
-2.2271645285856314	-1.988572518562842	2.494539189223522	0.050886106978724754	-4.337304674213792	3.244868408586285	4.15522281862809	2.516212330268962
2.9773224271720107	1.40903831377988	1.2609629011419532	-2.921470854372985	2.8572470921470083	1.2955275224620044	1.297345687041965	1.3194536598857243
2.480553532856618	-3.475348105728319	3.3507567693766145	1.420637152489073	4.451485701944659	2.679712863186719	1.3164031123696864	2.694248171542815
-0.4755170003248974	-0.22868151326443353	-1.9281329140691317	2.452054616642351	1.5990980535112218	2.0959561677870813	4.631727091136209	2.331911060093458
-2.115448986573709	-0.08965125036040522	0.03898904096439093	1.730676382562586	3.8527496229933984	1.3852676988297445	0.7995204821710058	1.3422527803323812
2.828953855399206	-1.6313720910413307	-0.26778478196944366	4.432366204324609	4.956732051328865	2.286125678584722	2.3194999579362494	2.474294913696697
2.9124483783486346	0.008015168287622387	0.5440587242843602	-2.285219478749415	-0.773439238681731	0.2898717959874393	-0.06568903789882535	-1.1241992650503425
4.129865607904717	4.679571967741589	2.029518686330184	3.2027178144211312	-3.3469396190221437	3.832837551095423	4.486939412052614	4.071432904849989
2.4606972707126307	-0.16449259326611898	-2.04309241964857	0.09052047235098559	0.550323550807235	1.2766286164760159	2.286000320762809	1.1923251307574572
3.900344809231152	-0.9473893499291686	1.7699367071682417	2.8128562528926713	2.2170621652826448	1.5336735442202076	1.8920039787212566	1.443425889157197
2.109322384944697	-2.5820118094569855	4.131048890191124	-3.2651688239710275	2.012950274700758	2.261321778966324	2.0427611216257837	2.3628359974599378
3.747331856283374	-3.3914443747278	0.036686781380828926	0.9232201990513005	-4.933799926053429	2.153590593104211	3.535471193910966	2.152070991734636
-3.9777198968357217	-2.2766389093730863	3.0642320633131206	-3.0129171072921466	-2.66414058939045	1.8111948021197162	2.560805169154133	1.940699279097232
-1.274788897620188	-2.112170337988275	3.6801129039107074	-3.1546078719289303	0.5396170161654013	0.6483847988492173	-0.35719318294074176	0.5356984367761594
-0.38454228537986435	3.7984111995081395	-4.899222065939018	1.4791175136227164	0.392700169545499	2.8309797968390615	2.2034340392828673	2.7743497409503637
4.196792788930683	-0.8691893181545227	-2.5840625725678654	-3.6682941164913627	-0.12812895062227803	1.6661498991986528	2.083305806389598	1.7584991798656158
4.697422576888297	-3.7785433618866318	0.5702254057119651	3.1707422810428536	-0.6857467704250748	1.243161558248679	1.4259584915321049	1.6030634443214926
-0.8754422469772427	-4.858001322897235	-4.752929611868995	4.586973261643596	4.550679492649778	1.4997259123099846	1.2708168842499228	1.580703229405827
3.931745610425615	-2.0124671229236846	2.0675644631937278	-3.346201451881586	2.2790315185373426	1.748424135295755	0.8000955731892471	1.7077008240493863
-4.8117691820254995	0.26202219619642975	-2.2835537948231166	4.898792752503745	-2.3701946342378974	1.8734262717662618	2.3608216382425864	1.9556966390751354
1.6907087177107112	0.8682618408252711	2.702323041959769	-2.1183552846715314	-2.0271436018598643	1.3363193110639542	0.4083769101683151	1.3150461840828966
-2.8385248393434726	0.8310380471055812	-2.840297692906896	-2.2085180603598897	-1.057902175633143	0.15121797410823246	-0.205368647153639	-0.3243939783328804
4.756351256274357	-1.6309036040782168	-2.7077603787838314	-0.33150456307576626	-1.347492745860662	0.1988216868647228	-1.0452601071994478	0.1783300747974233
-3.4182088438721623	4.979506753627398	-1.1455927660831278	0.41523897414044075	0.631306528531896	2.752349048293889	2.4241271672455307	3.779389884548024
3.4952604521241977	-0.3486378490002018	0.6776253571647048	-2.7494544786191657	-1.198928620706007	-0.00358025939053519	1.0833565947448178	0.0489499943231668
-4.264161325363131	-1.0344527813482318	2.2354627612849223	3.230803548572247	3.629401973163816	0.7752029308015871	0.5187210675782801	0.7391684325634122
-1.2613493795565667	1.4864434425218365	2.6413763168215567	-3.6445553249154683	4.47874310598141	2.914250913252498	2.6061246693981133	2.8842080238313494
-1.5390979051187523	-0.5387886915246867	4.4240467156336365	-1.7839335963061789	3.564746526742068	0.30194414801570124	0.602601584476402	0.36601310291604466
2.8207502238520448	0.5368601283995211	-0.07509736994678207	-4.682997919296982	4.146696144906395	0.679721112628205	2.1035429249805704	0.05597260798178849
-4.883179907517511	-3.9265136636407605	2.7410209891781534	1.611398678706827	0.7928633936597205	3.3406094494071743	1.6669400835020485	3.3469093215129035
3.2792114947628015	3.367349730930158	-0.34893493122709973	-4.692259450475751	-0.5013604826870477	2.9573941036450213	3.0884539824075175	3.082546086606334
1.4774674914899775	0.40124732700684707	3.9673843903671067	3.472825239372918	-3.225755451930966	2.6115956398680225	3.0890882681774134	2.563242954194382
2.3453220437346243	4.713199374848946	4.251998717884165	4.534115981105684	-2.2685581599015725	1.780607721081313	1.277367106901988	1.270465164163483
1.174020330985103	-3.460345738702153	4.477602400352044	4.38570720763302	1.6423810865508042	1.1340378058224556	0.7956219812586226	1.3314431532429079
4.324610878052761	-2.9110473512524737	-0.5659313589417083	4.820125436143416	4.810631927163598	1.99813125937595	2.91309951250147	-0.32864133546438046
2.9223211952664077	2.142738499453775	-3.6087153622183523	-2.9933049656339628	2.5510394535826926	1.658848962758416	3.481356690106387	1.6382722437434283
0.5966563679908079	4.005530732578045	4.507032493945612	2.248170383804659	2.25781530763308	1.6098231681176849	1.036578278915591	1.5470074361091022
2.093411616107611	-0.03143131694155343	3.230690576898022	1.580024489082632	2.084963035137271	2.0833184560576257	1.898802318811902	1.968223571917848
-0.4156020003537204	0.3562686004563904	-1.1960503957762505	-1.9338205442386567	-0.5445323575781789	1.1850944472522236	0.4884172636485048	1.0904133756758938
-0.4692345659211572	2.816035537354863	2.6832219696361435	2.17863853563395	1.7662087148189123	2.178587942003116	1.921309324084112	2.152940746656873
-2.472816191797409	3.1921271063663355	1.1978172141574532	-4.176856574645268	-4.388179267660837	1.2854305289336756	0.017608538928699513	1.3297565505405917
2.9521767618155	2.505867369785758	0.677897058538008	-4.354738487012584	-0.6260287487686149	0.7912348745240214	2.5024998997645067	0.7989093462883361
-1.861477982562504	3.6744408746562947	-1.312964319864621	-4.641350378690755	3.5675358540965565	3.7199801481668193	2.2113801473603916	3.469386225006175
0.15216543290417217	-1.8198894550374831	-2.3974203007720405	1.5788343070638122	-4.414965035483287	1.9136410066854976	3.0058079685050796	1.7621543107555158
2.670710927188101	1.7922429010217735	-1.4875746609346474	1.824220500147126	4.30070158235457	2.6782797798343125	3.698444687742003	2.7393709870075393
1.6769195218077932	4.844363902620772	4.905454743833156	-2.715738862708721	-3.717823660721369	3.5592245327974994	4.943526114862712	3.5632936434551126
1.0070655733757121	3.063993112561734	-0.3471529088299965	-2.8849515781813118	1.0727918496901587	3.866621614504016	4.000342066048539	3.8275338537064396
0.09420319685791867	-1.5627880697887377	-4.887804784063224	1.4661347995247542	0.99744882974686	0.780414292105662	-1.3029469036162042	0.8180264103268053
3.152498964658408	-4.704794211911276	-0.7751483894230997	3.981072461891154	4.962210908152214	1.69608112580227	0.6053640428558977	1.7049848292311378
-4.377387324920507	4.494411843481069	-4.69707685333427	-0.7808888123650437	-4.633928897127014	1.748279710051547	3.33105799771213	1.7253086199656094
4.920138340991876	1.2000149214463631	-2.7841184640747785	-2.5114528800118663	-4.608165708560909	2.2782501984070933	0.6684280382052394	2.3036982178391807
4.196543800396441	-1.0743722252284407	-1.0347522792450348	-4.800690024365287	-0.5443685672033824	0.6900799628328544	1.3302041577384776	0.666423174257696
2.2720867735740953	2.763420540718947	-3.92676746979038	0.5208019646476725	-3.95833970746704	3.8340280525971275	3.9199113565463373	3.8041334928364243
-4.714961431490396	-1.1857567131739954	2.787342326399159	2.93415926467404	3.476776072273948	0.746820514636847	1.1648039900338412	0.843589659817093
3.2542981401565836	-2.649663884481485	-3.553586052731208	-3.4754265018462682	-3.8522944156061345	0.21458003178071228	0.005136981336093915	0.17822638967683033
-2.5047007626433415	0.2926663946664556	-1.9245198778465342	4.255349786202986	-4.971010143963143	2.311595543602465	2.8500436098094575	2.358358482899661
1.887930050910681	-3.7326488080936504	-4.6358947045299725	3.8921036209301896	2.0552682890448173	1.1063480408104254	2.5933801105806022	1.2657759402521278
0.4973710160638021	-1.725539763283248	4.0522062163565185	1.5652027291983384	-4.176739805838134	1.7450060228039481	1.4497057452069737	1.7313414784134056
3.8928861902197127	-0.45560558689520825	1.3752355011329334	-1.8335831071355644	3.4815054951310547	3.857118462490558	4.546682735682738	3.926853587965027
0.7088224738624325	-2.490266264924003	-3.9258621286205333	-3.153877989844588	2.1683640562059106	1.4751988637844624	0.783041507861676	1.6637371489574941
3.405182298602142	-2.3015567670937265	2.7846994505923934	4.896325998407265	2.2430900122114927	2.1759930649374604	1.6103047528992742	2.0897559215579
4.8619343336832905	-3.5281176999709585	2.843269895421763	-0.6974134547002775	-0.39350508848623544	1.1094318176009663	0.9689454028467301	1.1003920482035472
3.621177342171011	2.023634794399742	-0.3129766735748474	2.45853870346627	-0.7550777488550882	0.956258888242205	1.1161575251623315	0.9553971642551125
2.7070003897473445	-0.08634858301720083	-4.20510318745314	-0.37681250588079784	3.4154651076132705	2.35202506792903	3.245415437939756	2.3836683934854204
2.802716088440186	0.15633498830975334	-0.30373003520880015	-1.202241103625823	3.8620759987223146	0.6170208909716282	0.9618211705008386	1.0421654612060063
-3.868931270418493	4.511458863543025	2.1323477567783087	3.935716038502994	-0.48145229977343007	3.2015195604949604	3.9725530263383297	2.739024359340291
2.583261633952346	-2.7940709831043273	-2.7307057505977195	2.8841655186846316	1.0673003562001124	-0.03025586761612642	0.23704193991462463	0.26889360744385676
3.6203577184954696	-3.656878542406521	2.328439188627436	-2.498401426459268	4.2001829977535206	1.0697009222670149	1.3954305193268783	1.0177771868381134
4.832747071398902	4.319599645932566	0.5350011654226181	3.104616464864435	-2.120419902685562	1.2332891826480195	0.5645680070728679	1.3388221622191991
3.7764215857331767	2.540979503036482	-1.5081054344082312	4.4887492805447735	1.2385089725160805	0.38187260009123025	0.3769442203951561	0.3569554032101382
0.3060902505463483	4.140633146987598	0.31866446175558316	3.9241492806404015	-3.914122384068791	3.933683975602931	3.471971940220715	3.9796933544314683
0.3019225328213704	0.38651315972466715	2.751235488748616	0.23701728080520112	-4.762457440878428	2.1896955520294545	2.7390308499941804	2.076008979173602
0.28618491978774774	4.984647295676675	-1.636980956385834	-4.606177841780658	1.3998915087952701	3.920737034307904	3.3179702702630047	3.8703363144437537
0.07387284793190574	0.4518220272628479	3.9673084353270873	0.28200380262344193	4.457544685002485	2.738184232613457	1.7752561528257171	1.7338610221482915
-3.1628702105949245	4.737551268417548	4.903404630890137	-0.3630495769476543	-4.018651357217895	0.3281154411862568	-0.08312205970449743	0.27313244184333096
0.47394740568721616	0.7669135297212666	-3.341526231980081	2.056510497086891	2.96773222292458	1.9066995632238426	1.5608276749866405	1.9335564552806772
-1.9608905260635434	-0.7046889332899919	-3.9094281128902564	4.796843579554732	-3.208859497739973	0.3197461992312065	0.08481151850745616	0.36996165850146645
-2.3183060387617296	3.0500038199627646	1.3005306935654648	1.2008782731713925	3.9282494776898425	0.5529742485915394	-0.05840366134024699	0.4167615476170281
-1.354404463126706	4.92220900839277	-4.858963012303823	1.3350080992080766	3.876915319412447	3.512011372196591	4.345203077337452	3.7841613479704557
3.0732170348484527	0.9626455840367587	-0.7810291867314696	2.3718865357947045	4.976759176105709	1.8951836137322133	2.168061824277183	1.833268615367762
0.48052489529882436	-3.913969768308756	-4.568549054661201	2.5704690554752414	2.1771882945250223	2.0020869192248942	1.0161153140853467	1.9348158691376436
4.902433842963331	2.3553074345974014	-4.522339516942023	1.4638516545191615	-4.441130565082538	2.6207852560493117	2.731603472394017	2.567959702180949
-0.8967659608635472	0.3014811479400201	1.4719995180121686	1.270639996449928	-3.3624923788264427	3.5914907499131408	2.7759093252036453	3.51153427791825
0.052816561997745204	0.2962244057685375	-2.3797104073299424	1.3954634959629564	0.3919420882065765	1.1098741707558544	1.046617359227285	0.7235132087813236
-3.1311792678670503	-4.7755695593127765	4.257239243249392	-4.45444804329491	1.718879213689151	0.7677791129405349	2.390530760874264	0.7912798849249861
-0.4055891973614134	1.1022762504618626	-1.7450576354104963	0.7533929902282992	4.66085663679544	1.6861846561543103	2.5848391017588006	1.2315400462094612
-2.4108432405066083	4.917760225099045	-0.10484498573553402	-0.3549883067709576	3.146876393270368	2.109740647067792	3.6139443486447993	2.0353449962574106
-0.7951238954563911	-4.078009993701528	2.4851822648945365	4.331666244822662	4.865574178059239	1.9945492576722497	2.48609344561619	3.1316118411761638
4.174128037277853	-3.135501172190369	-4.31800673710293	1.1783971918888145	-3.068702558235409	3.571123499088161	4.93996447725959	3.6380216162603958
4.036582339978299	-3.0046163906302406	2.561623900086242	-2.7916255961902117	-4.891398039957649	1.954839312051513	2.1363103797474885	1.9441865113466275
-0.4457689561801059	-2.7735057293543495	1.4781978422108963	4.216601951885314	0.24376554718520183	2.2206086902258817	0.576537603537145	1.9139601961966717
-1.5620551920895376	1.4024189499621045	-1.884140247343601	1.7338730349535965	-4.0582528662649375	3.6354669064143006	2.504508320766692	3.6259761975631726
-0.9639746711070698	3.109435311541551	-1.0625230810078365	4.423596848319553	2.16843790199383	2.6656532539957656	2.6240913662309593	2.760985132189359
-4.049041625901866	-3.188298743308231	0.484824647863455	-3.526145365915397	1.3830889521460747	2.816876639908309	3.0086250065207283	2.779451720954492
2.2340559263769855	-0.4489419401103243	-1.0342281105648432	-4.68901532031281	3.1643974663991674	0.2734446768486871	-1.1414977872916128	0.48951169699503105
-0.6257106794500809	2.8853821030442344	-0.7395100090079607	1.5944377269939451	-2.6545446864759215	1.3680412783725968	3.0152414271441197	1.0251503803294169
-2.3991827061068594	-1.2663421926762277	2.8900823017515833	4.70377037425008	-1.6460348856823392	1.9116640055069123	3.382915870011254	1.8493045287406478
-4.6503934956558455	3.047903883138188	1.9106952329669538	-0.2361446741579334	0.24659962777804623	2.0137386762522507	2.938318210992057	2.0760389787325115
-2.8844372803815865	-4.049433068239331	3.880381489966231	4.121634737082848	-3.4329858045540327	4.034924027974354	2.8720484398761075	3.9691405593675975
2.126554608423125	-1.7206186118117173	-2.5032915988527273	0.7768421402051393	0.03974414643468904	2.044211352048477	1.7105542023743456	1.9364778551261022
2.199871845664898	3.3263242973556633	-2.095910568336855	-4.129200958601405	-0.9535008892085814	0.19693514999616224	1.2289331539944797	0.5793288492568438
2.8986971970987057	3.4744618995289738	0.8277852970016273	1.715023993566616	-4.866504165571292	1.9099621459669889	1.3273335482610145	1.8968000630666346
0.7408009807004969	-1.319615708984868	3.145939305051799	-1.158139538091576	-4.494765396073243	1.4992935952082562	0.3991709906414189	1.4345721698874858
3.6698629040399844	-1.7289323622094965	-2.7101789166200394	-0.49756368555421115	3.7658103265126126	1.6635715839810816	3.140332707390537	1.7604961180719902
-4.909731404724976	4.494130215408296	0.6719294215007068	3.234788386123693	2.000136761796427	2.5924723674380568	3.527484268563361	2.6034601724575075
3.079921190437595	-4.311601402768867	2.792685759941948	-4.30615269462876	4.2424841432641855	2.483873300000268	-0.03969786614561377	2.129429132399995
-0.027523315770596746	-4.768293036525798	-1.038934958222982	1.380851339959973	3.07050329045534	3.5207271142820584	3.221339016402501	3.5632728122154593
-0.6554335202195603	0.5391026241988044	0.3087696754007654	2.770249376958044	-4.787402300331197	1.876217250032769	3.168521572669083	1.7204710597437574
-0.1987237698160227	0.5990288634591483	-0.3893626806770589	-0.5188673585225132	-2.4843235954075737	2.067912670033263	2.3472073073666215	1.9813454021098322
4.580005496432227	4.5469868753386	0.11464069537123578	0.1673310437235518	2.778673373205187	2.590672162194607	3.215953024667422	2.5280571635742928
-3.5506613426894154	-3.694236858203265	-0.5909879452364191	-2.807777432742533	2.8399243948925506	0.9330096982099667	0.8895495786277914	0.9045653563134325
0.7065157204776584	0.09069406455996187	-3.329184420727475	-3.183136987090409	-2.04342640439227	2.785096708089024	1.3139482284091342	2.136130220786338
0.014943229874536001	1.9069081153357903	-4.53531416083118	-4.397305179815298	2.075283455660375	1.1081073765486047	1.6709898206543707	1.1085190622958727
1.0519411718972558	0.21829748591212095	0.9349779105686284	4.756843492561556	0.8191144492843252	3.164363541334414	4.93537865757774	3.3280191798520673
-2.3744907538833226	0.009789083553338962	0.11336439131699105	2.0813303768143054	-0.2557151769483106	1.8027618353550672	2.4721144875211136	1.7274088295867105
3.1858371686730695	-0.7180952088907251	3.436295831795732	-2.9856388949641124	4.869013972720435	1.9041623426142351	2.954359017550468	1.8594555841259255
