1224.957728810336	-2.8630741253496392
2192.7165332268873	32.564695087852535
-1179.576270104061	-62.47985248151916
-2955.6025013868134	-65.95898025731493
-2676.8977414210126	-58.57709704404938
1150.4582157137809	52.685622404812264
-216.2311334350281	-1162.450285853255
-932.4983629630411	-19.38424324625834
174.66205499592877	-40.84886115493992
2734.9872117990485	205.6738586468349
-3862.5111832840153	1.103312565462484
1284.6921419525554	6.0629605259653525
1275.9544839362047	51.431341003666375
492.44125007977357	-7.58391282539448
-839.5321201763636	20.919076186520385
-911.6594995934888	-22.166409145990475
140.81095046642565	348.33578049547555
1769.0541265479055	8.478354045847055
-541.477090266666	109.76299395786356
-2085.5811350956205	10.927368341592752
-1269.5202054377125	1.5097754777085968
-852.2249530156207	19.972302005394898
-4286.533766441137	-17.979374279156534
1620.090148756699	-155.19624590612432
2311.76720304747	-12.198613372713748
-132.05542131422322	7.433327187703479
2152.0008246642674	120.48456883188678
-229.25542668026222	125.3044435048494
34.22588266059655	-17.40328264207566
-839.7136022543515	-94.6092328226806
-1959.2756196278435	35.12437203507696
1691.0566381138522	-60.64380570584005
-1456.4512589983503	75.61505491613336
1433.3522275722755	-103.30011358125276
2473.796669224196	-12.184872029487535
-2894.850855675342	4.397055711792784
1155.6166798442548	-23.231767298406247
-1226.5880880825214	-218.65217798775402
-627.9810819507763	83.40532198782125
4559.934644446335	-137.33934670900152
1801.0828329461547	-0.00805435318303477
-2366.132595255716	-16.49429342647583
-1160.0285217765945	12.063933435403287
-2003.6877287107084	35.2072935138373
2301.627741832758	-30.191370350144876
2808.753032900256	-31.154569234082192
902.2789613185537	-46.35892025396742
-1284.8465212261576	-16.843831203060596
923.1538050646303	-1261.3573715788773
-1380.5143637819767	1.2843242549472018
33.99495856427719	-6.9687030764882625
1781.2961685240714	-9.117737651480487
-1773.041602718975	44.254603696868536
1822.794863960097	8.343770225221832
2569.54647896759	147.9941435504137
1766.4781594266417	0.14609286383823855
-787.8195615964017	77.18122440825958
1513.518955665379	8.893510115965999
686.6817995495697	14.982769218278891
-1420.5190129581906	18.129992421445394
1750.5937223128415	26.42271686340112
1480.9457845484428	22.585404146975
-2188.277474613966	-17.6974041762115
1311.1462579902327	10.33537551238476
-1865.6627891977	118.37879172963922
334.0253294111584	2085.8513309335403
2506.9650510093966	11.354095486766196
-1968.2192431422645	-72.1775700102562
4106.682426090569	-107.09112996733086
247.29357770449528	386.9265959712579
4195.781046070814	36.339005120792194
-437.662542234529	-375.8140673637093
367.11529118111764	-52.206601081761924
1882.8056833690953	-292.75019582193966
1203.5191353603807	9.907496574310347
-378.9001445680165	2.5157314634363646
-885.6355969912809	-29.38375311933168
-2633.8688873902197	-483.22652268104076
2530.589221398307	-31.334451511824014
-967.9118392091297	22.703023150980975
137.40746576266332	52.38195635274464
550.9794587077621	34.61462106674081
464.3022698731016	38.54009494141782
1865.7931059291898	-622.5263862015199
1193.4367478778859	30.06127735174596
3238.203175474786	14.795292705801
51.68483261268934	-21.77017901047577
1267.3755395044013	-1.097230365307349
1815.3156701536404	29.132876476759133
-484.48022682227014	73.10871245113323
1131.9109431544364	19.02387356261299
-1061.5939816234672	10.115921877723608
2101.383176620572	-33.45289335267204
50.26492598223527	72.05705068230591
982.6967751057307	-26.519500532994734
-49.58649025529994	-32.1206884490394
-1281.4603864157734	4.045815762481849
2057.9708849148824	-2908.23448100128
1991.6188747294489	4.306161983116472
2577.607175986011	2.58748444952022
2395.061504760256	-12.939938132612562
2189.724936721934	-524.0847656567144
1614.6265221403612	-114.58738690901866
2367.607370002846	-27.861717996409467
1602.511489611426	-13.865592770793064
-4169.2160327044185	-33.38619759501138
-2521.6453555264898	-89.78352084120685
239.1053020885736	-113.7303447938629
-3143.013198182673	-56.96296324800601
-2248.5652452160466	-40.546209732083426
714.2672837128607	35.07369722763576
-388.2561015803195	132.58382417589715
-956.9374440572446	415.72965592603913
-1013.4174396124108	-12.154067261028628
-22.19534655103088	-33.919637696212085
1332.107235840195	47.17819632711362
-154.51013204449345	-2.3229333577929188
-2016.7465525890586	46.69009284703364
-1356.6526182562734	6.448922670180196
2013.8178331618958	-27.290290235194973
-987.7395796426798	42.03499713450059
-1748.1711827748704	-96.2930671027362
-1221.5882733937028	45.8804082203239
1900.5226508945555	-9.105891207684602
637.8712545134912	-31.002056812571563
322.06209465493146	-38.8334815814604
709.7187952156665	30.255726671497577
-2269.2908249723664	131.94126628940106
-308.01520424240573	-0.4967805425361602
-615.1634439902864	-15.87046089296422
-135.2351917566681	64.48087217477028
-1332.6981707244897	7.953506242591291
-2371.8821073715276	80.35626155533838
-1850.4955220904885	-13.104225350070731
1961.6833364995118	-40.59487472324395
-356.41632623612713	31.60049271131205
2068.9511242054286	51.64999286387306
-532.5250421992249	33.97489089104635
3226.581907415437	7.645717141367412
-2920.69221763695	-140.7508877861548
-2207.105397504053	-69.25801041822658
-1452.1946693564605	-3.857097153822326
-473.3746249461921	26.444716280797245
1232.0205163329892	-128.67540679774822
-316.97986297604155	52.51523365602674
-3351.24397758598	-28.126120205037854
-1326.9686673634546	-30.40756345673881
-2485.100538562033	-61.871626031145766
1449.5625049593077	-48.455732762389474
-2659.434156808433	102.24304181693321
-231.87948857261267	-10.96225250645795
-998.8037437792169	2.939038731041674
-1239.3969451928874	-137.61781865027396
1032.211769508776	8.205102886240148
-3108.077082735784	45.19491351666655
42.15434214021246	29.938358527812373
883.927442402685	31.971820809560064
-855.8294213378624	-34.584682885656534
-568.191276180357	36.93054857638848
-1323.3512524082303	-14.150187453473096
238.98921031019225	-16.200158921199552
1991.01233115666	-31.96284848287379
-5042.784610913171	-19.401912804242368
634.921472665978	7.62487113931805
1578.1732884813196	-15.829728697417455
-1805.2005914671543	-30.667937012247496
-565.20966302122	53.924332176124366
175.25528290939656	-2.9652727257896503
1746.5765939073015	67.27435774097347
-105.0801343655479	5.830628473404292
-884.0401312389665	325.9993915845582
718.8046275867146	20.372587440343565
-199.76441366304007	-18.3706645071385
-1908.45675235222	22.509751328161943
-1147.5790142323342	-45.390308421361944
1951.5363550064747	12.901879398933282
1467.6088191796493	-18.974772854362428
-365.7650444885894	-48.45189571550318
-4217.542863698469	103.14143103379035
1301.0363380426106	27.08431638229957
3024.843798891317	-210.7029172817999
-833.6027471611915	38.75087892648918
1478.0742763465396	102.36350581118364
-1104.4277182587434	15.004365211691242
1189.128317799225	-26.203034093011752
747.3882072522525	84.55499672085963
-2886.331178237599	-271.60001479151066
-1062.4905540621205	-12.48267123021197
-3296.0948195066567	48.38357506595282
-697.6438893171396	-60.08064070923444
-26.00129043812675	-34.480470119699575
3054.410146140254	-30.761565508086605
732.3836041383896	-164.11794475094342
177.74584002463942	-4.510788700334032
4180.685957124236	26.933303773713043
2661.953346061728	-478.0567950216661
1228.4526713480338	-29.5374789516488
493.6955352312823	51.814098322427924
-1915.8466306048767	-18.41355374219851
-1133.0707186434356	25.66277726690099
-1730.9374346648767	-422.8674445797779
2793.8809635377847	779.4324782618462
2000.4915209655758	-205.71873402099868
1057.5168660902698	116.49654480566308
495.0189571124627	23.55088005290166
-1192.1127266520448	-96.91535909545853
2322.814896958007	-23.820683983902807
-486.81245742914393	-4.298021461729448
2522.2902912842687	-1.0922847150577437
273.382409830481	-19.240814716818445
1551.3350492075147	13.847797662788684
1506.8072639515954	-265.42092561543546
2095.0732957881964	12.580593152900175
-1344.5740024073552	59.93433288884653
-202.82313121647073	-1.3407193684044876
-461.10073852628693	-137.55252570844718
561.773168863221	60.50399587244437
718.4201886904594	-1199.1756519189253
4128.848768110324	10.622955961906554
-4062.2164710896554	-43.499814744924464
96.06345824683834	12.784569116135323
-1653.3306149308626	689.5830519378982
902.6898041114604	9.037910693196583
-2675.6991050771726	-11.146757595971126
-1480.29489702258	22.454862841367735
1027.251558300435	-54.08949882646403
1452.8523964924912	48.606328185518144
2398.5556076961916	52.606159033690545
218.52569230366421	-29.67590214491781
2523.5402986166546	53.86918960221449
-361.09472224606424	-70.4517157402998
-3597.789993518999	-39.02847139864169
-2271.9448475116633	43.84072014140728
83.84299871018432	-116.90416523058093
1723.4591219055246	-0.4777161982465857
-113.77729969113024	-9525.164868771297
-2115.1222693871487	18.53712473085307
1572.405472024498	-54.683086610559094
-710.5880373334099	8.72969459473884
3271.015465125234	147.118232627308
-282.77614096365187	-71.64350317440385
-1462.356156074886	-512.5500649515507
844.9201612232587	178.11742822204215
-539.2918847692869	378.36046861570503
1131.281999827952	34.55938751474882
533.1756056172608	3014.504915472869
-680.0186196379174	54.47266748949772
-559.811413886886	19.11173605667414
-1330.9679132294648	-197.5453836347838
2424.0442440157535	-14.675636739597628
-678.7002170475895	29.014426262351794
-1073.8898723573845	236.972930677822
-2648.813471926462	-1416.1553164564514
2615.9519453116554	-189.90065093447154
1372.0700802532251	90.0507367252042
-186.30917465449895	-38.81245678353866
1233.391566761843	6.170909256657073
-1842.0141159655702	9.905134366952204
-1016.2938393766806	-23.233951965675388
533.5165857846673	-27.640918359684463
136.1743674308984	-62.63340605262252
-109.10466198227033	78.62932518283127
170.12123304685983	-106.96255322971284
2543.4066221587145	54.18208174051887
-500.9542341734461	-59.08555666213797
-378.95597411405174	-43.193039332776706
-3033.2577095014385	-61.44195224279184
2623.932769353806	78.37285507169332
2972.60521602964	6.926824824508321
-837.6943757081672	-64.15128911695082
724.424501040176	7.5353828432003365
1588.5360060968976	32.41659081150979
1169.1328001581833	-58.33205304075488
-355.01010484210843	-26.581076200029383
685.4053837974432	-5.79430086223083
-2594.0248889099103	-218.48723141041066
1850.7927857286336	10.91306669997858
-1476.821567930084	37.324676653738706
883.9866827052092	0.39765843174960924
-1108.945455012235	11.149671657150698
-2166.1151214177935	-53.188925531439764
1593.2157798541598	-81.35407432151962
-1646.8435471216728	223.4731017229205
-2640.5912447183987	9.71109581486969
-2177.6515400199537	-13.962950147997873
-1116.3088020131004	-19.268202640852003
-1600.8793120232401	28.172947802808967
-215.3121891783196	10.095625815486882
500.89394350356235	26.304452204627065
2413.3097177912614	21.14049799031506
-172.10182588167635	45.40511594749315
-2008.2202009153073	-57.038695898994334
3694.53447034419	101.48813090603048
-2941.810516698261	58.401305410180655
-432.4749757228855	-19.39727596259327
-2462.5926277682943	-47.49687670787475
788.5129001284383	-12.321398653714542
26.2618224227869	-5.986827234096447
-1489.6557762313093	7.144911942308673
-814.5985325489369	8.082223291185421
1833.5681410065085	-8.943912210069008
3818.318984275983	-101.24344057601057
317.5773175452244	-14.356334165319032
-893.9550385913246	-156.63200011593182
1589.6481040698284	-33.79763386210425
-1915.9891390775174	-3.5578299027326357
267.12281531801517	-13.956722798709437
2720.4218680488852	13.973883305175567
2782.8739650199986	25.482525702612996
1576.409821426605	-18.814735297727598
-4761.286014221006	-66.12695908944241
-2723.6068530727175	72.19033178667073
-1705.526268684612	-10.423546743091933
-1273.443604316892	76.6639576347172
2535.43309867415	12.96259690105688
-2358.6789432712894	-46.017612044495856
-1433.0759029180867	42.87601101687567
-621.8591113611948	-23.02904088884429
2076.846436515706	43.45553653684692
113.53181350493037	62.15906496525946
-1655.2452405594179	60.90351697035786
603.4550041532991	-124.37079484051785
-1022.841048064825	37.5186122008939
2555.360323328036	-55.02359118717337
-1023.8937593484093	-136.97125243801582
499.6988667015533	-67.60989006364056
-750.1474043735784	101.32124382199373
-2051.5663688974178	26.982241535569354
-2842.09394729673	41.829290058380074
408.0376978244009	4.954802911139143
1481.6471611200275	-36.99098167590783
1784.4557224893392	22.358201599005426
-1747.0967550224711	13.188438969597794
-423.61193082989064	-7.614656502351743
2306.637991295902	-95.35401037081347
679.427994559253	95.99782205390822
-3578.6642189106046	-33.901995311526434
3655.0116373935734	-36.444297938262444
-1664.6622497365597	4.025898051494881
-2951.0919897704885	21.605987311415713
1461.3013686796612	-54.77182671768277
-107.79443648701373	-201.82794917149306
1198.7712224210452	488.1028977447383
-502.401091444734	2.0843101442508893
1763.2065554086116	56.13468193836824
-3047.7014752981963	-25.780469098084588
2348.9851347641475	45.068797127401616
1773.1176859436932	4.400684007165642
526.9872307344281	-8875.91830384846
-1327.5341089875635	28.24691289518136
479.4191127420795	-1118.7657055090272
3047.476313894543	60.12003935812447
733.9004261518613	63.598314818027724
-377.83333594623923	-117.12673313789975
1324.0667435621663	-0.4492804077445513
1274.3682617378659	-238.30144448649108
-1938.006256467871	9.885639209586639
-293.6407066463909	-81.64716945548264
507.5846693886841	989.9890721181711
1177.376610468645	-89.54661055277766
640.8685085032422	-23.161587760227103
-1619.1885979012982	30.2488168060879
991.8762400867753	6.724395622544024
896.8791140799146	-65.36022420718211
2450.5501089064396	-0.23634278694365296
-658.3652938559499	28.102857128073033
1585.7015312242338	10.653891372031591
1175.1854189495043	-30.30169583472973
888.8592995855869	-28.816313019081857
-2505.3279588209334	-69.97355565487622
1719.8396949622584	36.193643438651065
-1473.6198415916476	61.43415843509084
4824.103704685671	39.24359460521601
-1523.5111880613117	28.007488303913007
2869.1719606561196	-219.69042704245152
-822.475397132913	10.176866985996485
-306.7315902481712	21.16569796139707
-621.1501024869839	9.908673893122746
960.8212444133981	1.1359450118108354
-874.5177932995234	87.24035644565515
-453.86579692154305	-11.985347598805827
-1480.3301348503717	33.90062675126701
-1263.6239093863312	3.045780283677039
593.2400220612172	11.23246635934255
-886.361844593376	-34.12133187001645
-2815.826825239557	9.289708427526913
2897.121053583435	6.526427694323342
1017.7165814947995	148.9077826426206
885.9022938878649	15.918179046379043
1441.9223306856989	18.374011350597144
-291.40477090194236	-174.45803852585922
-2310.333969114321	-12.091621430157858
718.9640135667785	-38.876904108387954
711.1082838685516	5.181215355526991
-1171.1100954630922	-37.03198752540711
422.543375873243	-151.53033267612827
2932.6016713945405	1.459940123648926
240.78166915669308	198.56744067551975
1826.429889404977	20.067675189881523
-761.9439280689295	-17.554849351815378
-554.9711366305828	27.593304481876732
754.1611272397744	-2090.2668395768733
-2777.2380483576626	52.98019962818491
1368.9828828244117	-14.300194631058538
385.9071371770034	29.273808457688023
-1082.1173188469475	-2.4145266785794433
967.5047239628624	1.5419403674868066
1482.7471751267267	-10.272361972277942
1987.88370498383	-38.328197636495325
186.59414348514218	21.894770393542835
-1319.106414395991	36.4077627003684
-431.71851469166785	24.330804545872248
-687.9437653949662	10.831893411081413
-1734.5758052269039	96.32997279364142
782.6258181098682	62.08244128294553
2037.1118765946198	-60.77823562046539
-1472.087968788061	-41.372426820868924
-982.310574932659	-45.598181614388565
-764.66475774219	445.144231074722
-844.5788892901171	94.98813360477753
88.84576036545255	-45.0121811068438
870.7872534176014	-11.990243314512126
-1461.5340403000403	8.738684091073036
1092.3733658518656	53.98437209152571
1013.3861167771684	-0.9268966169389491
459.4058323375693	-2828.4583328398226
-746.0189986112854	58.0525668464058
443.4498382787903	-1.916672167286806
2923.165323795917	-26.021771624076514
197.015773945929	114.1691015969337
-2475.530481035259	241.3693398639561
-2557.015006266061	-13.618185734016942
344.54118277853956	56.618843873578285
-342.9781197340832	12.333667453590987
827.2611082030498	15.012564208634911
-2799.147179460721	-17.268175062317006
3397.9113673086363	-33.32023910348207
2030.6233998677649	5.605672860607007
-556.848481206872	82.63177246213924
-2207.2038013394067	9.690279332918832
149.9602221203913	2.840601909535928
-1645.1857401981797	6.572321299006883
1157.372083861308	-161.66618551308417
-1153.161852583801	-29.595849046910228
-1151.9958078933398	56.871770337935935
-1845.03834525181	11.493203036572044
-753.2896667767386	-136.18176206791568
291.62524276318493	-6.150272735873427
-2903.6828114743257	44.442330607194194
-537.9745695099735	351.92320087040287
-187.5692113589853	-73.08819499409921
3610.268236178348	-36.228578879121265
-738.2342036723819	8.28714155239381
6884.151729692679	-2.159473418600803
2.572347047470197	-178.27004082259674
961.2856659852639	-198.91463191014927
224.53025170883836	144.19629227160098
-1573.2139026959617	40.772075521529764
-2256.899570749319	-20.78873966646736
-934.6200463663384	1.7289862587643154
23.48899327129897	66.1831419693641
-4801.866101212975	-23.69718032367284
851.9673593531038	2.716693662550195
447.0274912994293	38.362210142197945
-43.576567427644704	-70.04982203389115
-1387.222699239366	12.546496939345017
2008.0698508666078	5.054198881127685
3694.2508199306185	17.8886487780157
-1256.5690849055136	27.49140473371171
-496.36298590939174	-15.361124322603304
140.1286363994409	16.617526561626228
1846.5527717773232	-15.964789638338235
1484.8876232748771	-417.5821480875714
-1761.9683646584353	93.39477708420317
-942.6809936775865	74.38728182259257
3184.8143755453743	111.14967149007735
-2385.795402949979	-26.178182687817657
-4095.7726477703163	-42.5349603486308
376.62447551690485	23.682888833748663
1129.5197816605025	1.577330708789467
1070.4907101759727	1048.5873691604804
3140.411603453863	-143.08160104797312
2527.7496396854613	50.2127213332366
3264.318713463419	-12.661343255002778
884.4237372023504	-79.39907455770805
-1016.8016263029348	56.634758747098466
-471.44284138883677	27.770934524726222
-327.116272047125	43.649250007323275
-2537.9933423740827	71.05936182179863
-883.4161801940339	-330.7907331801497
1178.843627020741	74.41324401561441
2304.696374192639	-35.61176423920004
576.5167342710729	44.685044057380985
-2468.288039976234	17.101973612302533
-509.74408440403613	-10.632409948966478
-814.7266124466712	-7.424730161251168
1207.322203212186	74.2105652301446
-974.1560595059877	-17.3477502481257
-3172.8396824364195	-11.675070449922558
-10.301035310702114	34.55700644333149
606.7400376569713	77.71282689435301
-2137.71881632881	7.751796362991005
522.9358279871929	-12.248860082883077
1575.4077640388684	-49.773044821494565
-3164.594837805622	1.3464427946529265
-4339.829293962202	-9.71587447389187
365.4981872860622	-78.61406259282954
406.39983264995533	27.296272603652053
2108.5091986781076	-0.3368663929532606
-1054.5451823806463	-17.008347921748992
-1602.254397682336	69.3127844090107
-2142.112890596263	62.24321684937749
456.1897949505059	58.70491466101292
3592.6981950892077	-13.758553339168285
1491.497966388221	58.0597095400511
-1458.4354992368205	-1.8933914570975081
-877.3215591993412	-22.14792692324426
323.573457170852	3337.2561418938394
1433.47957851398	41.33532602410587
1540.454478029829	37.1182636620993
49.20874500841199	28.445500575844715
1639.5013852013558	46.4835027138488
-1998.821028921962	-159.0899976830652
183.81756583293634	3.0013024711172815
2195.4454611850165	31.804341198105128
-966.0960072838084	-0.8281159092319762
-17.835277419868632	-5.446586287546401
2444.728186382145	-25.551307941196956
3303.554229755726	-1.9003141716397043
-1376.2203412553924	10.69819616120444
3098.2908207932155	306.6512185732639
2420.155639322574	-45.835104584570445
-1555.8395182573709	-125.70520697724717
1595.6689626199338	22.506143711620492
-2231.067862382999	-24.696315426786228
2503.152675726257	-111.58247989303005
-190.79654988807457	-0.759600986221434
424.08004566988495	-6.542774936284035
2150.696854350294	2.9157816266188203
848.9799727001298	-10.9383933293021
-1805.5160786300016	146.35225350177924
-2236.9221482633625	-73.8263580069901
-1133.0443505387423	-55.663016075642325
740.1207986836989	-34.782497471065945
-2534.6306098787154	-137.14029965153338
-3125.645337187697	-4711.278359231518
-877.5551041077351	3.755111632785793
766.4838829600104	-18.55523256036489
-300.4763256059809	8.086786920716838
-1265.8943096285825	-33.7418725033682
719.2977844557257	-41.605085369079255
2662.5142169210526	5.511153110944571
-2550.965122923565	33.76794187475386
-382.17903321500364	-194.79715757506304
365.73568692727235	135.94293686226305
535.8157462548631	-12.45164046020612
-723.3742276834001	99.6029982162929
547.9873884252245	-22.294974355463694
-1340.6477218077405	-7.257108108986751
2073.175114564421	-40.454776804871365
-689.5897800489349	-7.518089149422518
-965.8681239853518	49.154750207644405
-168.1000646352177	-11.087371915086283
52.307865750312025	-36.78640285276084
-4425.233645239933	7.5564147771807075
-2503.614392544316	-3.9051221103318308
-155.79704849655803	63.907353406827795
1208.2863082675528	29.165107605684973
-1387.920469740733	94.49182714644935
1419.7427036332747	-48.00834488832563
-2010.6862702222038	11.145570589898037
2717.867083130905	24.933657678905718
2606.652180208685	12.249137375916797
-2235.082391907361	-1.819769590558581
2304.5490431679473	41.308617031253185
2343.4357905485335	94.39185470638479
2376.69937547156	-33.56196640249415
-261.27097833112083	11.040706003160226
1446.0752390812245	61.298813302150734
-1389.8682266672397	48.45837205069736
-24.1821132542747	-12.910420204006773
2356.046386049227	-595.7387504596895
587.4639521068398	-37.58757326624029
-1848.374684908797	51.324472229603
-168.3085652537015	-0.2811158478733645
1730.6066124261908	46.45765218363331
-743.7420356683257	38.49158320999694
553.5301273094504	76.70393995891703
1654.7838481338715	54.4383849258278
-150.18296116721498	41.98174856598242
-2755.563679779487	-60.1268792463895
-1200.3704266628995	1245.374008751614
-1004.4433912606072	-0.05584871139765573
483.2478067700798	-29.013009148674357
-32.02846485857456	8.893670493535454
502.8333597504258	-11.762800949846785
-3853.0524388029366	-46.837376269537216
1405.4493600257292	15.93659603697845
3209.787938211571	-216.44853676687686
-636.3656035437959	18.960656460114603
-699.780440755093	14.78531411986981
899.5009192811256	17.068867340556924
1956.472314114308	0.8980728040724449
-2860.997825450475	-8.785677902068608
-1096.8539530361388	-55.65404376536382
693.1871050750402	7.1085049554513615
908.7591588257201	29.164478166140967
-390.5201655737166	975.6867061538363
402.9436899350696	93.94964298874677
455.7306851356025	12.455894882545397
-252.7813990603231	-13.101035053160706
903.3505637517754	-2.80633947340749
-1437.1665156796869	-17.843432848184978
622.3511607463191	10.734745068607822
2788.406100910402	-3.166975268015113
-1881.001984033382	-996.2122083981521
862.4210348631381	77.33209600954858
-2154.05417546246	-14.473807147961791
2915.3295320492703	-605.5977127992913
-836.3884750134889	8.821254562407136
2348.7022127864575	-53.91364206210381
924.0571508388268	-38.82426155539762
-2503.9979473011845	284.70117035020627
-1899.4640381899985	-454.8178523130615
-1739.4907258404555	-54.129010333359545
-2766.4905884195205	47.88277758450591
-2048.0995568335525	114.3132704364413
4095.335181617598	-23.851784423385656
-8.424500134525418	132.41444930942328
1157.4680970278605	-40.95377945800142
-293.06545273404373	-36.69836782240171
-1805.8427089556697	62.184488376038246
-3327.255492643762	-37.10276178979557
-433.30871066513447	53.91749646396087
595.209382179082	72.5587897394894
2028.9797654974484	8.95430926021471
-143.57659724167337	33.940640445140644
545.8174293118533	19.60415548689373
-894.2193449569687	-80.16482881625559
-1332.0894619502856	193.39183971018684
1003.3700786678069	-1.0330009767019308
2106.8167584946586	-22.208051313620476
350.4815911053961	35.169076810189004
1108.6898098969082	70.21463055009112
-950.0551674123368	-96.65160170695933
1998.7559131668047	-27.498650447966167
-339.50396876602434	-14.395715571077929
-1911.560722541751	35.36934636023211
-2360.7008064532056	-21.332453729748092
-615.2887787488241	-2861.7297697206636
86.84139089686404	-3.4678155217593964
551.4793002767757	-7.4380233556770055
1263.2183697464638	117.3660752441091
1747.3439394904206	179.76337296138186
-702.9151327191726	86.6860929996592
-923.926081057443	-1454.0442275120622
3875.2946862627305	-32.59789001004008
2895.5444786621783	103.61994194564663
-1617.011528471811	-53.01997053401121
1870.6662622782178	-17.507375497300142
2146.7998546723775	22.828426517038025
-1679.2442443845189	-44.19069265486117
1554.6114872112191	9.94249389377679
991.974951594009	-15.266983010084342
1036.317816712419	-1.5341511000878205
297.66309699638725	-39.77954566646607
-1457.674765943906	15.14542433740992
2295.0417595252006	53.40064110273373
2424.0366366498774	24.761046853322338
1565.338772034034	-1.9543299734761297
31.81608564840081	120.91386037918079
-781.0103089066328	-10.850412640777195
2438.6500427504584	-35.17653384658734
-222.3220860797626	8.44459340760478
1483.3063479560049	13.55341543774882
1050.5720080467945	-33.65613104082624
-464.5776952907456	13.150925061148362
-1476.5073439163043	-41.99444102426678
-2415.0460337329873	-42.604310664362245
1395.1103744770303	7.747269432033637
2492.9503665246657	-809.2709542679677
3243.151965936377	126.4953925605579
-3237.547023008714	-39.91360811843187
-1374.035048673736	-32.77075148874392
1460.1077240768832	16.91963784746765
-1106.3039386056914	-18.766859706573683
-1638.083942087008	32.658632518120804
-2361.7493804031033	2.43063400018639
778.1775644524974	-14.555240120226244
-3426.401939460524	2.709364343842873
2779.7692263225513	50.197288664966166
-2163.6421494906926	109.4123184623915
-4161.128059118188	55.86503682965532
-2403.4678911252963	-20.22136123176676
-140.43499351060186	-1.5087868797783615
-2909.241380102031	-13.467413451699155
1195.336513118161	0.017245224534186133
-3472.0205616085073	0.9860948834558649
-1249.7141706772234	-16.37047454212489
1502.1006219158016	-10.420477005526013
-2128.027170234161	-0.036556341289394646
-3647.907896434887	-282.0061301799961
-3004.515844947984	-24.41026340726891
-2673.362693115533	7.835397183986463
1290.6986376386362	38.712145445761315
1904.609061448709	13.631080743672236
1220.0006361416551	-16.421188429812652
-317.3736798826668	-88.63997639839337
1136.2427559356809	-28.528332481320337
330.9806178101379	12.331654869267616
-1069.5032240188675	-74.8736954669729
-1864.9617093136148	-19.071228716962413
588.381837225403	-6.166538714929233
526.2618403881646	37274.32295058645
-1801.9278426713836	-42.8298876496538
-574.5203712041596	33.02929391497972
1263.6837725885098	30.434647347511145
-4614.088678764913	-86.68195162343333
-56.033331689689575	17.432533140982464
-2543.581118962088	-25.522998360926227
-735.7213958227597	-15.959676862674234
-640.4319428948784	5.84531440744542
-1098.4331292710174	16.939019792745807
-357.7065842962584	28.367508591086246
1951.4503861030419	-51.9523253535753
-428.69904126231614	18.755435334141048
-1208.8078774414334	16.310427540233814
-274.669461698415	-19.490562369592247
-2636.4674860432383	5.203248699472076
-58.942347969972985	-44.964143437260454
636.6005002142088	-109.43026086800135
463.9345610994803	-3.1606308098295424
-1306.3194299126408	-59.003837725414456
-37.78540216250423	-29.331126144563427
-1006.2398279986061	-7.645580949134412
1018.2872731677166	-10.735963945963276
184.26743254271608	3.6888569567889187
-1402.2370464395553	-30.2500602154361
1305.098674387047	24.066433009231947
-21.74547951672671	-6.5339961408792675
2436.4393476278724	59.27166933111863
260.04789879296646	7.767392409870306
-1268.1309455262376	-41.3558963027045
-79.30533469930762	-951.0485387954188
4830.4897279234665	-162.56450994996388
580.9589174030862	-29.38422301746628
-294.1237758570637	399.9257907949728
-683.1582945200246	8.665344646508489
-1029.952306551561	23.361484806295024
513.1152766726672	1.8836610202788835
-1415.5296301033825	28.552191644424344
3090.0765970809966	-42.363070080143956
-900.3919871934204	43.49797081520083
-938.2461742043794	67.08107608074656
699.2142929617112	-26.10143342862721
3379.1764294863565	24.71460194283169
1407.6607547247368	-140.00767367735773
-347.07499977132005	-20.428144482386394
-565.9785275005394	15.016022888922604
932.3382507070111	-170.24045624627868
-2459.2921326149612	13.512797188142436
1032.1848593633517	163.21217882715584
2187.26578087201	50.02351660430472
-1062.3386514199146	-47.13715259934737
567.7945429642862	14.808816469599424
551.0054739860242	30.297256961895588
846.8774313698483	13.063084399692057
699.7929756200685	-25.16793290202876
-1207.627050526251	83.08142643021264
1223.9153818686332	20.865656119569724
-706.4139698248708	-21.830532978100795
656.6367108882416	99.58868355410581
2618.8018861213836	88.40436606518136
1057.6660779090932	-27.157196626468778
503.1361775808769	-12.247145349593485
732.3142494957649	2.036274848135983
-796.4705827349351	85.28339397660326
-2389.1982297262007	-3.519237491974293
1022.4784339069122	43.710635201904886
-1883.795791074125	20545.95627179914
1402.0034807854386	2.613855958682386
1439.8611839496891	-94.99643918882292
1971.2282169545022	16.743796631348904
-1630.8398831188736	-2.6947030945180073
-2056.753630577222	58.91020698193855
1161.3139185438595	-65.96207498886533
2072.806074276528	-45.62823376270957
1334.9283805571054	-47.187291956456995
40.06644823633804	35.22920244299544
-2253.9226766092365	111.37979527168741
-2666.8521576769112	-3.2103285795496594
1171.1019133099046	-58.24650814270177
-1388.5997317199583	13.979639519726732
1038.0425356387407	37.93773595862699
4585.884071743078	-53.92572276319415
1003.4122124449409	13.094489478521652
-2801.758412798614	-43.28702174935198
-3263.574838505458	24.813479430067428
562.5233534122959	-23.50619909073681
-580.8500298440315	65.76198750008125
-1372.4751800105346	-75.83425657899969
413.0641008115939	-74.94492167172366
-1755.096809212924	-0.2022565412374026
364.72719426971673	45.36574072066384
698.1169050572744	208.4707054071898
2654.3761636956187	-52.663315665627636
2098.8524844450358	-76.94031122909898
2679.3590815154853	-41.62456847187222
-299.0268491757253	-3.646006309929943
2336.832609052084	-112.20792687181878
3907.9870284846647	-90.00283074550269
-852.3913798072755	-8.531444887019306
3952.5356211017347	-96.5699105071099
3461.596599076198	-76.0856321518524
-3939.5870401885013	-29.87660608748119
-1350.4579549900227	-93.80759522697659
95.25974696734569	70.77560057446425
-2988.1126088606097	44.904503927109374
-2954.1401387886044	14.692133053161852
705.3126064941157	-56.60033917064987
401.6723293202949	26.233689145039975
2092.2653346097395	-21.283553693507383
-674.2453251235814	-42.153415503594
-1543.4727402608378	105.15650447366279
-792.0573100946812	39.52759389297102
-1823.1275044672032	49.88904922883825
-2572.598636880893	-3.1904898474954386
-3269.9106418834076	-14.217187790054822
-1303.9618744906606	4.065518584694111
3260.214708312083	552.6207689358251
-1737.5637446362095	1348.4251155235727
3291.3816300641415	10.267356804831238
-211.52386983003245	-3.4834377503769782
-2080.364853996977	11.87808706448595
-619.7963997798087	-92.75347567279637
-615.7177668955361	10.5878497297991
2068.649104492689	439.61473035636357
450.0421238738899	-18.18992558527022
-2453.080009946644	-2326.8060905687757
977.7306727237616	-0.486126388548598
5064.076477911838	-22.504155066533574
2395.3475262507272	7.958743253945803
1712.978008188761	-24.60118301235088
2088.6993398811896	19.31932178638777
1147.2899176324038	-14.056727148851184
-2142.7728231213728	-8.881156898094263
-643.6955816132452	41.92351763636139
-12.956497901071165	2.672650811966776
2093.4240495312947	-26.300550708598855
1763.5575118680895	15.517441651563017
3200.588036228568	19.517412344311452
1924.1364658409425	7.505759556974564
492.89090516255726	7.791580105709845
95.93157122217059	25.61171038246287
360.192115628899	-38.54169645261123
-486.7424776074932	41.539573034895525
677.5262948387734	249.21532884507585
1234.8413621818095	37.650595834871886
258.03554346451483	-82.75272544777542
-893.5546772978963	48.540764652927805
-989.7499861351653	-3.6068092618960557
1318.420396570942	-183.32005524853602
124.40412377711743	203.77999880257414
309.6334426848035	11.226555273115558
4040.495809002083	41.491704803905144
-569.3058083293586	-65.08767703274884
159.72457020734268	-38.85324387070838
2371.7518665688312	-25.55197990407443
-58.23320722007961	436.27295497851986
224.73740718694842	-6.0218520946734015
974.9964020983226	-35.25730714094754
-1866.670783935643	6.438980492920313
3541.087130280117	18.52162017226383
-3057.8332179973913	-36.01820008547701
3010.230845319445	-135.9997476830139
-783.3323975606323	-51.98658956093655
2105.9017016414623	-62.07662595547195
2871.62195141204	932.3671408525464
-497.2553056515119	45.80708320036525
-3227.8078335042646	-75.83108983023168
2932.5635415725187	-29.731901728710177
723.5435310616782	-11.372297955799224
-680.7211986169615	2248.2938400690664
1236.94451827	-37.22343774854307
324.8964862986369	-16.057237414368224
-1127.9823809701518	-77.54619414768463
-2566.3844075136863	-51.969373792194844
1602.8469393035903	169.39622889716463
1028.1653299052198	-38.56547804464024
-1363.3547467221658	2827.7295694334894
-1891.639499366361	6.7837250559024875
237.88187564653586	125.31210519773035
-572.3626091906566	3.54269619424981
1340.504699624122	11.588650900690814
-1273.254344490458	-64.95424266654011
971.7023242102773	-141.52374598144027
-3174.6647895824017	-21.167751295144868
2761.3809630457113	35.95441249255
402.8826210439511	-7.1251757475651285
-1767.1579677202253	24.368178192918155
-392.67734195376545	22.424317609507668
2551.7304341293157	-105.01114486463771
-2147.3993439548635	-117.44176645138045
556.9154480716255	33.89646372947253
-1099.999119226553	-6.337317668197552
1966.8608116273997	-29.281557088252363
2472.323255869079	-2.675052712035609
1050.9106937661447	28.71703001176611
-618.8637175813499	-123.86787463528088
-910.3392338606826	-71.65933506877974
-970.4349089944556	140.39980870551784
-1814.4973593849768	49.19842853498002
-412.8628697899863	-82.42895910119239
1009.8528152832608	-29.287706940306986
2656.2643575362654	38.188203266566504
-2795.843180515586	-0.5724038465564838
0.16043477627595698	-127.53979738892995
-1363.2985847912698	-51.737175676081804
-2054.6818604086734	-13.543693280956134
3707.574652369977	1.4320313228102282
1988.6246930889902	-27.26544285752211
2092.6952423377143	-36.5769817928684
1774.7613570554856	21.50136026990066
620.392893702499	-4.274772567779982
399.59439329517664	23.209126466561894
3658.527481829751	-14.955709768441626
127.49912113912619	-66.89122773467157
2053.206583675025	-58.75351781099495
-1594.4806310976035	313.4587992614037
2249.485992658368	27.75676939386367
-1931.0369851454711	58.281234624416435
-1311.3659768034097	19.52826779221701
2186.312290358274	-13.451348135515424
27.634046159335657	27.617543342596704
-1489.4960151449395	36.33250318021106
-1079.8431748263274	-163.5653037559771
-1218.3141145296004	-75.95036165708558
1248.3748880619369	14.353513433840476
2909.8779321828724	-3.0813618882700644
1659.8918915165252	90.78231906604357
-1595.7434289270627	5.539638577522602
2457.422756402755	498.7238134318218
-2421.8327604076867	-16.352101877195135
1732.5110603795226	-16.586459706126902
-104.69554291239264	-11.118365696410718
256.4425724136027	37.82075044425715
667.7387052444257	-118.2384426247819
-246.85587824400437	-27.75424335494132
284.2927262043348	33.62574144774015
-1938.4774353052717	-23.976545761539526
1968.8979885949677	-106.50361220792742
1316.3111022440849	4.72079106130184
2276.153449208446	67.27911929714558
-1785.1901396334858	11.584572200441224
1963.9344091761689	-24.43125372296674
1923.7510330371465	-35.54322895426447
1831.058153147902	-36.59660843775072
-176.86580941194305	-39.09005804745886
-934.0695332091198	16.831039728921446
2929.9395959485123	137.899993102987
-1262.4658965083963	15.421579727391926
460.67451069301603	-25.474881405900735
449.3625877474576	-6.724391621593502
-797.2806579578502	-669.873052234571
40.25335769342113	17.658655674130966
-1162.0391744114795	-26.0938168224807
-944.4748747210997	-11.189829862689015
-1526.4016336820596	-15156.423836261036
902.6671348605884	27.961715555889096
2498.8283745329522	146.9285095897126
-1186.2335869010326	-126.451064297369
4482.21704349829	-28.043100043393306
1768.0901759191834	43.69988945327041
655.8096839214284	-0.06108168540921887
66.66481195768397	16.471375607153508
-3506.977517105569	48.52276879802234
-94.27776760391446	24.569070496332433
-959.6614439157357	23.0352501127335
-2056.203458307216	0.2898813941724622
-2655.9136337400746	44.09337542282874
-468.4675788537927	-59.50736546505138
-372.0587289921596	10.677366290669223
957.7134040351854	174.6485590881099
-973.9185821396683	-68.92607841425495
535.9838381621302	-12.267597566452565
-462.6356324989923	-10.02364661861926
1633.5295391149414	11.458739864241252
4315.6967569657645	-14.598773453340113
192.0146432580246	81.62743186361327
338.9499405024499	-57.96171855185498
538.3437031213706	63.593203543247164
529.8942043629111	-85.31667789472218
-2521.597323301006	20.10323957399985
515.5860907218334	-61.10703596370633
-2831.5512825032456	2.1312591100972886
-188.04394881337953	-32.89184358531334
2823.554196913004	-643.8762550272143
-1298.5900319652787	-24.803681239999836
1283.8716579960728	-37.428809861005575
1511.8909172033443	33.40197358749777
95.89050923347804	-20.180099925745218
135.81428283654742	19.088447375283554
878.4412036346396	1.602352391050816
1068.3246331505318	42.57420093309559
-1324.889912456369	63.259827543146095
216.2646268178589	3.6989839277756498
-2521.9912976132496	-25.945413766621073
3178.477302830292	-21.559704787316086
-2063.567300985542	10.393419669529283
628.7686853944513	40.38678834811311
-1260.281108147632	11.69773818875004
-516.197037251557	65641.96789374927
2423.701855456215	65.0904854462619
912.8515501449324	-24.347194256883952
16.681702477419396	-733.3757894498939
-1563.811743014634	-15.639861133218547
-2425.7139788373547	165.33895318028914
-1696.3882364209285	30.345231444701927
-144.73652373673562	5.930912450778396
121.36705492542791	13.565029163800423
-2266.9621926841755	273.24779849760677
2539.619234499952	45.440074716207974
176.07183911273933	2.2664147990413683
1759.814272519898	73.83418675401299
2174.0151171280972	234.3585685458021
-1964.6580124527231	39.619728959743696
2353.840526900698	42.77433608647341
1.5156780641540775	-1.8033365200543343
2018.1583118487	162.31212387290978
2057.834801191305	995.5646867808722
2439.1007010120575	-70.14999973875014
1603.2092502572177	90.98990037852437
138.31834575828051	-1.9367111217208282
1871.7507581925395	-9.511774200381682
-842.9633943433421	87.83612911302497
-1939.499380262427	-42.709254575458345
-1680.5015189670653	-80.46033230440699
-609.0579671592599	4.808208412162641
57.27520263851949	-196.5078191891826
363.5502041071113	35.60416274871659
1008.6694985184845	-10.975185328322366
1022.1152168992552	12.787386700509238
539.2833929238478	17.21203305169591
-4597.6110383886	-10.778398898195126
4598.622742656345	-171.9538146280626
2210.5199007582687	17.690205818847094
-2128.3956135849103	-14.834392785105095
-1388.2503519041138	57.045448201888675
-172.69433210162055	33.88089723424604
-848.4503700732764	0.8962043351841331
2442.3326144061957	28.654227962805255
1720.280306998575	-7.059720968104198
-211.8038906486464	7.585629735446856
-2565.031435969494	14.082986738393863
-2093.404112973502	36.018395449257596
-265.37254644757286	-19.751780934124607
-1400.6915625796348	-11.279650677155724
-1853.2699999123388	-157.57411584228427
-1543.2070415255728	-87.20870789621775
902.9978460813147	688.7134417765016
1034.2797654226868	11.314422292750296
734.8510201141082	26.88776165371171
-4522.086220013045	-2.175130934095534
158.10861122042104	8.129419532242647
-2955.1028294773746	14.344835650376865
-2721.463558878643	20.878606075377366
-29.92043227376208	30.709136511639326
1371.0052371527745	-16.201996109852058
-71.2495340373685	36.0946947118962
318.9603173491814	49.519127497965464
-617.603225663801	8.029042989554272
-1880.6423174138351	-120.69178189956759
1477.947259891426	11.395676709766411
-1911.404201377349	727.5382739692342
-206.58819266973495	-72.5983527616215
2705.409905651833	-335.3546165191659
-2186.427621545262	-70.99226850089802
200.53133441250876	170.4183241226599
-1277.6005307251032	-3.2793094773509472
3013.2664466802207	16.592987714236745
2138.081352857957	11.436152497421816
-1034.366251422749	106.79020544230443
-945.9786412901522	9.81153317643899
195.02990915332123	105.89721803995668
-183.3285631482527	197.52170187956008
-892.5700670454269	-18.657372564999253
507.9251211013276	90.53549103717815
-1788.7719102905833	-5.3217771020023354
-39.64169435289567	-25.903193634850943
-2073.953506095819	29.832667887882923
738.9507333809696	-9.353522823247998
2774.714307715374	346.1387039152766
-3626.3297902927043	-34.133134138663976
2091.5442641421246	-25.821058563192143
-710.1248812301511	-151.27919169972535
-2372.347866653552	-84.85704331281482
-356.9028002954217	6.163375096361954
-3895.0378199049264	-319.72035766275656
933.3229328121938	137.88412049803205
-1205.9465300064826	-29.567594338011755
1172.1097505875546	47.255283912094335
2978.515559124633	12.319414706710011
2027.6848722927189	153.84388043341494
1635.7439994185454	-35.96804570203858
1866.6169316001367	45.1451324656947
121.23128284215825	3.2493267301145456
-2093.2147656510265	30.160099131025724
407.1931446769127	43.08425461046543
-818.042811050104	-57.082638545017865
888.2622139762998	533.6191712348591
-1121.5217024105789	6.623657129223299
-2815.053948637781	-62.64753777505191
-582.6190666341979	-11.077450520691432
-733.5403794035566	6.543668240153179
4072.8088064725257	74.13804477327793
2054.0674413364673	-215.81103780055793
2008.60086836217	45.380364461926106
1929.9522357813937	-87.11037788815014
-3904.7696795759666	-2912.7823107990775
-1168.8825596216661	-24.92401754237206
1773.1654904554794	-6.947251615189937
934.8163085046519	-42.911941160925075
1101.1018925124804	-21.897636688762983
-209.33818683880082	-3.639485125989117
-59.39898490721981	89.05233572447152
-3408.8884243052175	-28.20172318431672
-2771.8831427568516	42.50771397561721
673.2699991028073	92.07439453404074
257.99463543922025	-349.4855720627953
-840.1086736293842	12.507485671463842
399.295558739362	-2.4445552866667755
1160.0253224623125	-175.7581972384526
-198.4549453835588	126.11571869626474
2903.689228325846	-42.43533413339637
2852.190486567945	-688.5579462200452
2532.589404786301	455.60900926241914
528.2011088675675	5.224683387473963
-600.7381395354878	155.29034482934392
-243.38255266312106	-41.14094130699055
747.5967373967115	41.69326243441849
2089.1439388010085	-0.6427574414132586
2052.9633683572824	-434.24200293928084
-2891.190346027619	-31.24696932750779
-3204.5221414019074	36.70444358454419
273.9347994425027	-13.90103064758959
175.1942675045279	29.60105387802144
1491.2720885941762	-1.1193705895090753
1679.351288426606	-320.82477846263276
254.04557892848237	-7.337602631375176
2205.1579905061653	-82.3704487528297
371.92491084358323	9.288299514547841
-1348.4059936898814	-12.184957400062443
-2470.9294239704896	257.94330317498043
-507.21327045981076	61.88265395172758
3783.891198718025	62.32488803311499
377.8028475970799	44.42692344089339
-537.2930609435234	38.73408618487352
-775.7299060666774	39.43787518767727
-3687.668101652071	92.4594297386076
699.7420676409328	5.970613395086343
1501.5188198490528	-19.150697319793537
1946.9049296532219	-98.20937745148802
-1744.3810867087832	2.863344097973891
-59.494511388236184	-153.30467085917243
1259.410959448361	-360.831559556412
-2338.7340642498725	-0.7876287325830925
-1550.3074107389414	-65.10438440432742
2133.997900169756	53.71155540558631
-323.9533363517488	-28.67937921776103
-1312.827980360194	5.426749872984724
-2487.6617212096467	30.99056752721053
-2540.930295054585	-27.599126099648487
2147.8209615492688	27.002600943167486
-2672.4039463922295	-8.434745774640836
802.1061645029279	7.765700111958567
2469.4848278837962	17.365163295004574
2137.0660076446516	-0.7951161128825314
850.7900150448634	67.08488066120327
1364.3689071221636	-48.448045412582175
1081.5262752574815	-96.07084911827029
414.2302729102041	-22.56282339202364
670.6348630035584	-34.26881658044059
348.0231060247903	18.34968843293695
1421.2787414089985	0.7713096807877797
-1582.1252043240854	-702.9256896842588
1698.3751353004156	106.78674197316377
-401.4325082416255	-14.5410790708211
372.7136274900724	26.63945364801822
3657.7474749390594	27.614499519524575
1683.0048451360974	9.019681196587356
470.07829882257965	-63.4476662006992
1487.6360680123664	71.20796892757039
-1541.0406944138656	-11.319787997471368
-2242.347013705833	-33.507549776021506
462.6698180338981	-31.702117372759513
-1236.1881138979718	135.67349145376517
-972.2839069139654	69.45803779317801
-4143.864790039046	10.633425336745754
-1328.0516269927937	25.606862739864003
838.1521395868002	23.515934861629106
-99.90975519070555	49.337244756066596
1662.5935621244078	-82.94978573060675
323.12121807264145	-27.627789181107772
772.3484139890303	-3.088653083813439
-2098.414784905592	32.04719154844034
-1020.3218349156521	26.122673322225502
255.48900284270564	45.75173592061318
201.72640013934296	32.84840313833672
1411.4120205038912	2.291250117822626
-2115.90770586387	8.921703653316222
1356.5049268050436	47.42304634301832
-2773.0626389648633	-547.591043510901
2671.562263183383	-4.4813543256827435
-342.11962353792813	291.7076902751143
1257.5854470905113	-1768.960923641907
4102.439124747889	3.7065381518862908
329.47347129357445	125.76899990202071
3475.4250199407984	30.707150966182734
193.8093604200594	-2.09676782876812
2150.8751514986343	465.47757922958357
-1498.2041834065787	-34.72961696621046
-1029.453318790702	-7.06807654987417
250.02515860405194	-605.6932812931171
-64.13615814501681	36.15846379486117
-1282.226099002411	30.271553654004265
192.94936122163088	3.4364097440966423
417.6658296144263	51.48568892549284
3441.841687390872	-374.1143102610956
467.2408661888804	-112.22648228140179
-744.5675169497448	43.05987059696863
2672.280378464567	-9.52310684739797
889.2317458095292	64.74231808833318
-1400.476012600721	-17.5803570830474
-1464.1577316135551	-19.080428798004718
152.74026281814108	-23.718747910108217
2988.18305188559	-31.190569837175904
-1582.296568621573	-84.58233407725034
-1538.1965197424474	18.781940081490923
236.22979704063397	298.86548923747955
-1172.8555538800863	-69.73663359474614
509.84207319498546	17.406817528138095
-33.04193335457742	-9.510584264250058
-3439.6817621447226	28.44358151198446
-341.6608406665909	47.626158792890955
-3543.489812355718	54.54228255291398
2213.3405766948636	-44.66703734621099
187.34591534481837	11.11049275310459
823.4521734335973	-65.76477450585298
-1731.2410116067285	-41.26790270034511
-4264.59251658106	-17.787593603434235
-1367.041006686162	-19.62609347844223
420.9376433540082	30.645660123815873
2887.609061364015	84.80300390260014
-145.92805985720224	137.20864871921842
-136.57344786612592	22.157221669851406
-5142.714421694907	100.89370164421393
-870.0874000018538	29.258641679570843
-2812.71532497394	-27.147260300194738
708.6616811309556	13.977292593125402
-185.09747172728294	-83.24673358766769
-2059.6392631337512	2612.088761438964
-413.0920120508761	18.682107246346778
-310.302068588197	-1.9876760573285466
21.4512903592344	-26.56251551798344
310.19087062205875	3.0041045661365837
975.8232529094411	25.066759912198478
-2160.370748141627	119.12646264006683
-1369.7989685776886	13.673542430441616
-3528.060904749777	-41.08598111021791
362.95686443531275	-50.96454625255069
-3116.6456575689213	-550.1903580964216
1985.609360971399	-49.2965949701296
-1743.1008359107154	-10.025020278984156
252.62228576963503	-36.337067311783784
263.63874032931653	2.331163984659725
-827.3232668124689	38.34081269722603
-54.24078839503468	-69.78414510155366
2735.280925707012	85.95135153934889
1209.7812159027228	-3.935352558449455
-66.2472838721774	73.718792283655
-452.69886285776687	-71.74316523066547
-835.564324605907	31.0756803592342
1021.3593762449361	-41.3875959016061
2166.866700093569	49.44488681986033
-1362.7760858562576	152.83538275088347
1566.5484453472175	-24.58098796163766
-3202.4935332292653	129.47374707008436
894.7297463171406	-92.07023344171161
301.5253623038543	-63.708038491978975
-2083.987370661947	-17.380409204744236
-3549.1375286717657	37.944787217779606
1049.5658863776628	16.69706967671216
1281.5558931019525	20.84008222408879
-34.17927058993972	-41.385760998235504
463.15943199169766	211.36717116204468
2311.3102114246044	-100.06983865858659
3290.52301806459	-314.97299592408496
-100.03093029977234	18.14819827757559
534.138254699161	8.956138525492811
20.451289199528187	-35.602636056591116
604.2115954035434	-7.567988698443508
-1514.4866312430936	29.635619438427405
-984.3641329701097	50.96231364923737
-1924.3620960959556	28.032982864887412
-887.0454325085738	18.91751437319119
-3365.899168379993	-49.47844165350741
1688.9929603062083	-39.92225279056961
-3413.85865535221	-2974.3370754812013
2966.512800481023	-32.666043575227505
3131.4641580795237	-27.356083581118956
1249.9591534081133	-319.5069721366961
-3346.278702364637	88.19758500806238
1116.2404276852778	81.22355745490607
-215.1450088913096	-4.785404980585367
2150.256119209611	-19.83278085273495
-1921.8766967729694	6.840646066204577
-582.6367218001564	13.502907537183871
1800.601324352838	54.35391554449059
179.25456900271342	92.67149157377055
422.2659827605305	168.52927398630013
13.081108601011978	-125.4210609356863
-743.9385918589351	21.800483043438323
567.9949457779908	5.787343559968185
-1698.2689824233114	107.90830302900805
-124.5894341126373	34.02566716665224
32.44097175238932	-44.443901865700525
1902.858589134322	15.096537853377557
814.6057061358655	53.16735517964101
607.1308823997645	115.23833823231273
-57.55565373157227	14.087715202016378
-387.01052751086485	-78.3039897008596
-2126.357858199545	136.32077054814255
55.85190422641543	-30.468758939410087
460.0757611453779	17.469719857857587
-381.6313779947002	1.1860900878416187
335.4539704890852	1549.0857397367524
402.95011143136423	74.0031915926342
1746.7257465092025	19.80068729122215
871.5890528036934	-1.304587089433079
-1285.861199548621	349.5669094585359
-2018.7416899786645	-601.7971924755207
-656.9162525819826	-217.17946654464336
2428.3940959961046	-34.37415187252634
-641.422982764556	-36.44670555202129
-1449.0323023659778	-14.62800646341569
987.0789694484926	20.887531048043865
-2920.3231263119555	8.154112299364275
1126.7519033144745	2.8545189175728254
-1479.64247282647	27.731393782250393
5.831618762333802	-33.02132082788216
331.1449197253463	27.77357161995174
-2284.330039337424	26.604757209703394
-538.0850072043303	-78.52103551171128
514.2108848839497	306.9206082105235
323.8280170951936	145.74887577489545
-1931.1984921421736	9.301255234345588
-405.47985954365896	-4.811816875882295
120.63126709202557	-74.3658873197635
-3181.959397926166	-86.2573819777478
-580.0360287157978	-24.704668228794368
477.5244606500375	-28.807114413191336
-1465.007518023637	2.4105048047355946
-2752.2018535855264	26.83843968092987
-2612.8838680806116	43.793577281524755
241.66029425028165	1514.4663977311563
2739.4964660244914	-91.34374143061616
-2584.2544459346555	18.25668699904479
786.0009861599964	-113.02595393234428
-1959.9108240012142	65.40319077188147
-1879.258183042171	5.92750458025214
1394.5160652997768	-33.5738624482738
2132.0640427530802	-31.326242343037986
-1707.528252264044	9.350744352202021
2426.666588872149	-26.892061450313733
-2009.303143783605	-98.39522816775023
-1971.1236320665123	-5.47912941058604
522.5875148491924	51.18793975017104
-1449.0745311077173	-33.81943036544336
-2363.2590292693444	-0.16542629391125868
-846.4519350774989	1.0093401236693005
291.37051254687583	7.51196730368994
-2494.144151969355	12.389397870022723
2657.707076149085	-0.12396133329577715
2046.7998316975059	1.1165560654942916
1463.1135542237598	42.97941941589345
820.1434506571509	51.50887847188057
-1145.6785758088595	-208.89569537791937
-3811.8158295032367	10.931275400521642
968.4584375455537	62.08784921210558
931.4501441778909	109.32755495869993
2682.713723054775	18.137375620946944
-1002.8075714646117	8.565170300421162
-1885.0382932046923	-48.680503452958604
-916.0240898123503	20.90603081058361
457.47201633492415	-8.012236219867807
-117.16240361471763	4.847473045469229
0.5842550833803486	-55.15307843681888
-829.5787773032388	8.547621545592886
1887.5098720444778	-42.810536015587694
-1372.128756739996	-28.590174039710732
-2178.6942013640587	11.905316650358364
-2280.6016866908953	91.21494902326246
-929.557874422902	86.08310776479485
4404.5319669017135	-163.33165060496083
3653.140025774063	-49.7629915750697
27.093394036106492	46.098299687838605
384.6279025498303	143.15164147053468
422.15394529897276	53.9864438123216
2896.0652768001937	-1.2748135353018362
1466.1273801731534	-8.517090131291079
-2318.5768750726297	-23.86860684542932
-1720.306966545303	1.6482918808093814
2262.8434214630147	6.353819939562292
-1678.8396807820359	-66.3858352386495
-1634.9002566169743	-32.840566617352884
-40.75969634941074	125.41574143750535
3323.015082729701	77.70202213381748
-1760.0408240463546	-129.65901996114187
-774.5436042680099	-8.340584052077308
3695.232209018121	4.022466113889788
3838.491083359342	123.91922907529056
136.66718128898046	26.97269037426797
347.799779642991	6.305106756497367
54.6359634781184	-55.04312691935044
1457.5675744771843	26.50268752762009
-2705.054793981276	17.931047478176527
-749.4612972863725	-51.062889274929766
-31.989757069276816	578.0439647665728
-1089.574666469521	-125.28241741614035
2376.553168749492	100.56086621946066
4355.361472514574	-55.579082326785304
-251.40820002085303	-0.9996174045131863
811.0562885336236	18.144780924685378
1194.7261322229253	58.01250372666166
662.2047244161491	-6.2638364358035155
443.68804154233754	60.93936986678342
-1839.4561224353106	4.780553711982541
871.5254206567474	4.7405031782828795
-628.2122031544436	-23.046507620113204
757.3667053716676	45.18397668996804
685.5305437072185	12.973214609181186
346.740972895585	71.58241777983197
1909.752808838689	-64.8518430259544
-1578.9476621279525	-80.78221630161485
-96.57343547104317	-9.284874239015558
1576.1815517912219	-22.969293054171985
-1062.9587757292418	-14.273892707882576
210.74957830645945	-30.853788947240666
-3321.572762928966	9.344210164512058
1133.5428889115174	-121.11518702703482
-3247.1945551217796	76.29635495926432
-939.0718548292218	-82.09969330691281
-1738.7792968151698	-82.81593921153204
716.0487244805901	23.148587423341578
-1939.9744989882581	-24.626834706144695
-743.6449514003332	14.139835835766098
-1338.773884693185	-28.67658240254244
2082.7407517262513	-36.68780181227449
-3518.667057763537	-6.121418138080755
322.4231830408276	7.726665505268455
-465.26152740775103	40.356412522097656
-3018.2474274697825	-15.254633873498667
2830.388568814831	-17.14753416968915
-3482.3904333336923	28.143022984405015
1670.6609487817964	43.140790210614036
-1486.7911145606731	12.068690629947039
-1779.5203514538077	47.93942330591684
-1157.9904543415776	-32.64814398823199
-946.6453183680314	-34.969786399516195
-2400.458104836108	60.76580590093145
-1915.53701255731	59.23124497129539
-821.9986136514194	-19.181102267717502
-3664.6299545142833	-33.53079579811087
-1414.1928273358408	21.646397716676073
1009.5838279909516	-40.25483847811947
-1651.2219439038274	-0.8818321963379889
1604.804497361678	-187.0087133271736
-1734.713636932163	-42.44362651096255
-1849.8606153773594	-8.408627675150656
1160.5341118119663	31.936901474757885
852.7392503564137	32.95156234770716
944.030860775309	46.94220257317246
-696.0584273416268	-86.38341193617593
-1280.8259048611187	27.014777535303374
-151.6412566025364	-63.59515317266303
-2274.764382364183	-28.390971181731327
-1301.788354069766	-41.45604267357733
1614.8674629484221	30.699100029863448
-421.3602456251348	-19.783724131185252
735.3260220967489	-81.72279965563149
-4572.416192101631	207.8783958717584
-1252.972778666433	-139.89681619633964
-351.85641433749674	12.458948475408903
1657.8730209036903	-5.113583804501959
-752.1305244385671	732.7535489491981
1956.7127654180165	-111.29173059577673
-1456.5104897770082	8.36694373549935
-2563.6515323810168	214.477230065019
996.3121978544889	34.977153326629264
952.4941432290574	26.17925212462203
-1502.69521639077	-15.520975548402191
180.14652111466611	-38.43493179593632
2363.7832781724314	97.44992365880039
492.25230733983295	49.30256575280904
156.00985011029607	206.84883551644987
-177.77046993317268	-29.391786129858748
1348.4166622770895	-3902.28703723234
250.84612642526318	-8.549068375217301
-2628.643301170258	-20.45847770419517
2302.846994087745	-71.5771419615874
1818.8615276839043	-68.17399502051198
769.4758717438939	16.744023924726974
1228.3131916898885	-22.257238449210856
4685.018690568596	-183.37272535936734
-1775.0517515914055	99.32896825920892
175.8504824670955	27.08366863610609
710.7052053459358	-14.537505149291919
46.893610335468935	42.401825003249805
-347.7368167651646	3.005081401641863
-1556.4747686399865	46.310893914627535
-1962.216550423175	-9.42423895049324
-852.7494532233844	42.12847652390595
52.09478196438397	41.55656503593202
-2816.706347819795	-146.73373213902565
1668.113990467969	21.65705612957074
-2421.1049773188615	-336.0377193496427
-481.81134759221595	-5.841356140273901
-1353.5166854427168	110.58823560117295
-1075.0850962670763	-29.740939239811507
-2649.3301449569217	85.06068869244157
-707.8118678032878	-454.44325070372133
-2958.828305875944	-44.00966603027558
-1298.1613011845457	-5.950491567671637
-1291.2888217412137	107.36876628630819
-1184.423975690893	32.73434178542519
-2090.360305131735	13.90344691374269
-979.8579976892316	17.990348455702016
1107.460324979787	-82.695565828908
24.48404235591709	-6.374950734930173
-450.2677432803636	-15.091239615861575
684.0629244341012	428.91740425355897
1214.8358003047697	-17.967470379757728
-31.926066261248877	-8.665914832361105
-2085.7393418765537	-83.28364025367222
-735.7348704238634	-38.29650481705822
1674.275959438664	202.3109743716489
-159.66770494691133	-31.6371708558395
-372.660119233615	-49.752652435612276
3044.7629822644667	34.43762100851852
899.1071528029553	6.305038509054862
2847.7167046095974	31.942415302249024
1312.9969919676391	-12.989420851707909
247.53123012566633	-5.5735520499204085
-1047.6783791103992	12.614612082060491
423.36175808791705	-108.06297031478658
-13.83349295974938	92.98509213166466
-1163.7436075574592	11.081281596701674
-2188.3863873878513	11.630393267382813
-874.6852879180709	-22.09675979897331
-2257.239243389168	77.0439128610682
-0.07470021071989182	-815.1707141864634
-765.5929472045323	45.71716239814693
-1836.2248241337106	36.70404936361062
-1188.435810423174	-42.78726823071762
2623.421405337164	1.3398346552023694
-483.0389002989441	-58.97393467041011
-3278.356522725712	-7.412884700492293
1207.7790907694682	79.26310545526717
1566.8655851117376	55.906270519078305
2188.3964067257066	2.832990480524279
664.8127819220682	25.753788970960535
-327.1226397215774	12.254289004931438
407.38462416546224	9.470250474326159
-1047.8402545472532	53.81312055267155
2874.345953049473	-12.46669638125314
2691.7192737698156	-20.26322025667823
91.251289963911	-843.4036719748766
-4923.350811794252	-5.899420707940003
-2189.6063522841555	-17.387341637867614
-1380.727057165927	69.25649220894223
571.5006906212737	-68.80724137103266
-245.0234351523035	-248.60864132828365
-2494.657414589985	-46.146848870053155
-3976.9002101176234	46.532380342981256
-568.6952240466895	-44.1508028979702
-4807.712334956051	46.85871005687885
-537.2232581631181	-0.32525775131555984
-1266.4256818376928	50.033806795152984
613.3645271381556	-9.081556957854879
3951.3987861792943	-23.10106089630814
-3438.940107762541	38.489926317699194
5154.236229148088	0.7276433849499508
-2340.6131837557773	446.768943424106
856.4587827374444	-46.880735496438355
2821.257747447713	-1.6270773175012778
332.4985849587275	16.735512444779037
-2887.187562594213	-73.57773006755349
-593.0630142397273	-453.36390012682597
877.9302516870589	9.555110438744125
967.5990334410072	2.8816737610711347
1629.8861337286655	6.780399796419513
1776.7586603671286	-0.7728276418316946
-2257.2883043593506	-329.61382474925233
1619.761660830198	27.19284519833083
1883.6038944284624	-7.034040726897198
-996.3193758857707	57.68703162290386
-2966.082938964278	13.202095188173185
1230.038218406089	-150.10392637198098
896.1522582151673	6.737662515695666
-519.0083641265894	-193.06286086563503
-1691.0785128398427	-28.49513073128805
780.372469637523	214.57583891028887
1286.890668380834	20.88735202871784
-1632.0643687582922	-111.62111537005403
1433.2733038462893	59.666070312480905
-218.5235460421567	36.26951893411945
-846.250077140719	109.76576917814052
2595.7358931667122	32.28874657806612
266.02067990847263	-36.35661936870781
1652.779594512186	12.235162004848208
64.94524259995843	-29.675707783546994
2677.1089631015097	-18.997802017878907
1167.7081754497167	-18.74316614449961
1526.3040568809577	-194.88676748182283
-173.68845352629293	36.735090857556244
-656.017186542288	-1.774999412942297
5007.792030023733	21.32592305413927
-2796.952368471181	-69.90053169017497
1670.1672424005012	20.387422385615988
427.8337533393249	2.1601649266681466
-1346.7534602690957	-39.92493210784758
-1048.1248290605713	25.653136098165024
2038.7582990614446	29.814069238900856
-15.970332099675154	23.485841003468337
-926.7090476765405	0.8009755380886658
-2535.9423135499487	-169.56118198346536
1178.8571043591369	-85.62581480738875
657.3388993354425	-23.056105863479385
-1366.2899946277869	24.057096595346565
-1274.5812225418103	96.63194563602084
2789.8279931861507	-699.7585281917186
-118.04117958941436	-1.0783374432064494
1709.0959102321744	64.84143946873343
-1331.6128149506308	-582.6467591127869
1775.8013598512541	1.3441732095172536
-646.7493451197124	194.1277404398485
-2009.3370844765075	-158.1402427674601
-268.0843334740165	6.3849829172429935
-2193.0994295210444	12.390314894808048
-1104.634705588682	31.420875591043682
-459.743969575336	55.498057058371735
739.2412273701112	6.91971473814783
-551.9884326103936	-49.33518228034718
-3673.695510927736	117.30007113219199
-829.8495392794415	59.050092483132936
-2351.532806966073	12.729992776094342
320.38855559879823	-0.28990060155132724
-4812.604326460754	-8.644506898409785
361.6142072686889	-56.21663807454692
-1499.001438616786	72.53533700976881
191.97568764366537	-3.639563031968775
-1473.2097617670593	-61.372128310559845
1061.743842124333	-1.1260882598892281
158.99475781931324	2313.920677674718
-1790.3777692991303	49.685032368427535
2023.2555173477613	76.21241716702791
-1461.748652981849	27.97113557912612
2053.388705213788	-179.44303823055816
56.67633795463537	43.790074474917105
-276.79213820276107	-75.72708111193086
1407.585060313124	-209.39021249862776
-2695.2522883641373	827.8672984069741
1370.3328356709228	-87.92842913317654
998.7365748257715	2.643760406624837
1493.230597383645	-42.154354281770786
-2253.3894658423287	-2.239538107525604
-54.11182330008921	-115.39606751567278
-2389.506578703441	2.7296324947167014
2244.5188591988276	-76.512566458351
-720.1574303734611	120.69111918927973
-551.5855922770353	-231.0838565016678
2003.8968816425765	-517.762081693477
-1673.6357690190011	-2.954671291237999
-2184.0147602392685	118.20968001760116
1472.7467034820772	2.0699802165968757
-1654.6369665307197	3.1972352388903746
1745.001241015047	-126.26972649251066
2614.9292793241507	-21.428783123470204
439.09691438236484	-23.484348584327883
1725.8939734297671	16.682835722422208
572.3043867493368	66.25496244202593
-2925.6091068015535	-2.3734292929705054
-48.55901800369504	-34.440183541934815
2.787512134626235	-20.895812697563038
2196.759799327836	-18.722599210934263
1819.186608699491	-21.691652342357656
-2960.1519822702844	67.05660250652694
914.8339705912382	-10.998926190998931
2976.4857659500376	34.436769397076645
1092.1631960227896	103.47188141550745
651.660962157818	-15.770518161739652
-3630.7485214752924	35.197199629255216
-328.4527186810929	-7.691803532231928
3370.6353128623305	-178.12892753824397
-1182.685471086824	-23.61589161945689
-411.38336866767895	-14.369878398915949
-3104.461017207174	-237.4696053758541
326.17771524874854	-27.607622486070472
-141.724217378611	-99.62242397084052
2597.656652978603	-10.19996785913694
-1228.9617715653255	-19.737311446547274
-1158.6672089870438	8.949417104689557
-920.6300370875423	-226.96635369730438
-283.51390858181577	-25.213380981046438
-627.3396656533182	-29.65290542333715
781.1566902650993	-14.809460992027843
-402.63196979813165	-78.6692193694212
-3527.2675980198346	41.76540140060731
1296.797338388803	-84.90374144408024
2566.7057332141935	-84.83154855210472
-1028.0657873068715	61.07295649643413
721.3982140992786	-28.53162691859461
-3137.0855881789357	1075.1288235857403
-640.4980313225659	21.879126689952614
2394.338184697052	-44.57454141242653
493.26994858064313	24.025386261446254
1192.0266548085656	-43.90781198263589
1120.5193406739186	-82.29652063662165
2667.573400516409	-185.6288969928281
-1471.1123148911652	-18.45078257701481
367.591998047689	-6.08318480692478
59.26670346154231	65.85819920270525
-957.7187709690944	0.2993195620398662
-170.9149924157552	-14.81767999670121
-1623.0197238526164	-104.76135680357002
428.04135754912346	-3.1228302188028922
2109.3537047053946	69.91899888462412
-1380.923294789184	-39.426157316606414
1541.160903704702	62.22904571583
-1393.6856515955747	3.271309841047431
-2086.984457527816	-60.40164841966827
2075.7371615496827	-112.92879686624391
-3152.6396827281974	-17.828688109324737
-168.76472552228466	-81.81200251666738
-3.949868604520298	26.625275540357254
-5777.78445923483	-25.570308023045893
-429.23613730954173	-133.54794296627307
26.415019181626526	-94.572310504376
610.0291145154093	252.71864047243844
41.81820759514038	36.750855194142495
-648.584888396965	-45.51155476777985
2269.8765286605035	-81.73610708705257
2053.048684791565	-2.371145033491316
-1217.7353044222798	31.767214082467582
-3640.781697723484	-48.41279178216437
-60.313660865573326	14.714166061594822
-1115.7239068769538	-0.006490148306360163
-2442.1772972309436	33.64701588584779
-483.2503812550032	-402.7247141217027
1634.548568765346	27.570135385533476
87.94180761934363	47.84809460610229
473.98657933290116	-118.50099198741518
-837.7727449598677	23.57876581759021
-1407.7314109105082	-3.467838662759691
1199.4683637841729	40.01726414546709
-195.18541101488236	40.023721588185424
1637.692548089916	11.207790408919664
-321.7514366043916	3.9294441759366583
-1118.2807370629648	101.31060781708351
2445.020109164935	-39.03275865124986
-1397.7171945317432	81.08582995197533
3529.568563279075	-223.82286587758426
-275.4388876496691	-7.25139438579309
1206.3915405621856	29.408469472949275
-465.69750311865664	43.97754238032391
-367.53363281706055	-3.105293672492496
412.41735551246177	76.35792438806716
2290.430653407034	-37.00641727930146
-641.8872552913913	-895.7319184030323
1345.4623849782404	-4.684300964671721
-82.39031007939352	-33.54616631987084
3285.1711980545765	130.4323321616624
-2352.055410486294	14.0604300221546
636.9913971309248	-23.473372119455966
-423.5934369384691	-35.953984683245196
-995.8878695410154	4.941538123465392
-2198.664955569495	-4.569899523039784
2427.7950307402534	0.6021371659852133
187.6737079967692	4.437279230723106
-733.6971171736906	6.922413203895754
1005.0510834801721	-18.224915893041267
-1080.7201772774997	-7.9703115771838675
1016.5554617886947	41.747165677433486
5503.770618541825	47.30605486546519
-1681.374389087851	-10.218099337439826
-847.3041175694814	-19.257117588972974
-345.2179820744532	-11.971360375433681
1419.198594677077	2.8946558298389746
79.72612892295612	26.42292754879857
-2721.6701081176807	15.270359657559652
-3025.8231551776043	176.720200547605
709.0827107160503	25.323997122835912
1581.6765056472343	29.883372278514788
776.9076338568876	405.5986295004772
166.5416052790408	-689.1031532591472
-342.54624588168923	-14.494306058278564
-999.0660934486916	-12.592664173363085
718.5959430801223	30.683650116737912
-976.7392290216612	-8.472804525337047
1671.5115881871388	-32.80071466861975
-923.318540537046	28.95213801772213
-1011.0654699098895	34.130134893323756
-2009.889252651597	293.1128926589919
-1244.2436463594486	8.062000698967253
-153.8443027871031	132.5886549800949
114.80752759622918	-25.85245887181103
-1991.6644114998314	-2356.5739133107277
431.70450471047076	51.96725415155806
886.5918734807748	185.6292351571253
473.69267915457453	-13.46831535307569
-683.0445926834603	10.810256702210518
98.30059726374878	-7.559063886768954
-3085.2560609363386	18.488578161347203
978.4070603928172	28.218704098324544
-1014.6924351716222	12.973616737736412
-1261.2826858446533	88.89558383741733
2246.141970259534	2.808394701377558
25.176010985585478	16.267340378851546
1803.7917413682922	14.833958759188462
1072.210421522949	-85.83820057662163
1535.0320321898994	-102.21319391738554
-274.97968158854513	7.175603829418567
4156.25911019206	54.24089617025592
-160.86213307487233	-4.5271783020252165
1781.5984263015846	-55.4914995387624
-2650.3562464040047	259.03443582055814
2015.287700289637	-911.9741262184606
728.8817448936488	309.14452200429247
542.5544039076019	-7.275754856833435
3457.403155875298	-22.63039157543077
-558.4789304114277	0.8633425432558739
-1321.1051039473862	-63.93847378826219
3018.6056764293967	-234.52844797449814
1068.0004194693577	280.4847591702303
2432.2015752391785	46.30028573757811
-1614.6880864272339	-41.03504605112587
-2243.0214917355215	107.50352279954011
-380.8545064884875	-2.103772656437428
-513.3011762329405	12.913030714807753
-35.319833335046994	273.3468059914643
2273.6247828353066	26.46564780886559
2223.34439208423	-124.4513429582535
1315.9691431486008	99.10381692457848
306.77116297871527	-14.442134260088466
3051.456057811258	123.96571128870293
2505.691478073994	-35.214042539653825
-553.5069405010977	246.6586352110235
-1365.9188312084673	18.20549268545023
-261.2734747786615	-41.85637466547265
-335.83689266124935	-1.677454451709374
1058.6861912329455	26.122949610887996
-1252.6924370654688	-194.76139865921877
2843.9963407239343	-27.665516044165535
-3206.77891306169	34.424870720829226
-1760.4395743172827	26.12235348379754
65.48744718792658	8.989688068798815
-2083.874886177079	-33.37748151456499
-1766.532671922797	-0.364040361589478
2112.638387859279	-10.14080880366861
-2106.888322992252	7.18118517853351
462.6589558202858	-111.96909413268565
990.7601167408859	-14.684171826136458
-2611.7968487847065	114.45807334609285
737.0440350475778	-175.85989743273473
75.63189731013085	30.697968445890886
3123.198856033781	-0.8075591627086696
1147.7224193530783	55.47157431566781
526.7145547701464	-31.15277323176297
-1571.098428188086	59.041232411063305
69.85106187424091	94.10501447596313
-407.2402080347529	39.3374089786463
-1026.435561000343	-6.488248488936284
2934.914362137899	-59.36959760702642
545.7562449479533	-42.32020487047113
-1704.2452793235539	94.10167914345254
-2184.713481451138	32.00308679903831
-2408.200138461088	-41.74759491728506
-1605.5596730928955	-14.625217616367438
2947.8222007622408	-197.00313353530836
-588.8151583277079	-9.88704660459741
2328.634887020216	-28.323791379624655
-3646.559716329066	-80.79285025390095
1435.9350585015093	3.222533892500089
1169.2885444717965	-20.49073091588827
2740.0654074191616	172.39989181498868
285.93176101996335	-23.170112882359017
2240.2269111572955	15.322706398883602
1269.923349572887	38.817004363526586
-289.7003780024503	-192.72980714734928
-1019.1538192110003	37.26247235758031
-135.51260026219364	-29.901834193119107
-1208.5778763214462	8.839630804808108
-3472.042055165779	19.88197153487154
-941.465944469909	6.05744737235235
-1328.9791612761815	38.6160621089303
-685.4438676706268	-36.91154121979313
1070.2853771514103	51.356594253256745
3815.0395380683754	16.733030958727728
837.8077551447645	18.691226707174344
-1290.5843748555583	14.401960663183942
57.28613040018458	-31.233444259973002
-3164.2055154818427	-197.89139399764932
-1444.0409636416323	-34.45358981144544
-767.6853844651298	1686.1620166659686
-2115.419471864535	-15.29329669374829
-52.88621918842319	14.371181434409381
3001.1676039089566	-46.955335556395774
-566.0043389254188	27.042403157962593
-63.41606371566919	-28.52348625471346
1072.364923195452	29.67562357426424
702.2498448227161	31.49790153551672
2085.085491557224	94.47622832812623
21.087929033941755	29.13469515854063
749.7313401981746	-21.44306729574877
583.6424158316581	-3.8528968511163098
-1745.772184849308	-233.54050947514273
-974.6510295355777	-2.9030890305241597
2070.3393956046225	-115.95765556966451
-953.1021502688008	-113.25711659884752
1881.6048578508205	-517.4578657970959
155.91293226484677	-33.85372147420067
-1746.7700069197815	89.76273429104587
-1015.131109796205	-64.78102248990125
-215.03568839363137	-53.63030342390917
-259.8374623400542	4.418256647263851
-372.63829476444295	12.991397144101699
-1068.0459363372072	9.374026817903856
-1707.194601416672	-111.14443872072756
326.92088867155354	2.8600633592554816
-402.29318509598517	23.195310774689897
-2555.2572814822665	-8.495973251012114
-425.90749036793153	14.831515333181397
-971.0354675668265	-9.618410065805149
-4653.651099128011	-17.022729498329202
-1622.913096970242	66.4757677204769
617.8650680526174	-5.682789599516124
1324.212820908621	10.86240932793445
699.3570880376664	-24.84984597680618
802.7465976802304	53.16798422671982
1198.1520067509095	66.62065692379446
-1063.4864769487117	-1.8807546417228818
-1246.4715146582541	-23.435687319934456
-858.5706261262499	23.63483621602402
-2037.9368995875209	-20.97348429486017
196.04465859038493	42.01888359606569
5.401557474840755	-62.015936695919656
-373.83677790078474	9.74875050205168
895.6203468089798	-78.84291766985032
-3559.957960016948	484.2242633178134
-1732.8833874799484	67.97234796273716
404.98193962651595	0.14693631531609805
1813.3986831999148	28.494796095126404
3250.109396238695	-30.009459210299983
3273.6453541553988	54.78154221537677
2496.8918774826943	-27.148646957245816
-287.70166547565515	-3.986897571425749
-739.7918542652213	33.41173958261372
-2661.302068283075	-84.27258801483887
2072.0074842094127	169.93049790933046
621.0620956530267	-1.3480119362306866
-87.24607709288708	-107.02104442783269
1126.633341299214	-41.68046895620456
-169.21913686209905	-11.969616789128684
-641.5937796737442	20.070872112945757
1490.8037681129138	9.30785366113157
-1128.870030427422	-10.71680465503224
575.118115942759	18.857708089377912
909.2248671741322	13.13234634785928
2428.577410729115	16.51365566836835
481.0438392872142	-32.61023214740792
1870.9393353778594	60.17615020511768
934.4768544232813	9.577366068582101
-1024.895089310498	14.067150810554066
1639.6449707888637	-32.219468596223024
606.9339843984391	25.709425226623885
-1076.5197665704502	-1.1283141335472524
-164.8388836005136	11.229814087230917
177.003038350622	-79.00990242457485
807.9664013202457	33.55568196674083
854.0500884235012	-6.702745814171721
-1163.5574350991817	91.85239078777909
-1147.4872236713784	550.784562608602
2842.6930481148215	-82.19058299575191
2175.6443640948555	-8.261242420126983
1741.1322726962078	-288.6049703941293
4394.424734854684	-27.30484477691893
2409.342407750249	11.756126933913952
1190.33741434556	20.394461673449246
757.553485980798	138.31101069221023
-2809.1039764180296	111.92961231835449
