x1	x2	response	response+gaussian	response+slash
-4.589596436176477	-4.91956270158046	12862.30442587066	14087.262154680995	12859.44135174531
3.453712059095718	-1.5790319312813317	2.729949902114336	2195.4464831290015	35.29464498996687
4.484565870604298	-0.8434072514355417	1.5885792486276507	-1177.9876908554334	-60.89127323289151
2.6956652028549186	1.407246037510216	-2.1586039221379014	-2957.7611053089513	-68.11758417945283
-1.870668276386084	3.836962911529101	-17.711690286328693	-2694.609431707341	-76.28878733037807
-0.6134621440222503	-3.14912872348411	1.192328688783283	1151.6505444025643	53.87795109359555
-4.5285526675288015	3.1214543472910545	3417.3613610786347	3201.1302276436068	2254.9110752253796
4.8233340617837985	4.664575771976875	-0.029657156444828504	-932.528020119486	-19.413900402703167
-0.8481609399744254	-2.0022824452732344	3.107910367242409	177.76996536317117	-37.74095078769751
1.0604287203495621	-2.9576525634679527	0.8797543110202644	2735.866966110069	206.55361295785517
-0.5376659375293338	0.17812901128247027	0.4372552352641397	-3862.073928048751	1.5405678007266237
4.340136407837832	0.2988894294253601	2.2329834176179055	1286.9251253701734	8.295943943583257
0.8827124364058623	2.720213450036164	0.19761520187706216	1276.152099138082	51.62895620554344
2.89092678032255	-3.5112077738861815	-2.907242717443244	489.5340073623303	-10.491155542837724
1.546961954474389	-3.031934940786506	0.1472284734769491	-839.3848917028866	21.066304659997336
0.19344610677149632	-3.2716723820347293	0.008971973904150282	-911.6505276195846	-22.157437172086325
0.20080534370016068	3.7386612689001275	0.001569338245933906	140.81251980467158	348.3373498337215
0.8789551574370442	-0.08964212657939896	0.43828288817455463	1769.4924094360802	8.91663693402161
-4.191722494036137	4.225781941545613	2236.6698898540685	1695.1927995874025	2346.4328838119322
4.051752704800073	-3.667073642269436	6.716501603794252	-2078.864633491826	17.643869945387003
2.1233322401211545	2.7055836344918482	-1.6203231555962783	-1271.1405285933088	-0.1105476778876815
-1.9834037595370715	-4.3453195100832245	-260.1716986594284	-1112.396651675049	-240.19939665403348
3.263159072397956	-1.1983015655227538	1.0065503372046944	-4285.527216103933	-16.97282394195184
1.1440965120598907	2.545347190859097	0.28983286276186465	1620.3799816194608	-154.90641304336245
-3.3969040486942594	1.8040618623737705	970.8284774198712	3282.5956804673415	958.6298640471574
-4.078491881926887	1.4170678769441656	9484.6433797056	9352.587958391376	9492.076706893304
-3.8412715059331326	3.3344987322994584	2853.9259247828954	5005.926749447162	2974.4104936147824
-2.8867061283154105	3.702472840048655	-144.97848518709728	-374.2339118673595	-19.674041682247875
3.02896239174132	-2.4865762211832045	-1.1378803105622952	33.08800235003425	-18.541162952637954
0.39529224839194654	-2.712045164563377	0.09840866032777956	-839.6151935940237	-94.51082416235282
-0.5554315820780289	-0.29415436279932905	0.540971654562665	-1958.734647973281	35.66534368963963
4.828273757752967	-2.0843215563899187	-0.6490933112132415	1690.407544802639	-61.292899017053294
-0.5001045846200167	-4.088814291248275	0.6296135640041756	-1455.8216454343462	76.24466848013753
1.1011219043948266	-3.364556524095547	0.9592530752782235	1434.3114806475537	-102.34086050597453
2.741152180462051	4.910255894269715	-0.04878614304259819	2473.7478830811538	-12.233658172530133
-2.3991711477881585	-4.282407395483782	-940.1946157657367	-3835.0454714410785	-935.7975600539439
-3.5571368495041042	4.394063997751914	405.8328248001104	1561.4495046443653	382.6010575017042
-1.9440523230892315	-2.169261238499728	-164.47177211099978	-1391.0598601935212	-383.12395009875377
-1.375195818131414	0.4729484353627189	7.218845099573801	-620.7622368512025	90.62416708739505
-2.247899171580819	-0.2568397069759616	-381.1298786821254	4178.80476576421	-518.4692253911269
-3.355070553731694	-2.799135682858318	1823.7356261519665	3624.818459098121	1823.7275717987834
0.13258935068679367	2.3242914913817634	7.03394729391882E-4	-2366.1318918609863	-16.49359003174644
-4.450498731744887	-0.9515202399807698	13954.762235913915	12794.733714137321	13966.826169349319
1.9741091753928277	3.2028190836538215	-0.9233170726962864	-2004.6110457834047	34.283976441141014
-3.730158139348747	4.620063893112045	476.87207434743164	2778.4998161801896	446.68070399728674
3.2670285726207045	-2.919538137090626	1.3269521073802741	2810.0799850076364	-29.827617126701917
-3.7741750689095244	4.332976099506007	954.8440591493305	1857.123020467884	908.4851388953631
-2.568365128746012	1.4056041188640709	-451.407193869813	-1736.2537150959706	-468.2510250728736
3.929429444483354	-1.7351006952191659	5.438988532319589	928.59279359695	-1255.9183830465577
-1.433785913687263	1.8785166394582875	4.521732552444596	-1375.9926312295322	5.806056807391798
4.777382812782209	2.922779348888729	-0.11557745976768642	33.879381104509505	-7.084280536255949
-4.950224681997599	3.0899896294215203	-5824.087620941378	-4042.7914524173066	-5833.205358592859
-2.6198775780489503	-2.7012283606824603	-998.7274665833646	-2771.7690693023396	-954.472862886496
3.0116922384091147	4.487770901714336	-0.08991144901424798	1822.7049525110829	8.253858776207583
-1.504994174292996	-0.7476857474583634	5.41111725685069	2574.9575962244403	153.4052608072644
-1.0675215066489385	0.8202850115080897	3.9353435796852096	1770.413503006327	4.081436443523448
-0.08509275412392725	2.993780233459603	1.13153682894594E-4	-787.8194484427188	77.18133756194247
-2.045624947571365	-0.7753108771332808	-211.6852730617793	1301.8336826035998	-202.7917629458133
2.5090372130061116	-2.756007885638142	-6.091265421774116	680.5905341277956	8.891503796504775
3.3573735513212952	2.2063929180351725	0.8045402784197754	-1419.7144726797708	18.93453269986517
1.0210274143069693	1.5051999932901472	0.3702111877862165	1750.9639335006277	26.79292805118734
3.095758948074325	-3.100244423008285	-0.4986718666723025	1480.4471126817705	22.086732280302698
-1.7999752986899633	4.802965745161583	-1.8692134193414445	-2190.146688033308	-19.566617595552945
1.2922045607273613	-3.79525494547289	1.027837038557148	1312.17409502879	11.363212550941908
-1.6262556535506532	-2.755286254878677	-9.905617983861204	-1875.5684071815613	108.47317374577801
-3.849095013888987	-3.33807259457004	14567.135414999493	14901.160744410652	16652.986745933034
-1.3318711300392794	-0.21045869274412432	8.326998437626873	2515.2920494470236	19.681093924393068
0.8781872209545654	1.2582276818983607	0.3217783258976383	-1967.897464816367	-71.85579168435856
0.7364717591526757	1.7352103625222801	0.20686541974508044	4106.889291510313	-106.88426454758577
0.8884957284676078	2.7484859383868985	0.19712693203963808	247.49070463653493	387.1237229032975
-2.918440740575422	-1.3979332393916923	-665.7381166799803	3530.0429293908337	-629.3991115591881
-1.174407065519886	4.532908269655332	0.5855381832468337	-437.07700405128213	-375.22852918046243
3.837592254052904	-4.670034587751811	7.6213133664321155	374.73660454754975	-44.58528771532981
-1.256720927895747	1.6480914754261438	4.949339487602286	1887.7550228566975	-287.80085633433737
-3.7756485820295973	1.0031062213366653	5745.717589549602	6949.2367249099825	5755.625086123912
2.1668800010348477	4.009375972399615	-0.7425014590150242	-379.64264602703156	1.7732300044213405
3.7942720152803027	1.679011860359651	2.5463327967036804	-883.0892641945771	-26.837420322628
1.6962121346464514	-2.3151368429443564	-0.9124857237103857	-2634.78137311393	-484.13900840475117
0.06379767590422336	-2.6782886312267564	1.1853117351500328E-4	2530.5893399294805	-31.334332980650498
2.3126793675931427	-2.313490317156439	-6.0987875463359815	-974.0106267554656	16.604235604644995
-4.846414170395345	-2.674483983332987	-12792.501793906566	-12655.094328143903	-12740.11983755382
-3.3823818419705223	-2.468711390464269	2079.3505133686904	2630.3299720764526	2113.965134435431
0.6578429837899513	-3.335394008089667	0.41876067786634724	464.72103055096795	38.958855619284165
-2.1440495477418056	-3.3445141873256814	-442.2495531503905	1423.5435527787993	-1064.7759393519104
3.121263635061476	1.314972740794035	-0.1004756032275968	1193.3362722746583	29.960801748518364
3.768668837602956	-3.34221895369875	6.262701615958437	3244.4658770907445	21.057994321759438
-3.7772393843953322	-2.730908094301052	11164.072953141611	11215.7577857543	11142.302774131134
-4.93038217100878	1.3018359036927771	-10284.8341466859	-9017.4586071815	-10285.931377051207
2.0483699903674824	2.2000274138973994	-1.725840817536013	1813.5898293361045	27.40703565922312
4.656503627328592	3.2266932019926102	0.10013741433692609	-484.3800894079332	73.20884986547016
-1.3185835344457986	2.6304941906765826	3.758806863027357	1135.6697500174637	22.782680425640347
-2.4569983164514175	2.3933701693712326	-289.49100411767023	-1351.0849857411374	-279.3750822399466
4.746234302185716	2.323743691225543	-0.08119808367091177	2101.301978536901	-33.534091436342955
-3.06170045389198	-2.561397719284917	-371.1702519943292	-320.90532601209395	-299.1132013120233
1.5124380060965246	-0.46304921735762594	0.22841946668719565	982.9251945724179	-26.291081066307537
-1.0976451607678426	1.3117775907968854	3.7886979057577914	-45.79779234954215	-28.331990543281606
-0.3000631304449275	1.7641229749313379	0.030543504568885573	-1281.4298429112046	4.076359267050735
-3.430395399504287	-3.161322544810452	2994.282893565882	5052.253778480765	86.04841256460213
1.2205998396482798	-3.355632430394888	1.0074523817231276	1992.626327111172	5.3136143648396
-4.939180066630816	-3.8142852816627415	-25559.289788007598	-22981.68261202159	-25556.70230355808
-4.249330895914742	-3.1773063462533537	23848.83950727487	26243.901012035127	23835.89956914226
-0.10775559997384754	0.5909444709430609	6.494004377766849E-4	2189.7255861223716	-524.0841162562766
-1.7512648685063659	4.72434365019345	-1.7679857658575695	1612.8585363745037	-116.35537267487624
4.943115743330807	3.1831962616862413	-0.2729168900741172	2367.334453112772	-28.134634886483585
-3.682722171890699	0.43997955070616523	4906.760140171956	6509.271629783381	4892.8945474011625
0.8571184331715003	-1.7717444605588262	0.5604985038157593	-4168.655534200603	-32.825699091195624
-4.348509108658956	2.2178851540389424	7716.043251910837	5194.397896384347	7626.25973106963
1.1302695957668396	4.721100886225553	0.03266173119672027	239.13796381977033	-113.69768306266617
-2.2726938765639924	4.420659292535042	-44.79568577705566	-3187.8088839597285	-101.75864902506167
1.0771953566415613	0.8857821290483958	0.4622142933642564	-2248.103030922682	-40.08399543871917
-3.64876621665608	2.2277165251521804	2650.2520432312435	3364.5193269441043	2685.3257404588794
4.369704485336911	-1.1503980544009353	2.6678847271219266	-385.5882168531976	135.25170890301908
-1.2721545242281715	-4.148767029072329	13.821347173261707	-943.1160968839829	429.55100309930083
2.906022052408731	-4.474160342717372	-3.03890841490726	-1016.4563480273181	-15.192975675935887
2.296423910490134	-0.41799732308632187	-4.494543664030251	-26.689890215061133	-38.41418136024234
-1.604002833936712	-3.4306600788039576	-5.931433018583776	1326.1758028216113	41.24676330852984
0.746507440623625	2.593004158547644	0.15651283850042985	-154.35361920599303	-2.166420519292489
-1.7629439713128892	-4.838141957534544	-69.74460359757205	-2086.4911561866306	-23.054510750538412
1.3427648177982903	-0.8977042374228352	0.6449161948985079	-1356.0077020613749	7.0938388650787045
4.007615469056484	-3.6608563092624804	6.880687810229323	2020.6985209721252	-20.40960242496565
0.972831438396935	-4.766805977494717	0.9733731960104037	-986.7662064466695	43.008370330511
-1.7808619200830957	0.5893095769257259	-36.16622287549453	-1784.3374056503649	-132.45928997823074
0.17744753275472736	-1.291483084831139	0.0049577567366604685	-1221.583315636966	45.88536597706056
3.844950886221536	-2.4678802936581103	5.907270155393699	1906.4299210499491	-3.1986210522909024
2.8304402572624907	-4.623005668455949	-4.086194650471826	633.7850598630193	-35.08825146304339
1.583412323291654	1.6314086013989284	-0.03506569233177803	322.0270289625997	-38.868547273792174
4.1067936836795145	3.493788116290748	1.1129670126873246	710.8317622283539	31.3686936841849
1.8149574304109075	-2.902086254427705	-2.215410901926941	-2271.5062358742935	129.72585538747413
0.9102530914772604	2.6633797504767376	0.21213953115464956	-307.80306471125107	-0.28464101138151066
1.777011495454893	-1.5926072708537231	-1.5000758671391246	-616.6635198574255	-17.370536760103345
-2.9723820268530057	-0.5980762718524799	-490.14182945037857	-625.3770212070467	-425.66095727560827
3.607709607882203	-3.8110350136058404	5.316362964676816	-1327.381807759813	13.269869207268107
-0.06492746338986599	-4.6125168366353115	1.810085357788011E-4	-2371.8819263629916	80.35644256387415
-4.401183957485873	-4.368798782976882	24254.7361383571	22404.240616266612	24241.63191300703
-2.597382792182452	-2.359603524223799	-943.002728948396	1018.6806075511158	-983.59760367164
-2.7498092629559134	-3.991438534611987	-1170.9090996013454	-1527.3254258374725	-1139.3086068900334
-0.1741448541588717	2.112354493486773	0.003005840765097123	2068.9541300461938	51.65299870463816
-1.467399657855477	-4.551640736554951	12.067998919592261	-520.4570432796327	46.04288981063861
-1.4398988300829152	3.4615892764432736	2.1864237734752563	3228.7683311889123	9.832140914842668
-4.857372793936589	4.638508250989862	-654.3490088797403	-3575.04122651669	-795.0998966658951
1.4399793610810043	4.152909816329407	0.06756564954503874	-2207.037831854508	-69.19044476868153
4.472881370958573	-3.1811149029199015	2.356924387309375	-1449.8377449691511	-1.500172766512951
4.1383754374473956	-4.554854457480085	6.810424898650845	-466.56420004754125	33.25514117944809
1.5226764015440821	-0.8957762759022323	0.20766805354046905	1232.2281843865296	-128.46773874420776
0.05182273276017213	1.3148856457088627	2.5123651139780935E-5	-316.9798378523904	52.51525877967788
0.03877726995544606	1.9540281146747107	6.60854572605095E-6	-3351.243970977434	-28.12611359649213
1.9950910658348509	3.9142316644801802	-0.5903696315027028	-1327.5590369949573	-30.997933088241513
1.802787253611915	-0.5649249257005255	-1.4645014187713488	-2486.565039980804	-63.336127449917115
-3.8540375344488154	-4.228388924784108	16318.227374681243	17767.78987964055	16269.771641918853
-3.828806718105351	2.814653367219945	3628.4194301766734	968.9852733682405	3730.6624719936067
2.40187280272246	-0.38147860539369827	-4.490290920774527	-236.3697794933872	-15.452543427232477
2.7260382238895726	3.977764157228803	-0.5754768113388367	-999.3792205905557	2.3635619197028372
-4.406692148887576	1.4614100473906415	9076.656800603554	7837.259855410666	8939.03898195328
2.208644823087722	3.1790850487082007	-1.4271918242010844	1030.7845776845747	6.777911062039063
-1.1554627531600414	-3.6832821502973054	10.399225436895163	-3097.677857298889	55.59413895356172
4.785772054224889	-2.2794195907589145	-0.45151249866343157	41.70282964154902	29.486846029148943
3.7804830209598546	-1.1115555788388631	4.635078769670376	888.5625211723553	36.60689957923044
0.13702942650551186	4.288218102704976	2.1209867720372477E-4	-855.8292092391852	-34.58447078697933
2.2492146343136508	3.3914227788970326	-1.3021848573121673	-569.4934610376691	35.62836371907631
0.8543362004759825	-2.1136730269736126	0.5857391883700444	-1322.7655132198602	-13.564448265103051
0.7627670159324857	-2.290185643215702	0.4935636846465178	239.48277399483877	-15.706595236553035
-0.7913367953465862	4.575715145840128	0.1494497186156701	1991.1617808752756	-31.81339876425812
1.9546869299493883	-2.870830365606137	-3.821550490889734	-5046.60616140406	-23.223463295132103
-2.5337579147654212	3.551738891019152	-176.42259455366374	458.4988781123142	-168.79772341434568
-2.9890937474028103	1.991723783096261	-245.1263325445336	1333.046955936786	-260.95606124195103
3.6258921535018356	-3.5089022510626435	5.303698990775319	-1799.896892476379	-25.364238021472175
-0.748746253817945	1.798425993439774	0.935953121644229	-564.2737098995757	54.8602852977686
-2.2989448514710222	-1.4487978720737904	-531.5717853908918	-356.31650248149526	-534.5370581166815
1.8221125670403833	-4.482472608194801	-2.7552438809472317	1743.8213500263541	64.51911386002624
-1.5154100028834527	-4.076454077874905	7.507582298085385	-97.57255206746252	13.338210771489678
