x1	x2	response	response+gaussian	response+slash
-4.589596436176477	-4.91956270158046	12862.30442587066	14087.262154680995	12859.44135174531
3.453712059095718	-1.5790319312813317	2.729949902114336	2195.4464831290015	35.29464498996687
4.484565870604298	-0.8434072514355417	1.5885792486276507	-1177.9876908554334	-60.89127323289151
2.6956652028549186	1.407246037510216	-2.1586039221379014	-2957.7611053089513	-68.11758417945283
-1.870668276386084	3.836962911529101	-17.711690286328693	-2694.609431707341	-76.28878733037807
-0.6134621440222503	-3.14912872348411	1.192328688783283	1151.6505444025643	53.87795109359555
-4.5285526675288015	3.1214543472910545	3417.3613610786347	3201.1302276436068	2254.9110752253796
4.8233340617837985	4.664575771976875	-0.029657156444828504	-932.528020119486	-19.413900402703167
-0.8481609399744254	-2.0022824452732344	3.107910367242409	177.76996536317117	-37.74095078769751
1.0604287203495621	-2.9576525634679527	0.8797543110202644	2735.866966110069	206.55361295785517
-0.5376659375293338	0.17812901128247027	0.4372552352641397	-3862.073928048751	1.5405678007266237
4.340136407837832	0.2988894294253601	2.2329834176179055	1286.9251253701734	8.295943943583257
0.8827124364058623	2.720213450036164	0.19761520187706216	1276.152099138082	51.62895620554344
2.89092678032255	-3.5112077738861815	-2.907242717443244	489.5340073623303	-10.491155542837724
1.546961954474389	-3.031934940786506	0.1472284734769491	-839.3848917028866	21.066304659997336
0.19344610677149632	-3.2716723820347293	0.008971973904150282	-911.6505276195846	-22.157437172086325
0.20080534370016068	3.7386612689001275	0.001569338245933906	140.81251980467158	348.3373498337215
0.8789551574370442	-0.08964212657939896	0.43828288817455463	1769.4924094360802	8.91663693402161
-4.191722494036137	4.225781941545613	2236.6698898540685	1695.1927995874025	2346.4328838119322
4.051752704800073	-3.667073642269436	6.716501603794252	-2078.864633491826	17.643869945387003
2.1233322401211545	2.7055836344918482	-1.6203231555962783	-1271.1405285933088	-0.1105476778876815
-1.9834037595370715	-4.3453195100832245	-260.1716986594284	-1112.396651675049	-240.19939665403348
3.263159072397956	-1.1983015655227538	1.0065503372046944	-4285.527216103933	-16.97282394195184
1.1440965120598907	2.545347190859097	0.28983286276186465	1620.3799816194608	-154.90641304336245
-3.3969040486942594	1.8040618623737705	970.8284774198712	3282.5956804673415	958.6298640471574
-4.078491881926887	1.4170678769441656	9484.6433797056	9352.587958391376	9492.076706893304
-3.8412715059331326	3.3344987322994584	2853.9259247828954	5005.926749447162	2974.4104936147824
-2.8867061283154105	3.702472840048655	-144.97848518709728	-374.2339118673595	-19.674041682247875
3.02896239174132	-2.4865762211832045	-1.1378803105622952	33.08800235003425	-18.541162952637954
0.39529224839194654	-2.712045164563377	0.09840866032777956	-839.6151935940237	-94.51082416235282
-0.5554315820780289	-0.29415436279932905	0.540971654562665	-1958.734647973281	35.66534368963963
4.828273757752967	-2.0843215563899187	-0.6490933112132415	1690.407544802639	-61.292899017053294
-0.5001045846200167	-4.088814291248275	0.6296135640041756	-1455.8216454343462	76.24466848013753
1.1011219043948266	-3.364556524095547	0.9592530752782235	1434.3114806475537	-102.34086050597453
2.741152180462051	4.910255894269715	-0.04878614304259819	2473.7478830811538	-12.233658172530133
-2.3991711477881585	-4.282407395483782	-940.1946157657367	-3835.0454714410785	-935.7975600539439
-3.5571368495041042	4.394063997751914	405.8328248001104	1561.4495046443653	382.6010575017042
-1.9440523230892315	-2.169261238499728	-164.47177211099978	-1391.0598601935212	-383.12395009875377
-1.375195818131414	0.4729484353627189	7.218845099573801	-620.7622368512025	90.62416708739505
-2.247899171580819	-0.2568397069759616	-381.1298786821254	4178.80476576421	-518.4692253911269
-3.355070553731694	-2.799135682858318	1823.7356261519665	3624.818459098121	1823.7275717987834
0.13258935068679367	2.3242914913817634	7.03394729391882E-4	-2366.1318918609863	-16.49359003174644
-4.450498731744887	-0.9515202399807698	13954.762235913915	12794.733714137321	13966.826169349319
1.9741091753928277	3.2028190836538215	-0.9233170726962864	-2004.6110457834047	34.283976441141014
-3.730158139348747	4.620063893112045	476.87207434743164	2778.4998161801896	446.68070399728674
3.2670285726207045	-2.919538137090626	1.3269521073802741	2810.0799850076364	-29.827617126701917
-3.7741750689095244	4.332976099506007	954.8440591493305	1857.123020467884	908.4851388953631
-2.568365128746012	1.4056041188640709	-451.407193869813	-1736.2537150959706	-468.2510250728736
3.929429444483354	-1.7351006952191659	5.438988532319589	928.59279359695	-1255.9183830465577
-1.433785913687263	1.8785166394582875	4.521732552444596	-1375.9926312295322	5.806056807391798
4.777382812782209	2.922779348888729	-0.11557745976768642	33.879381104509505	-7.084280536255949
-4.950224681997599	3.0899896294215203	-5824.087620941378	-4042.7914524173066	-5833.205358592859
-2.6198775780489503	-2.7012283606824603	-998.7274665833646	-2771.7690693023396	-954.472862886496
3.0116922384091147	4.487770901714336	-0.08991144901424798	1822.7049525110829	8.253858776207583
-1.504994174292996	-0.7476857474583634	5.41111725685069	2574.9575962244403	153.4052608072644
-1.0675215066489385	0.8202850115080897	3.9353435796852096	1770.413503006327	4.081436443523448
-0.08509275412392725	2.993780233459603	1.13153682894594E-4	-787.8194484427188	77.18133756194247
-2.045624947571365	-0.7753108771332808	-211.6852730617793	1301.8336826035998	-202.7917629458133
2.5090372130061116	-2.756007885638142	-6.091265421774116	680.5905341277956	8.891503796504775
3.3573735513212952	2.2063929180351725	0.8045402784197754	-1419.7144726797708	18.93453269986517
1.0210274143069693	1.5051999932901472	0.3702111877862165	1750.9639335006277	26.79292805118734
3.095758948074325	-3.100244423008285	-0.4986718666723025	1480.4471126817705	22.086732280302698
-1.7999752986899633	4.802965745161583	-1.8692134193414445	-2190.146688033308	-19.566617595552945
1.2922045607273613	-3.79525494547289	1.027837038557148	1312.17409502879	11.363212550941908
-1.6262556535506532	-2.755286254878677	-9.905617983861204	-1875.5684071815613	108.47317374577801
-3.849095013888987	-3.33807259457004	14567.135414999493	14901.160744410652	16652.986745933034
-1.3318711300392794	-0.21045869274412432	8.326998437626873	2515.2920494470236	19.681093924393068
0.8781872209545654	1.2582276818983607	0.3217783258976383	-1967.897464816367	-71.85579168435856
0.7364717591526757	1.7352103625222801	0.20686541974508044	4106.889291510313	-106.88426454758577
0.8884957284676078	2.7484859383868985	0.19712693203963808	247.49070463653493	387.1237229032975
-2.918440740575422	-1.3979332393916923	-665.7381166799803	3530.0429293908337	-629.3991115591881
-1.174407065519886	4.532908269655332	0.5855381832468337	-437.07700405128213	-375.22852918046243
3.837592254052904	-4.670034587751811	7.6213133664321155	374.73660454754975	-44.58528771532981
-1.256720927895747	1.6480914754261438	4.949339487602286	1887.7550228566975	-287.80085633433737
-3.7756485820295973	1.0031062213366653	5745.717589549602	6949.2367249099825	5755.625086123912
2.1668800010348477	4.009375972399615	-0.7425014590150242	-379.64264602703156	1.7732300044213405
3.7942720152803027	1.679011860359651	2.5463327967036804	-883.0892641945771	-26.837420322628
1.6962121346464514	-2.3151368429443564	-0.9124857237103857	-2634.78137311393	-484.13900840475117
0.06379767590422336	-2.6782886312267564	1.1853117351500328E-4	2530.5893399294805	-31.334332980650498
2.3126793675931427	-2.313490317156439	-6.0987875463359815	-974.0106267554656	16.604235604644995
-4.846414170395345	-2.674483983332987	-12792.501793906566	-12655.094328143903	-12740.11983755382
-3.3823818419705223	-2.468711390464269	2079.3505133686904	2630.3299720764526	2113.965134435431
0.6578429837899513	-3.335394008089667	0.41876067786634724	464.72103055096795	38.958855619284165
-2.1440495477418056	-3.3445141873256814	-442.2495531503905	1423.5435527787993	-1064.7759393519104
3.121263635061476	1.314972740794035	-0.1004756032275968	1193.3362722746583	29.960801748518364
3.768668837602956	-3.34221895369875	6.262701615958437	3244.4658770907445	21.057994321759438
-3.7772393843953322	-2.730908094301052	11164.072953141611	11215.7577857543	11142.302774131134
-4.93038217100878	1.3018359036927771	-10284.8341466859	-9017.4586071815	-10285.931377051207
2.0483699903674824	2.2000274138973994	-1.725840817536013	1813.5898293361045	27.40703565922312
4.656503627328592	3.2266932019926102	0.10013741433692609	-484.3800894079332	73.20884986547016
-1.3185835344457986	2.6304941906765826	3.758806863027357	1135.6697500174637	22.782680425640347
-2.4569983164514175	2.3933701693712326	-289.49100411767023	-1351.0849857411374	-279.3750822399466
4.746234302185716	2.323743691225543	-0.08119808367091177	2101.301978536901	-33.534091436342955
-3.06170045389198	-2.561397719284917	-371.1702519943292	-320.90532601209395	-299.1132013120233
1.5124380060965246	-0.46304921735762594	0.22841946668719565	982.9251945724179	-26.291081066307537
-1.0976451607678426	1.3117775907968854	3.7886979057577914	-45.79779234954215	-28.331990543281606
-0.3000631304449275	1.7641229749313379	0.030543504568885573	-1281.4298429112046	4.076359267050735
-3.430395399504287	-3.161322544810452	2994.282893565882	5052.253778480765	86.04841256460213
1.2205998396482798	-3.355632430394888	1.0074523817231276	1992.626327111172	5.3136143648396
-4.939180066630816	-3.8142852816627415	-25559.289788007598	-22981.68261202159	-25556.70230355808
-4.249330895914742	-3.1773063462533537	23848.83950727487	26243.901012035127	23835.89956914226
-0.10775559997384754	0.5909444709430609	6.494004377766849E-4	2189.7255861223716	-524.0841162562766
-1.7512648685063659	4.72434365019345	-1.7679857658575695	1612.8585363745037	-116.35537267487624
4.943115743330807	3.1831962616862413	-0.2729168900741172	2367.334453112772	-28.134634886483585
-3.682722171890699	0.43997955070616523	4906.760140171956	6509.271629783381	4892.8945474011625
0.8571184331715003	-1.7717444605588262	0.5604985038157593	-4168.655534200603	-32.825699091195624
-4.348509108658956	2.2178851540389424	7716.043251910837	5194.397896384347	7626.25973106963
1.1302695957668396	4.721100886225553	0.03266173119672027	239.13796381977033	-113.69768306266617
-2.2726938765639924	4.420659292535042	-44.79568577705566	-3187.8088839597285	-101.75864902506167
1.0771953566415613	0.8857821290483958	0.4622142933642564	-2248.103030922682	-40.08399543871917
-3.64876621665608	2.2277165251521804	2650.2520432312435	3364.5193269441043	2685.3257404588794
4.369704485336911	-1.1503980544009353	2.6678847271219266	-385.5882168531976	135.25170890301908
-1.2721545242281715	-4.148767029072329	13.821347173261707	-943.1160968839829	429.55100309930083
2.906022052408731	-4.474160342717372	-3.03890841490726	-1016.4563480273181	-15.192975675935887
2.296423910490134	-0.41799732308632187	-4.494543664030251	-26.689890215061133	-38.41418136024234
-1.604002833936712	-3.4306600788039576	-5.931433018583776	1326.1758028216113	41.24676330852984
0.746507440623625	2.593004158547644	0.15651283850042985	-154.35361920599303	-2.166420519292489
-1.7629439713128892	-4.838141957534544	-69.74460359757205	-2086.4911561866306	-23.054510750538412
1.3427648177982903	-0.8977042374228352	0.6449161948985079	-1356.0077020613749	7.0938388650787045
4.007615469056484	-3.6608563092624804	6.880687810229323	2020.6985209721252	-20.40960242496565
0.972831438396935	-4.766805977494717	0.9733731960104037	-986.7662064466695	43.008370330511
-1.7808619200830957	0.5893095769257259	-36.16622287549453	-1784.3374056503649	-132.45928997823074
0.17744753275472736	-1.291483084831139	0.0049577567366604685	-1221.583315636966	45.88536597706056
3.844950886221536	-2.4678802936581103	5.907270155393699	1906.4299210499491	-3.1986210522909024
2.8304402572624907	-4.623005668455949	-4.086194650471826	633.7850598630193	-35.08825146304339
1.583412323291654	1.6314086013989284	-0.03506569233177803	322.0270289625997	-38.868547273792174
4.1067936836795145	3.493788116290748	1.1129670126873246	710.8317622283539	31.3686936841849
1.8149574304109075	-2.902086254427705	-2.215410901926941	-2271.5062358742935	129.72585538747413
0.9102530914772604	2.6633797504767376	0.21213953115464956	-307.80306471125107	-0.28464101138151066
1.777011495454893	-1.5926072708537231	-1.5000758671391246	-616.6635198574255	-17.370536760103345
-2.9723820268530057	-0.5980762718524799	-490.14182945037857	-625.3770212070467	-425.66095727560827
3.607709607882203	-3.8110350136058404	5.316362964676816	-1327.381807759813	13.269869207268107
-0.06492746338986599	-4.6125168366353115	1.810085357788011E-4	-2371.8819263629916	80.35644256387415
-4.401183957485873	-4.368798782976882	24254.7361383571	22404.240616266612	24241.63191300703
-2.597382792182452	-2.359603524223799	-943.002728948396	1018.6806075511158	-983.59760367164
-2.7498092629559134	-3.991438534611987	-1170.9090996013454	-1527.3254258374725	-1139.3086068900334
-0.1741448541588717	2.112354493486773	0.003005840765097123	2068.9541300461938	51.65299870463816
-1.467399657855477	-4.551640736554951	12.067998919592261	-520.4570432796327	46.04288981063861
-1.4398988300829152	3.4615892764432736	2.1864237734752563	3228.7683311889123	9.832140914842668
-4.857372793936589	4.638508250989862	-654.3490088797403	-3575.04122651669	-795.0998966658951
1.4399793610810043	4.152909816329407	0.06756564954503874	-2207.037831854508	-69.19044476868153
4.472881370958573	-3.1811149029199015	2.356924387309375	-1449.8377449691511	-1.500172766512951
4.1383754374473956	-4.554854457480085	6.810424898650845	-466.56420004754125	33.25514117944809
1.5226764015440821	-0.8957762759022323	0.20766805354046905	1232.2281843865296	-128.46773874420776
0.05182273276017213	1.3148856457088627	2.5123651139780935E-5	-316.9798378523904	52.51525877967788
0.03877726995544606	1.9540281146747107	6.60854572605095E-6	-3351.243970977434	-28.12611359649213
1.9950910658348509	3.9142316644801802	-0.5903696315027028	-1327.5590369949573	-30.997933088241513
1.802787253611915	-0.5649249257005255	-1.4645014187713488	-2486.565039980804	-63.336127449917115
-3.8540375344488154	-4.228388924784108	16318.227374681243	17767.78987964055	16269.771641918853
-3.828806718105351	2.814653367219945	3628.4194301766734	968.9852733682405	3730.6624719936067
2.40187280272246	-0.38147860539369827	-4.490290920774527	-236.3697794933872	-15.452543427232477
2.7260382238895726	3.977764157228803	-0.5754768113388367	-999.3792205905557	2.3635619197028372
-4.406692148887576	1.4614100473906415	9076.656800603554	7837.259855410666	8939.03898195328
2.208644823087722	3.1790850487082007	-1.4271918242010844	1030.7845776845747	6.777911062039063
-1.1554627531600414	-3.6832821502973054	10.399225436895163	-3097.677857298889	55.59413895356172
4.785772054224889	-2.2794195907589145	-0.45151249866343157	41.70282964154902	29.486846029148943
3.7804830209598546	-1.1115555788388631	4.635078769670376	888.5625211723553	36.60689957923044
0.13702942650551186	4.288218102704976	2.1209867720372477E-4	-855.8292092391852	-34.58447078697933
2.2492146343136508	3.3914227788970326	-1.3021848573121673	-569.4934610376691	35.62836371907631
0.8543362004759825	-2.1136730269736126	0.5857391883700444	-1322.7655132198602	-13.564448265103051
0.7627670159324857	-2.290185643215702	0.4935636846465178	239.48277399483877	-15.706595236553035
-0.7913367953465862	4.575715145840128	0.1494497186156701	1991.1617808752756	-31.81339876425812
1.9546869299493883	-2.870830365606137	-3.821550490889734	-5046.60616140406	-23.223463295132103
-2.5337579147654212	3.551738891019152	-176.42259455366374	458.4988781123142	-168.79772341434568
-2.9890937474028103	1.991723783096261	-245.1263325445336	1333.046955936786	-260.95606124195103
3.6258921535018356	-3.5089022510626435	5.303698990775319	-1799.896892476379	-25.364238021472175
-0.748746253817945	1.798425993439774	0.935953121644229	-564.2737098995757	54.8602852977686
-2.2989448514710222	-1.4487978720737904	-531.5717853908918	-356.31650248149526	-534.5370581166815
1.8221125670403833	-4.482472608194801	-2.7552438809472317	1743.8213500263541	64.51911386002624
-1.5154100028834527	-4.076454077874905	7.507582298085385	-97.57255206746252	13.338210771489678
1.8064391397539463	4.158386116196539	-0.22580676742302086	-884.2659380063895	325.7735848171352
-2.888669903013197	-0.5774137557384895	-620.7662642228751	98.0383633638395	-600.3936767825315
-1.0344426284619388	-2.969531362733031	6.785890210425755	-192.97852345261433	-11.584774296712745
1.6728571411070803	2.2342180483971763	-0.2711687130011419	-1908.7279210652212	22.2385826151608
-0.20214822260909138	-2.468639694631648	0.014266542785688242	-1147.5647476895485	-45.37604187857625
-3.3590982341229814	2.6530044740985375	563.6578049728244	2515.194159979299	576.5596843717576
-3.3673239268728192	-2.2060757820987273	1825.591898680777	3293.2007178604263	1806.6171258264144
1.9202323600320952	-0.5950960056206034	-2.4323889632217535	-368.19743345181115	-50.88428467872493
-2.926488851990409	4.071575370274427	-94.58582089751978	-4312.1286845959885	8.555610136270573
-1.021154229006036	-2.0176864926118956	5.731242438174226	1306.7675804807848	32.8155588204738
1.2625932150640642	-3.6480352587939215	1.03139942552699	3025.875198316844	-209.6715178562729
-4.307270224776929	1.3108237172761408	10566.659988852572	9733.057241691382	10605.410867779061
3.159951344149185	-3.636801103816617	0.2122927175948479	1478.2865690641345	102.57579852877849
-2.7055816037726044	-2.977836324685553	-1051.3804914600055	-2155.808209718749	-1036.3761262483142
-2.6870159451852436	-2.1269552611519704	-939.9103844200074	249.21793337921758	-966.1134185130192
-1.870987475352174	-3.3746161267642516	-127.78340308982347	619.6048041624291	-43.22840636896383
4.438417250829399	1.980400056978758	1.0161940901742288	-2885.3149841474246	-270.58382070133644
-2.201705859387779	-1.0515854042478647	-385.09641468618065	-1447.5869687483012	-397.5790859163926
-2.453317780000881	-2.0403626782779973	-777.7763339644421	-4073.8711534710988	-729.3927588984892
-4.2869821580563805	1.3647042245681842	10514.121827574088	9816.477938256949	10454.041186864853
-4.69053839021001	-2.8577414456150163	1971.278179483058	1945.2768890449313	1936.7977093633585
0.07540612387099088	-2.4752725011626353	2.2202033819334344E-4	3054.410368160592	-30.761343487748412
0.904346548230416	3.306621649568571	0.15226432956011562	732.5358684679497	-163.9656804213833
0.8783442756890558	-0.4202710412431241	0.46625204928989117	178.2120920739293	-4.044536651044141
2.6662604050167893	-1.9046649076245847	-4.390954929842403	4176.295002194393	22.54234884387064
1.6347071036905731	-3.7848543610683394	-0.5073201045041514	2661.446025957224	-478.5641151261703
-2.4664994479317492	4.091238132513487	-102.27659453340853	1126.1760768146253	-131.81407348505732
1.2397143504342614	-4.796269232109446	1.178054435764249	494.87358966704653	52.99215275819218
-0.5030447389729957	1.3567153425207739	0.2579862715994231	-1915.5886443332772	-18.155567470599085
-4.378837959306871	0.6434781108108636	11661.261245725236	10528.1905270818	11686.924022992138
3.0442572424976024	-4.522575468993057	-1.2493433494691368	-1732.186778014346	-424.11678792924704
-1.353175779877608	0.5630258561950461	7.122519000362034	2801.0034825381467	786.5549972622082
-4.063663499977407	-3.549660606710703	22237.672617188313	24238.16413815389	22031.953883167313
3.135284227395756	0.15729661371231174	-0.0409457442828941	1057.4759203459869	116.45559906138018
-3.4379611966559076	-1.8826569713506514	2629.660787009312	3124.679744121775	2653.2116670622136
-4.244105416002557	-0.4412932442846609	15872.739479261865	14680.62675260982	15775.824120166406
-1.4128200547729595	-2.7305693492862937	11.777652214558348	2334.592549172565	-12.04303176934446
4.105528375810536	2.754359810520807	1.6615160185087343	-485.1509414106352	-2.6365054432207136
-0.35239175411922563	0.03291330702649997	0.0889583599257303	2522.3792496441943	-1.0033263551320135
0.3142332980443099	-3.9727892547011567	0.05434050414795669	273.4367503346289	-19.18647421267049
1.4315501479388981	0.697836555965301	0.35809574637667013	1551.6931449538913	14.205893409165354
3.158851115357397	0.12927609232498938	0.11255233881697739	1506.9198162904124	-265.3083732766185
-4.345278730562102	4.76016296363963	667.2827155459076	2762.356011334104	679.8633086988078
-0.14687627146133053	0.2875308274359947	0.002450632688874732	-1344.5715517746664	59.9367835215354
4.152380368902563	3.623090244372941	0.9638207195754627	-201.85931049689526	-0.3768986488290249
-0.5652450965552545	2.098219619142144	0.3160896334873808	-460.78464889279957	-137.23643607495978
1.5957144886954406	3.1392065022570783	-0.03913555572037154	561.7340333075007	60.464860316724
1.9843514414209986	-0.6171122713386348	-2.9684619478579384	715.4517267426015	-1202.1441138667833
-3.8143555497787593	1.9740121424439199	4838.588446856217	8967.437214966541	4849.211402818124
1.7881249808264252	2.1595084353862735	-0.689558796275234	-4062.906029885931	-44.1893735411997
-2.914661224989482	-1.367331516396002	-668.8558956100961	-572.7924373632578	-656.0713264939608
-2.004320674735437	-0.9753294513763198	-183.19860744152493	-1836.5292223723875	506.38444449637325
-2.676566930919014	-2.084343619406437	-933.6772578462665	-30.98745373480608	-924.6393471530698
3.326172468363527	-1.5521389045006018	1.6147355719335597	-2674.084369505239	-9.532022024037566
-2.566846500069583	-1.44463964791667	-808.3972123675511	-2288.692109390131	-785.9423495261834
-0.05941350173344073	-2.2535392762682016	9.535418876761927E-5	1027.2516536546236	-54.089403472275265
-1.811757419529223	3.8344210926463678	-12.045773813235245	1440.806622679256	36.5605543722829
1.7247968880840645	-3.1598575390339168	-1.300398991571011	2397.2552087046206	51.30576004211954
0.4547925889117561	-3.901974889165852	0.1733479965599324	218.69904030022414	-29.502554148357877
3.917583257700578	-3.7240483756491627	7.041465269510405	2530.581763886165	60.910654871724894
-3.6012045778273616	4.246131279611614	603.3530297799	242.25830753383576	532.9013140396002
4.269679938570382	-4.529590185781097	5.420433467513255	-3592.3695600514857	-33.608037931128436
-0.9275850303531499	0.52796137247734	2.667762967814427	-2269.277084543849	46.50848310922171
4.734412430370565	-2.3674232621780322	-0.14793249368988057	83.69506621649444	-117.05209772427081
-3.2522996362874093	-0.7400924281508008	567.2883968524209	2290.7475187579457	566.8106806541742
-0.9325761179269074	2.4120746445206276	1.5712992819534808	-112.20600040917675	-9523.593569489343
4.274652036651311	-4.55065866961622	5.37184926062616	-2109.7504201265224	23.90897399147923
-0.3475497979316362	-4.041342659330263	0.1532958341423553	1572.5587678586405	-54.52979077641674
-3.788735207481917	-4.269365589993972	13826.164329498635	13115.576292165226	13834.894024093373
-3.6279554892637442	0.7849908788018318	3734.64868576321	7005.664150888444	3881.7669183905177
-4.493634910956979	-2.493969025934705	15549.294237376927	15266.518096413276	15477.650734202523
1.4066225215220225	4.591883133811086	0.03772765255256951	-1462.3184284223335	-512.5123372989981
-2.888225304952512	4.73283852014711	-29.761477797007963	815.1586834262507	148.3559504250342
-3.5278647469177162	-1.954717695163526	4105.747340753377	3566.4554559840903	4484.107809369082
-1.9414757544206216	0.4097307443080638	-103.91973934565404	1027.3622604822979	-69.36035183090522
3.19614367483185	-3.6130594560739704	0.6283433017534721	533.8039489190143	3015.1332587746224
4.252551769422491	-3.511208573020901	5.023692799787662	-674.9949268381297	59.49636028928538
3.084011717588991	-1.2842792207019862	-0.48639173871758845	-560.2978056256036	18.62534431795655
-0.47147798259958495	1.6762432380152346	0.18435399030719096	-1330.7835592391575	-197.36102964447662
0.8413946905033356	1.7940955337874334	0.25751758894037463	2424.301761604694	-14.418119150657255
4.3461014646838	-3.6163514057760224	4.021573476757151	-674.6786435708324	33.035999739108945
3.696150030757634	2.3144713208399157	1.8617509895551014	-1072.0281213678295	238.8346816673771
-0.07876494579857862	1.9526851898029118	1.2559431520363072E-4	-2648.813346332147	-1416.1551908621361
-0.1977499662809361	2.7025498715407936	0.004012882991055411	2615.9559581946464	-189.8966380514805
-1.4443348170028836	-1.7995641186974232	9.517325180594833	1381.5874054338199	99.56806190579904
0.8102316192656467	0.7400102418192347	0.32119127541812054	-185.98798337908082	-38.491265508120534
2.461143891521398	-0.681546306922451	-4.622164417767555	1228.7694023440754	1.548744838889518
-2.7468314636748015	2.556379415365	-318.6280214602411	-2160.642137425811	-308.7228870932889
1.4704872361801327	3.2076985130888485	0.11755805336374463	-1016.1762813233169	-23.116393912311644
0.5241075700854703	1.8700357715684115	0.09053121024018819	533.6071169949075	-27.550387149444276
4.685825779492928	3.4427602368544257	0.040284516516568086	136.21465194741498	-62.59312153610595
1.9103596288778597	-4.249133267511765	-3.8854619673466786	-112.99012394961701	74.7438632154846
2.3351103144181486	-3.767376971622869	-7.344852536778853	162.77638051008097	-114.3074057664917
-2.5980058994238977	-1.3678208125208569	-816.2295817933932	1727.1770403653213	-762.0475000528743
1.8911310912920163	-3.018456957414096	-3.139609536228638	-504.09384370967473	-62.22516619836661
-3.1936647667104436	1.817044134076414	131.7294221338959	-247.22655198015585	88.53638280111919
-3.146986886722889	2.352445392166609	10.355777000944606	-3022.901932500494	-51.086175241847236
-2.922788696146701	-4.6956707242133096	-997.594569782191	1626.3381995716152	-919.2217147104977
-2.5016416828723043	4.096574481008762	-106.31616259971776	2866.289053429922	-99.38933777520944
2.7071647154144793	2.4022550491257713	-1.5239909071728197	-839.21836661534	-65.67528002412364
0.38489873598104385	0.3369573020271046	0.05474090893066602	724.4792419491066	7.590123752131002
0.5327794581598564	-4.697614038571865	0.29294126430201134	1588.8289473611997	32.7095320758118
-2.5862623795306936	-1.52042944849358	-829.5725976591303	339.56020249905293	-887.9046506998852
2.3677399033515547	1.5545494463479326	-2.890227392884072	-357.9003322349925	-29.471303592913454
-4.138048385117974	1.4749251402491055	9875.482213674784	10560.887597472227	9869.687912812553
-3.4948164990800077	-2.7867501061073288	3953.001270414431	1358.9763815045208	3734.5140390040206
-2.049464049305525	-4.235880125452337	-343.93094697770596	1506.8618387509277	-333.0178802777274
-1.6796328017249706	2.3187245799403904	-8.148172520604323	-1484.9697404506883	29.176504133134383
2.2343708985374118	4.917230547304136	-0.06629817400004936	883.9203845312092	0.3313602577495599
0.9566191366353918	-1.6691325207780805	0.6497872758131916	-1108.2956677364218	11.799458932963889
-0.6159014682669053	-2.291758063587567	1.0820791036775943	-2165.033042314116	-52.10684642776217
-0.6080031616904558	-4.848176137495739	1.3956696703690448	1594.6114495245288	-79.95840465115057
1.7754954406192534	3.1695487819518924	-0.41273046146173425	-1647.2562775831345	223.06037126145876
-4.938966511013091	-2.5468631215203477	-21862.29926687716	-24502.890511595557	-21852.58817106229
-0.28986497297543146	-1.9696138491923474	0.05726233642332045	-2177.5942776835304	-13.905687811574552
3.6454007543240134	-3.834094188445498	5.688522009456924	-1110.6202800036435	-13.579680631395078
-2.9381680121448985	3.867374216049301	-111.61532358859117	-1712.4946356118312	-83.4423757857822
-4.350729139426934	1.1974930472386172	10522.441225421337	10307.129036243017	10532.536851236824
-4.323432191933193	2.281689448704901	7704.085922469747	8204.97986597331	7730.390374674374
-2.0603835457639597	-4.294103605574881	-361.7991164555406	2051.510601335721	-340.6586184652256
0.9492989465103374	-3.5337909451079055	0.8227297872774828	-171.27909609439885	46.22784573477063
4.558638671317713	0.5929803911418672	0.7609184466370891	-2007.4592824686702	-56.27777745235724
0.6592499563219922	-3.3627037130951356	0.42209500522999094	3694.95656534942	101.91022591126047
-3.195036915211004	0.2703370905435527	201.44397295433893	-2740.366543743922	259.8452783645196
-4.634000812743655	4.9797233645453876	17.474490393226542	-415.000485329659	-1.9227855693667273
-4.167795190469756	-2.793371048582057	22263.46618634172	19800.873558573425	22215.969309633845
1.4518693081705223	2.9895636295377903	0.1498594152721183	788.6627595437104	-12.171539238442424
-4.172053563158783	3.282840282243251	4916.707982249728	4942.969804672515	4910.721155015632
-2.7581675947104625	0.3987025714996211	-596.8217412368222	-2086.4775174681317	-589.6768292945135
2.213137368831398	0.5619432169479266	-3.492766966956664	-818.0912995158935	4.589456324228758
-1.4596506235721982	0.22595456948743742	6.272923045220675	1839.8410640517293	-2.6709891648483337
-2.758636113993167	2.7220655596873167	-295.39364233748137	3522.925341938502	-396.63708291349195
2.3952620601674814	-1.0764064291535744	-5.078065871998137	312.49925167322624	-19.434400037317168
4.879403294840275	1.1073185081882544	-0.47241804792456116	-894.4274566392492	-157.10441816385637
-3.067940341680834	4.074438599093595	-42.3925099562906	1547.2555941135379	-76.19014381839486
-2.0850774670851937	-3.881970778375509	-380.8664934046526	-2296.85563248217	-384.42432330738524
0.6975479337677415	4.643461063456607	0.020278346961010146	267.14309366497616	-13.936444451748427
2.8641340091091605	-4.507804256819155	-3.5984675342926287	2716.823400514593	10.375415770882938
-2.8898525699736632	0.3992085301141657	-510.8527849862746	2272.021180033724	-485.37025928366165
2.4416817584431296	-4.0774411560831805	-7.463172413168222	1568.9466490134369	-26.27790771089582
-1.6652444689603687	-2.205830792837491	-18.06086847590776	-4779.346882696914	-84.18782756535018
1.106972969579843	3.408770201506668	0.18332159920599675	-2723.4235314735115	72.37365338587672
-1.8166948976773911	-0.6704714294709921	-60.68825240824925	-1766.2145210928613	-71.11179915134119
-3.4843657222414093	0.7617063151473493	2047.15852754504	773.7149232281479	2123.822485179757
-4.512140901098486	2.228597743735369	5386.024206279691	7921.457304953841	5398.986803180747
-1.4182823691093924	-2.242938107335325	10.912797788685879	-2347.7661454826034	-35.10481425580998
-2.198715880176932	0.1045224405794336	-308.75838246581117	-1741.8342853838978	-265.8823714489355
-1.7042631659867222	0.5779308387181823	-17.945027668389756	-639.8041390295846	-40.97406855723405
0.2512446450764596	-1.7682929838923425	0.018902067082227265	2076.8653385827884	43.47443860392915
0.44556800709274125	2.3911638152844503	0.04784567245713307	113.5796591773875	62.2069106377166
-4.093531341196815	-0.9832812076596031	16101.492663397963	14446.247422838545	16162.396180368321
-2.0482968000820865	-3.8301344757353464	-327.24644414723014	276.208560006069	-451.617238987748
2.1099321909105218	-0.6867350135612424	-3.9321127681325274	-1026.7731608329575	33.58649943276137
0.6552925864721999	4.204479811473849	0.03962780877504311	2555.399951136811	-54.98396337839833
1.8918212236991794	-4.662837557309779	-3.7933552029474336	-1027.6871145513567	-140.76460764096325
-1.9131263172187785	-3.862521006709858	-172.52172167810332	327.17714502344995	-240.13161174174388
0.7958231184257674	4.111047614735899	0.06496763370918639	-750.0824367398692	101.38621145570292
3.9956281968778296	-1.188236242144196	4.939830792224031	-2046.6265381051937	31.922072327793387
-2.764487422320384	2.604906523306534	-309.60699365285313	-3151.700940949583	-267.77770359447305
0.233471193532222	-3.2595546016701373	0.017757060975352585	408.0554548853762	4.972559972114495
-1.1567094209463615	-2.9626752599467565	9.5656543178407	1491.2128154378681	-27.425327358067133
-1.0347790795327017	1.5857729151826678	2.9101877583538664	1787.3659102476931	25.268389357359293
-1.817451073034496	-4.8363040798015895	-105.83388686112252	-1852.9306418835936	-92.64544789152473
-4.884442297214379	2.6775345040655916	-5032.771385553527	-5456.383316383417	-5040.3860420558785
-1.335577375903111	3.8014445376145716	1.918252553939614	2308.5562438498414	-93.43575781687386
-4.534572885036262	-1.6936514063074215	11859.742902570246	12539.1708971295	11955.740724624155
-4.456290386147766	2.3286567338743573	6174.907850678817	2596.2436317682127	6141.005855367291
-3.124995949806373	-0.7051646957945525	-65.77286065087951	3589.238776742694	-102.21715858914195
-2.5357697125814074	0.4413310035624587	-556.4143891152171	-2221.076638851777	-552.3884910637222
3.7372787346077896	2.179735093451061	2.0529483515266853	-2949.039041418962	23.658935662942397
1.18210533238417	-4.934197941849665	1.191955655460781	1462.493324335122	-53.57987106222199
3.955783875406313	-0.769375549978343	4.651480475228234	-103.14295601178549	-197.17646869626483
-4.183864131658064	-3.0032977492328605	23046.453229325023	24245.224451746068	23534.55612706976
3.491934913624519	-3.5140485075473182	3.951269214575492	-498.4498222301585	6.035579358826381
3.257671388233959	2.5671690322148777	0.37725728363640754	1763.583812692248	56.51193922200465
1.8419063505173936	-0.99530576904084	-1.9131906676417427	-3049.614665965838	-27.69365976572633
-1.781950005525199	-0.5431734739104161	-45.8424114634598	2303.1427233006875	-0.7736143360581806
4.679923632860859	4.612026869196933	0.012360228157269955	1773.1300461718506	4.4130442353229125
4.799908773452167	-1.395603802643215	-0.46290002410809516	526.52433071032	-8876.381203872568
-4.655701890211495	3.5599483284698916	913.4646852948439	-414.0694236927196	941.7115981900253
-3.550647213051378	-3.8843726166835424	5789.5305101587255	6268.9496229008055	4670.764804649698
3.8444920796517383	1.7289133089957325	2.5869396939850233	3050.0632535885284	62.706979052109496
2.679184373889675	0.04355782660600305	-3.076515587718709	730.8239105641426	60.521799230309014
0.6319485349882195	-0.7359170107879445	0.26349712534799885	-377.5698388208912	-116.86323601255175
-0.9509081943950939	-3.0330511128088125	5.199486985089754	1329.266230547256	4.750206577345203
2.5043755565409054	4.869886014128019	-0.10259730226161523	1274.2656644356043	-238.4040417887527
-3.453097441582212	2.4040646312221945	1073.4276012234895	-864.5786552443815	1083.313240433076
-0.2973699412624171	-1.6208365966088434	0.06027513565434995	-293.58043151073656	-81.58689431982829
2.7357068067066317	-2.7272057055843932	-4.2547421661172296	503.3299272225669	985.7343299520538
-3.488703529137016	0.6682482198601303	2136.230606842228	3313.6072173108732	2046.6839962894505
-0.18513747751347331	-0.15555584047966242	0.006886142327669801	640.8753946455698	-23.154701617899434
2.488506675622933	0.5069067504001996	-3.588235413621975	-1622.7768333149202	26.66058139246592
4.088595853353068	-1.0626474111807562	4.560402741263969	996.4366428280392	11.284798363807994
-2.172490257182107	2.5121479267674127	-144.7175885357845	752.1615255441302	-210.07781274296661
-2.7558882274990646	-0.5421859082360347	-719.6842451217188	1730.8658637847207	-719.9205879086625
4.29194090785745	-0.982513161563574	3.230757978675764	-655.1345358772741	31.3336151067488
2.3118358659133156	-4.1803792713646875	-7.653828275392538	1578.0477029488413	3.000063096639053
2.6687023642481114	1.3743224377422205	-2.2953756618019043	1172.8900432877024	-32.59707149653163
-3.7863902489732	2.2598603310050684	4060.5245340145334	4949.38383360012	4031.7082209954515
-1.253184231986495	2.969672023769431	2.981053808017279	-2502.346905012916	-66.99250184685894
-3.599633435278391	1.6174405279346038	2690.6879649765037	4410.527659938762	2726.881608415155
2.4575627751975997	-2.9254181920568803	-6.461228838187061	-1480.0810704298347	54.97292959690378
1.2390132559043625	-4.247867874974197	1.1122865035298346	4825.2159911892	40.35588110874585
-0.9993195990146964	-2.4698926124696783	5.687324285926487	-1517.8238637753852	33.69481258983949
2.528955437203879	1.455756614546039	-2.7323133274813753	2866.4396473286383	-222.42274036993288
-3.4666675156713165	-0.7671557096560253	2554.2886796828548	1731.8132825499417	2564.4655466688514
3.81189623767108	-4.556532167105446	7.419074102733691	-299.3125161454375	28.58477206413076
2.313033787035521	-1.600443940553622	-5.504700868331069	-626.6548033553149	4.403973024791677
-0.015748733931699732	0.8119110337538169	2.6161253677315025E-7	960.8212446750106	1.1359452734233721
-1.9373499876597498	-0.329463699251928	-118.101791308206	-992.6195846077294	-30.86143486255085
2.129717342005547	-4.787638291353648	-6.978646133058447	-460.84444305460147	-18.963993731864274
-4.234941012118455	-1.7460895571264934	19675.825064035456	18195.494929185086	19709.725690786723
-3.539756968834565	-2.089213024929805	4408.861303752766	3145.2373943664343	4411.907084036443
-2.9029973607984108	0.5181679732691968	-483.9016459634836	109.33837609773366	-472.66917960414105
-2.21315363401665	-1.1069129707662784	-401.90708589588013	-1288.268930489256	-436.02841776589656
3.276119560960179	-4.292212887036172	1.6696597996343332	-2814.1571654399227	10.959368227161246
-3.9625674587854123	-1.7773861613874353	15097.645377494397	17994.76643107783	15104.17180518872
-2.777903742137322	4.786899735871241	-27.31761756748196	990.3989639273175	121.59016507513863
-1.0030370796488777	-2.0316142842594354	5.418692061358264	891.3209859492231	21.33687110773731
-3.3776687056212964	-0.19148408119672666	1403.9294009032028	2845.8517315889017	1422.3034122538
-4.333963211561888	2.1962451498083837	7880.655048533724	7589.2502776317815	7706.197010007864
4.744457697668128	-1.3380911837001133	-0.18267200606557707	-2310.516641120387	-12.274293436223434
2.4171401802431483	2.75153850840643	-1.8675391434703974	717.0964744233081	-40.74444325185835
-4.347477398675343	-4.431660926986684	26184.964837731786	26896.073121600337	26190.146053087312
-1.5264687119732976	-0.1392774924678868	3.55928863515132	-1167.550806827941	-33.47269889025579
1.860579149583356	-2.7246280724381853	-2.675874658059482	419.86750121518355	-154.20620733418775
-1.8560754421448458	-3.0593733359823516	-112.12177799752878	2820.479893397012	-110.66183787387986
-4.603107222365466	-1.4573719970631425	7548.24572222522	7789.027391381913	7746.813162900739
4.716845105565197	-1.5720604669106866	-0.02736331290694996	1826.40252609207	20.040311876974574
-2.24607833583661	-1.7831277762788869	-489.3942149146528	-1251.3381429835822	-506.9490642664682
4.951726191156421	-2.072200540269894	-1.0854824720418035	-556.0566191026246	26.50782200983493
0.26368570812471237	-1.0380629003363175	0.01999609980721515	754.1811233395816	-2090.2468434770662
3.699523826230939	1.5292155033791586	2.4166655960398815	-2774.8213827616228	55.3968652242248
4.065084746669674	-0.46095151119811995	4.19062647807598	1373.1735093024877	-10.109568152982558
-4.656168843339358	-2.253642347683742	4564.954380775067	4950.86151795207	4594.228189232755
-1.9808128922023172	-1.574301660780594	-180.79927595997086	-1262.9165948069183	-183.2138026385503
2.4741694552606575	1.218593157191168	-3.0509629604966912	964.4537610023657	-1.5090225930098846
3.680459243782714	1.5162932339563637	2.3644610284491723	1485.1116361551758	-7.9079009438287695
2.486347543621844	2.038469188557942	-2.368942472280666	1985.5147625115494	-40.69714010877599
-1.2536404692343375	4.665377774818456	0.4916750548049136	187.0858185399471	22.38644544834775
-0.34952880618204674	-3.6243270343293643	0.14955084768513985	-1318.9568635483058	36.55731354805354
4.284674644135206	3.914317740193461	0.596611220814699	-431.12190347085317	24.927415766686945
3.5953996504370966	-3.0736749939024275	4.759558922480359	-683.1842064724859	15.591452333561772
-3.5225713280715185	2.3849003331966134	1507.907873358299	-226.6679318686049	1604.2378461519404
-4.870859971434951	3.640795003147282	-2701.3229325707653	-1918.697114460897	-2639.2404912878196
0.6221500149923243	3.02839094534432	0.08738729787236094	2037.1992638924921	-60.69084832259303
-3.1521194220228868	-3.830449301071346	68.08476850746239	-1404.0032002805988	26.71234168659346
3.695730500382041	0.6861589220346875	2.988945754169652	-979.3216291784894	-42.60923586021892
-0.9179404855510187	-0.4846162359003623	3.161165176644498	-761.5035925655454	448.30539625136646
1.91306796744822	-4.7519295639227055	-4.135880629368165	-848.7147699194853	90.85225297540937
1.3860783001903956	3.491685388611087	0.14915025826415096	88.9949106237167	-44.86303084857965
1.4021358043323042	0.08741763425006344	0.4614695753425112	871.248722992944	-11.528773739169615
-4.001036769685712	4.760264454746498	570.4833823750073	-891.050657925033	579.2220664660804
3.369075582553174	-3.5937665877855176	2.6086152206228723	1094.9819810724885	56.59298731214858
2.486485114172967	-2.5414590323110344	-6.031831574947068	1007.3542852022213	-6.958728191886017
-0.058639580107606726	4.642424385615476	4.457696169783577E-6	459.40583679526543	-2828.458328382126
2.1209549376368573	4.724766477566968	-0.19366315976169377	-746.2126617710471	57.85890368664411
3.2540335533856783	-1.3297779156340486	0.9508297939145525	444.4006680727049	-0.9658423733722534
-3.536895120502904	-1.208746571074605	3813.5944773248634	6736.759801120781	3787.572705700787
-1.7165229470145036	-2.8319568559892083	-36.173568643003314	160.8422053029257	77.9955329539304
-2.91881845053803	1.739427033083011	-338.95327602938613	-2814.483757064645	-97.58393616543003
-0.5648815559407252	-0.7670834869654453	0.626735188236365	-2556.3882710778244	-12.991450545780577
2.3755687685549223	2.4968380312217047	-2.098485988859164	342.4426967896804	54.52035788471912
1.9559389783879428	-1.9117801798315814	-3.3685536624397368	-346.34667339652293	8.96511379115125
3.072970245975416	-1.7948977129384658	-0.6272172418390698	826.6338909612108	14.385346966795842
1.8695958189055997	-2.4384538535422595	-2.675477076842145	-2801.822656537563	-19.943652139159152
0.11237520430908177	-0.3009361843683198	7.397877952353525E-4	3397.9121070964316	-33.31949931568684
2.3214295134783702	0.9020929467936201	-3.424644586167439	2027.1987552815974	2.1810282744395684
-2.6342529291460925	1.5113053604634423	-455.17307616841305	-1012.021557375285	-372.5413037062738
-0.027425865287536766	0.4620537358915193	2.6355254856334667E-6	-2207.203798703881	9.690281968444317
-3.0804381985201634	-3.447543534376595	-329.11383941402886	-179.15361729363755	-326.27323750449295
2.3968486683144397	-0.21593745463190217	-4.357436663570842	-1649.5431768617505	2.214884635436041
-3.510956945088556	4.416579558872183	319.2087215764368	1476.5808054377449	157.54253606335263
-3.6889472465841666	-3.2831773379144136	9101.676655848227	7948.514803264426	9072.080806801316
-3.0548735968289287	0.12224375840058421	-256.4974807215175	-1408.4932886148572	-199.62571038358155
-3.0912493539144026	-2.6763696808251245	-251.4057187436832	-2096.4440639954933	-239.91251570711114
2.9049063187749233	-2.9762809793223832	-2.570729425468834	-755.8603962022074	-138.75249149338453
0.5695758307697263	-4.446419169885877	0.3386479720747737	291.9638907352597	-5.811624763798654
0.8695062955634114	3.61305729530174	0.11743803049136688	-2903.5653734438342	44.55976863768556
-3.21945737301213	2.912821517114824	135.923969062396	-402.05060044757755	487.84716993279886
-2.51097193624918	-1.0173474231774327	-715.7108177914256	-903.2800291504109	-788.7990127855248
0.23280610894510545	-4.296703735869421	0.019783229358410256	3610.2880194077065	-36.208795649762855
-4.807569467991564	-4.170800531823046	-10691.762187634657	-11429.996391307039	-10683.475046082263
0.7467611172723974	4.7890037675212	0.013728694415714587	6884.165458387094	-2.1457447241850884
3.640898145901417	3.053799648626571	1.244098648506603	3.8164456959767996	-177.02594217409015
-3.069670152958832	4.304870332147798	-31.194566032296226	930.0910999529676	-230.1091979424455
3.2464563117973615	2.249291957463705	0.3853879450082567	224.91563965384663	144.58168021660924
-0.7102663111895255	1.240912257967076	0.9180545061832955	-1572.2958481897783	41.69013002771306
1.3433006011839694	3.6647122628606805	0.14587358151408863	-2256.753697167805	-20.642866084953273
-0.11099494518502695	-2.5855509776759664	0.0012603852103675892	-934.6187859811281	1.730246643974683
2.507502184269846	-2.401884908609463	-5.820918022135464	17.668075249163508	60.362223947228635
-1.4060578325905961	-1.0143029181872967	9.273450633435296	-4792.59265057954	-14.423729690237543
1.9914634010610168	-3.4071826994999443	-4.528081489070757	847.4392778640331	-1.8113878265205616
0.43816687131598364	-3.6228403835335254	0.1505056866285781	447.1779969860579	38.51271582882652
-4.727308070737318	2.29845458554753	-473.85919023014077	-517.4357576577854	-543.909012264032
4.713397851936733	-0.7751974999833404	-0.005469702112840891	-1387.2281689414788	12.541027237232177
-2.6878266720241695	-1.5929320825724358	-869.4998618114855	1138.5699890551223	-864.4456629303578
4.013001732190828	-3.1809150879115835	6.4836957244341695	3700.7345156550527	24.37234450244987
2.275818531802778	-2.3142371684160845	-6.013457304847333	-1262.582542210361	21.47794742886438
0.6473429598420406	4.386491778289493	0.02974923900746268	-496.3332366703843	-15.331375083595841
-1.8068310164974735	-3.198680181862914	-81.78140255584367	58.34723384359722	-65.16387599421745
-1.3985973972770327	-0.48270730496128067	8.54845447859744	1855.1012262559207	-7.416335159740795
1.3107450077706364	-2.63154822418755	0.8748969252332742	1485.7625202001104	-416.70725116233814
1.519588657616433	1.0628312969214235	0.1466329262162943	-1761.821731732219	93.54141001041947
1.7431254262680493	-4.547756518621916	-1.7435892103856097	-944.4245828879721	72.64369261220696
1.079618634006076	4.905726281046146	0.010614699928017826	3184.824990245302	111.16028619000537
-4.56694947013678	4.616627462207353	575.523419997484	-1810.271982952495	549.3452373096663
-4.443196947784974	-2.851057100502975	18726.715383178416	14630.9427354081	18684.180422829784
-2.5974584101896214	-0.4654156319943361	-700.3281075634955	-323.7036320465906	-676.6452187297468
-4.617988257166758	-4.525226842354991	9749.468830343181	10878.988612003684	9751.04616105197
-2.1897628050278675	-1.8379197741626632	-419.74336942473775	650.747340751235	628.8439997357427
1.061064046836762	3.692340934543278	0.14465909808874644	3140.5562625519515	-142.93694194988439
-4.574156395058836	0.5265852647157265	6430.286714782201	8958.036354467662	6480.499436115438
-1.049769880060456	2.822323579794988	1.943838660882023	3266.2625521243012	-10.717504594120756
2.790808191985983	1.2923415797960427	-1.773127405340823	882.6506097970096	-81.17220196304888
2.0719849981629936	4.460165116992286	-0.34899410906020023	-1017.150620411995	56.285764638038266
3.555016592387439	1.4383813783191002	1.9312813985005914	-469.5115599903362	29.702215923226813
-3.5928841389541324	-1.385870778378421	4946.960855806984	4619.844583759859	4990.610105814308
-4.737469002500689	1.6216206640843058	-1002.1371268127773	-3540.13046918686	-931.0777649909787
-2.086271698033401	-1.26788022245363	-269.9986763150441	-1153.4148565090782	-600.7894094951938
0.20507678368191762	-3.903817591259892	0.011965533778800781	1178.8555925545197	74.42520954939322
1.9006545646731734	1.2112775373861702	-1.537013639680925	2303.159360552958	-37.14877787888096
2.8701973270124235	1.4214346522678243	-1.3245542223883764	575.1921800486845	43.360489834992606
4.32222102817496	-4.673065275353809	4.832092705736044	-2463.4559472704977	21.934066318038578
4.9816973556403905	-1.3849480081239984	-1.045856983419781	-510.7899413874559	-11.67826693238626
4.063282079518274	2.2225921576295846	2.134291944975597	-812.5923205016956	-5.290438216275572
-1.8368066054012644	0.8937415885221434	-50.42386157798356	1156.8983416342023	23.786703652161037
-3.652118153660122	-1.6298408933065636	6414.4406804554355	5440.284620949447	6397.09293020731
-0.14869859898233706	1.69309970907819	0.0018083224498911454	-3172.8378741139695	-11.673262127472666
0.031860492191317036	-0.2602268890470283	5.241347155422018E-6	-10.301030069354958	34.55701168467864
0.24319019696716637	-0.7306062983270367	0.01425450749382129	606.754292164465	77.72708140184683
-4.27082775498929	-2.188899555509305	20897.78437559109	18760.06555926228	20905.53617195408
-3.216070614289761	4.859895979885923	8.668838778572644	531.6046667657655	-3.580021304310433
-2.526364963666874	-2.4869122810794853	-905.2897522488804	670.118011789988	-955.0627970703749
-2.017728676296071	1.1147172101521328	-126.44161653243971	-3291.0364543380615	-125.09517373778678
-2.0677119340078995	0.19672208419522796	-192.52502897730392	-4532.354322939506	-202.24090345119578
0.18920218919524245	-3.688077125895033	0.008683369557838126	365.50687065562005	-78.6053792232717
-3.936515166523539	1.8254273701581427	6730.505585981396	7136.905418631351	6757.801858585048
-0.6181943000587218	-2.2709626649704306	1.0933613149836847	2109.6025599930913	0.7564949220304241
-3.4477012309528368	-2.2896898768378717	2931.4336468598863	1876.88846447924	2914.425298938137
4.965683725812493	4.4678743636115765	-0.08433604084084903	-1602.3387337231768	69.22844836816985
2.3577808603029107	0.3225388604643502	-3.9247480921225373	-2146.0376386883854	58.318468757254955
4.142380453557546	-3.9840433042901644	6.3713748877436505	462.56116983824955	65.07628954875658
-4.7289496264783075	-4.017275078381235	-1757.4132697453902	1835.2849253438176	-1771.1718230845584
3.483962082910841	-2.1233832597056788	3.2334937714010232	1494.731460159622	61.293203311452125
4.5101624880375155	-0.44275233432431804	1.2886578711559966	-1457.1468413656646	-0.6047335859415115
-0.9848939929781553	-0.2887988884121402	3.84030387657682	-873.4812553227644	-18.30762304666744
0.06714403730439411	3.6840469859472798	2.482268970116631E-5	323.5734819935417	3337.256166716529
-2.676243622784625	4.610623540077967	-51.31600832968543	1382.1635701842945	-9.980682305579563
-4.225455128954215	0.5054810145391366	13097.471360193735	14637.925838223564	13134.589623855834
-1.995394170727102	0.3498465721879622	-136.89055057412216	-87.68180556571016	-108.44504999827744
-3.1266983252554237	-0.5965690790932836	-58.09525317460607	1581.4061320267497	-11.611750460757271
2.0853669988378627	4.77769562493612	-0.14735489227735896	-1998.9683838142394	-159.23735257534256
-1.7593291599448344	3.8119052226075745	-8.169491492709342	175.648074340227	-5.168189021592061
1.9940025752163946	-2.144263443796727	-3.8735839253047013	2191.571877259712	27.930757272800427
2.376431244494536	3.8249805893328404	-0.984969963366083	-967.0809772471745	-1.8130858725980592
-3.904222438125846	2.2837812843774907	5387.783407981198	5369.94813056133	5382.3368216936515
0.7475196515714257	-0.9770088106192896	0.3896495450652732	2445.1178359272103	-25.161658396131685
4.862215059887063	3.1359060696629513	-0.20887852735507514	3303.345351228371	-2.1091926989947796
-1.8442929422942047	-2.2925435800676084	-94.07127387139816	-1470.2916151267907	-83.37307771019373
-3.6702774197735932	4.479705741713806	536.5311297309372	3634.8219505241527	843.1823483042011
-2.5801160607679394	4.565317676830366	-55.069185353855985	2365.086453968718	-100.90428993842643
-4.336124216796905	-2.437177894815111	20865.567642774455	19309.728124517085	20739.862435797208
0.8539714045529232	-1.324370880703083	0.5203908772058817	1596.1893534971398	23.026534588826372
-2.6339652244706855	0.8246264912161188	-544.7056928845861	-2775.773555267585	-569.4020083113724
-4.226571812757368	-2.2730720148338976	21197.389772279595	23700.542448005854	21085.807292386566
-1.0578154300537679	-3.272746162196704	7.566486257347158	-183.23006363072741	6.806885271125724
3.5777787354727533	2.3310900582006866	1.5191710872253956	425.59921675711036	-5.023603849058639
1.699582087010473	4.199021690799196	-0.10309598921849429	2150.5937583610753	2.812685637400326
-4.166458512751545	-3.6004519206420147	24550.739466115214	25399.719438815344	24539.80107278591
-2.254992480645528	-1.6554136428518227	-491.6912692248902	-2297.207347854892	-345.33901572311095
-3.778614955691749	-4.30966569805865	13496.626768699874	11259.704620436512	13422.800410692884
2.2291082156582656	1.0000304950323144	-3.190874695849293	-1136.2352252345916	-58.85389077149162
4.213296930212104	-3.160514715954521	5.1960291270613155	745.3168278107603	-29.58646834400463
-3.585462202463796	-3.302612101295211	6244.999436399742	3710.3688265210267	6107.859136748209
4.91000391326228	3.4579240960962707	-0.2101671534463621	-3125.8555043411434	-4711.488526384965
0.24128923121900403	-1.34804707435481	0.015354620329447514	-877.5397494874056	3.7704662531152406
-0.40417087194958956	4.205012694622798	0.02438762020850522	766.5082705802189	-18.530844940156385
2.7208257534591844	-1.5029552535408208	-3.7038088950809724	-304.18013450106184	4.3829780256358655
3.2576353686233492	0.14254944800543434	0.7530077840666445	-1265.141301844516	-32.98886471930155
4.711318062739929	1.6647221293570622	0.003362640542936128	719.3011470962687	-41.601722728536316
-1.433556218776629	-4.8719422484225525	14.30999135794428	2676.824208278997	19.821144468888853
1.409496307333491	-2.4527224305460402	0.6816346513719727	-2550.283488272193	34.44957652612583
0.6347837172564184	3.5237974151499696	0.06850603592272006	-382.1105271790809	-194.72865153914032
1.2403311148133698	-0.12683421558817365	0.6164390115856982	366.3521259388581	136.55937587384875
3.2397713085692743	4.078003925668392	0.1209519730341344	535.9366982278973	-12.330688487171985
3.7339611666476458	-1.9076525213982585	5.010296713731498	-718.3639309696687	104.6132949300244
-4.8586249423250205	-2.5225604863259976	-13740.335607813504	-13192.34821938828	-13762.630582168968
1.4499856264889814	4.989862874630482	7.64271203226738E-4	-1340.6469575365372	-7.2563438377835245
4.6272764439217084	-2.2245807328451828	0.6430876457487807	2073.81820221017	-39.81168915912259
0.04244270108997483	-0.7672309319467141	1.788311755998046E-5	-689.5897621658173	-7.518071266304958
1.4801869849029998	4.667053850107878	0.020157807992871868	-965.8479661773589	49.17490801563728
-3.84549448321775	4.1044144550089445	1550.8250813339253	1382.7250166987076	1539.737709418839
-1.8095629175985484	4.413524715469615	-5.9664858606772	46.34137988963482	-42.75288871343804
4.9901174041434295	-4.708659558898668	-1.6156914417932942	-4426.8493366817265	5.940723335387413
-3.5738953152841435	2.1097929541624127	2074.754685817689	-428.85970672662734	2070.849563707357
-1.8694954427363708	1.2619366393292424	-56.52096171148641	-212.31801020804443	7.386391695341388
0.5249046534479396	-3.054786685154638	0.23392066604844883	1208.5202289336014	29.39902827173342
-2.5533029608153823	-0.4876979540066939	-680.6888302280604	-2068.6092999687935	-586.197003081611
-2.913486224199584	-4.875891523271645	-1040.409383910006	379.3333197232687	-1088.4177287983316
2.8048996237674544	0.7535888458767124	-1.9503133255704692	-2012.6365835477743	9.195257264327568
-1.3790419631153816	2.193434796908873	4.464121635784451	2722.3312047666896	29.39777931469017
-0.33024706081631017	0.9764394625344881	0.055697824556790815	2606.7078780332417	12.304835200473589
-0.3518562771055862	-2.3327524692531676	0.13053864166087542	-2234.9518532657003	-1.6892309488977055
-2.318771991394378	-1.7480475392288195	-582.1416754846915	1722.4073676832559	-540.8330584534383
-4.354435285306821	0.04275600519979417	13664.991035617946	16008.42682616648	13759.38289032433
2.814104314550649	-2.8850601958135105	-3.5233330906794027	2373.1760423808805	-37.08529949317355
-1.1943261069211983	-0.42966898047891	7.120959118820702	-254.15001921230012	18.161665121980928
3.824681023784576	-1.5759300997333527	5.145915407679467	1451.221154488904	66.4447287098302
-0.308640687854159	-0.5300888989112904	0.058436338102264646	-1389.8097903291375	48.516808388799625
-1.652424930350759	-3.295183943021278	-17.161915239063177	-41.34402849333787	-30.07233544306995
0.5674146626729062	3.678828059583058	0.0469150816946149	2356.0933011309216	-595.691835377995
-4.773835178127504	0.15495707085914567	-3590.340719865388	-3002.8767677585483	-3627.9282931316284
4.437855679662272	0.6711528456140892	1.4602364039951479	-1846.9144485048018	52.78470863359815
-2.5565630722140487	0.7287113296177044	-531.2905508400999	-699.5991160938013	-531.5716666879732
3.6333764664699224	-1.5937614436814251	4.162772308097562	1734.7693847342885	50.62042449173087
4.365702825683616	3.0144021142837083	0.8724566254037474	-742.8695790429219	39.36403983540069
3.170201700464842	-4.955780730757423	0.38120304788830855	553.9113303573388	77.08514300680534
2.919848655107508	0.9818953244551532	-1.212195800283359	1653.5716523335882	53.22618912554444
-2.958961175766417	3.708796027808054	-118.90819481487316	-269.09115598208814	-76.92644624889073
4.795490767932391	1.0998626166762238	-0.2698796585499193	-2755.833559438037	-60.39675890493942
0.1007897716491355	-2.7172740935151474	7.079708273133525E-4	-1200.3697186920722	1245.3747167224412
0.7966062774879514	-1.1907340277248601	0.4532215372420199	-1003.9901697233652	0.3973728258443642
4.274132161687689	0.9890026605806135	2.258688624574236	485.50649539465405	-26.75432052410012
4.062918806530233	2.888274988545014	1.6232002839391826	-30.405264574635375	10.516870777474637
-4.5609618212863	-3.659201869111012	13449.718550412417	13952.551910162843	13437.95574946257
1.0395140063328947	-1.1448321299909736	0.6646653738777182	-3852.387773429059	-46.1727108956595
-3.470254868528394	-0.06418795450029435	2283.2915426532336	3688.740902678963	2299.228138690212
2.793870599090445	-1.770414561886926	-3.210042475968747	3206.5778957356024	-219.6585792428456
3.1546526603814655	4.525754884930631	0.008294254287673216	-636.3573092895083	18.968950714402276
-0.4373099031702319	-4.791158716097658	0.4074318366007664	-699.3730089184922	15.192745956470576
0.3390686866715287	-2.1907326693526317	0.05610531706977856	899.5570245981953	17.124972657626703
-1.7433861231801249	-3.885180700586152	-53.12440665761479	1903.347907456693	-52.22633385354235
2.8796816701232917	-3.5233432243000085	-3.043489537720467	-2864.0413149881956	-11.829167439789074
-3.940879888713523	-0.17168686627512741	11058.840094063213	9961.986141027073	11003.186050297849
-2.7629085249543195	-0.822588344964597	-753.3328692539495	-60.1457641789093	-746.2243642984981
3.2265939659848577	-0.6485026818623538	0.6416732105288085	909.4008320362489	29.806151376669774
-0.10532082392978204	2.2865306504688485	3.641718384229557E-4	-390.51980140187817	975.6870703256748
4.729769501407324	-4.3744575460505715	-0.1495259888175577	402.794163946252	93.80011699992922
-4.323442863998927	-3.3867187922861675	23768.990040981214	24224.72072611682	23781.44593586376
3.472443828554482	4.779214688036058	0.09695983187340201	-252.68443922844972	-13.004075221287303
-0.3557146980247827	1.5260838465549593	0.06456871220767064	903.4151324639831	-2.7417707611998194
-2.51843149631078	-0.9043651977713889	-708.02137704558	-2145.187892725267	-725.864809893765
-2.1185020060658353	-4.640207513807278	-467.6127009614094	154.7384597849097	-456.8779558928016
-0.3164777062738384	0.15819091934084906	0.05655763255362423	2788.4626585429555	-3.1104176354614888
-4.272460678536697	-2.5732798449387184	22006.158383782782	20125.1563997494	21009.94617538463
1.6645810382696453	-0.12706568870104817	-0.4560357119104642	861.9649991512276	76.87606029763812
-3.1643461326521294	-2.529659568258783	128.53101791982417	-2025.523157542636	114.05721077186237
2.1592915932449577	1.3636099827891899	-2.700070136653071	2912.629461912617	-608.2977829359444
2.808235829771423	2.980669873343537	-0.9183492920806571	-837.3068243055695	7.902905270326478
-3.081328575026756	-2.9031899846899134	-303.94612235000955	2044.756090436448	-357.85976441211335
1.1010939891301783	3.4329141726024943	0.1797104690083624	924.2368613078352	-38.64455108638926
-0.9191495829241951	-3.981444989084407	5.199116726799604	-2498.7988305743847	289.9002870770059
-1.6093620653352811	3.216045911277712	-1.4875068989815778	-1900.95154508898	-456.3053592120431
-1.8000202126753608	4.969946413307069	-0.28520540084830975	-1739.7759312413039	-54.41421573420786
-2.337649466110622	1.7855468291710554	-288.94832507891664	-3055.438913498437	-241.06554749441074
1.6849314416716998	2.198356627673368	-0.3128305727566753	-2048.4123874063093	114.00043986368462
-0.0941410387171393	0.40464108289584466	3.907633316469262E-4	4095.33557238093	-23.851393660054008
4.557520181791787	2.3919505050209233	0.4540567398397855	-7.970443394685633	132.86850604926306
-4.508623989215881	-0.269088448905082	10375.508848751693	11532.976945779554	10334.555069293692
2.1606776847518505	3.339164179934995	-1.235350856377899	-294.30080359042165	-37.933718678779606
-3.945773561902776	1.4602753447120245	7641.117121712712	5835.274412757042	7703.301610088751
-4.269785814327408	4.0510905516077536	2759.1205969952957	-568.1348956484662	2722.0178352055
-4.97135915914709	0.25787420537882255	-15823.640301498202	-16256.949012163337	-15769.722805034242
2.5895093955476884	2.983553204987155	-1.4483671756515824	593.7610150034304	71.11042256383782
3.848937996087461	-0.7144925582452624	4.528701712016303	2033.5084672094647	13.483010972231014
1.1346686909768744	2.856975443730269	0.2516568509991853	-143.3249403906742	34.19229729613983
1.2756789814387428	3.7778185362355092	0.14466651982151138	545.9620958316748	19.748822006715244
-4.2516055811795805	-4.504019133738617	27713.638974584228	26819.41962962726	27633.474145767974
-4.693673251885654	2.324524714516456	576.1438933212897	-755.9455686289958	769.5357330314766
-1.6859836253365024	-3.9030099958721975	-29.276789687988458	974.0932889798185	-30.30979066469039
0.6943973951727989	4.78355190608122	0.012196568830497845	2106.828955063489	-22.19585474478998
1.0968344121602538	1.3809041070264616	0.41360149606118457	350.89519260145727	35.58267830625019
0.22804317289423448	-0.9199791660291892	0.011695261188241633	1108.7015051580963	70.22632581127935
0.4181264749976279	0.19929771477195235	0.0728060087264057	-949.9823614036104	-96.57879569823292
4.608460429862591	-3.46139218904852	0.9390991359575659	1999.6950123027623	-26.5595513120086
1.7678791843187565	-1.6636308004545777	-1.4340341929215108	-340.93800295894584	-15.82974976399944
4.020469058895259	-3.1481245586142927	6.434284316264458	-1905.1264382254865	41.80363067649657
4.785501140638274	1.485222544969381	-0.21729238137042708	-2360.918098834576	-21.54974611111852
4.3020617029988255	-0.6952427714589602	2.999446964752343	-612.2893317840718	-2858.7303227559114
0.8834823536483203	1.675889749103268	0.28852529696486884	87.1299161938289	-3.179290224794528
1.9966761204960406	-3.5445516341908667	-4.66509287622534	546.8142074005503	-12.103116231902344
-2.8028327080988804	2.7938232331540567	-277.24296517387603	985.9754045725879	-159.87688992976695
-4.488603729140123	0.11553865915054473	10301.526078365043	12048.870017855463	10481.289451326425
-1.9854906721985097	0.2514214578792764	-133.50349984266816	-836.4186325618407	-46.81740684300897
4.106240147861271	-2.8226993176775297	5.78364932910363	-918.1424317283394	-1448.2605781829586
-1.1271196216061998	-1.6385258425778995	7.392388638743687	3882.6870749014743	-25.205501371296396
2.5041461974688275	4.60362256852828	-0.31261168857629934	2895.231866973602	103.30733025707033
-0.8942876316139214	-3.489750707540348	4.489726622045253	-1612.5218018497658	-48.530243911965954
-3.4617754305263526	-1.2738446415561109	2711.3650700865837	4582.0313323648015	2693.8576945892837
-4.2200521881996735	1.8392610066508812	9203.26474718747	11350.064601859847	9226.093173704508
4.442289695678717	3.8898209124534144	0.36753525760200584	-1678.876709126917	-43.82315739725916
-4.3140169288234524	1.8185975206327942	9075.021504308514	10629.632991519733	9084.96399820229
-0.8573542956131943	-0.5630921108685296	2.558996784448247	994.5339483784572	-12.707986225636095
2.3249888305408373	4.831007696935517	-0.14133284198348825	1036.1764838704355	-1.6754839420713088
-0.7764501386325895	2.0415542482994855	0.9777156734205815	298.6408126698078	-38.80182999304549
1.6841960570021133	0.6847762496061529	-0.47820852906403916	-1458.15297447297	14.667215808345881
0.11573082642395427	2.485503765587974	3.9292584711522836E-4	2295.042152451048	53.401034028580845
3.998940288716872	-4.165253604031078	7.307230011071128	2431.3438666609486	32.06827686439347
2.496792204442256	2.1085898701393173	-2.2942460589963347	1563.0445259750377	-4.248576032472465
-1.32904438047765	0.014676346897272374	7.9568698078506	39.77295545625141	128.8707301870314
1.8942845211364752	4.372490570613678	-0.24863571861943318	-781.2589446252522	-11.099048359396628
-3.9543777796580457	1.9704410651282611	6647.3945553065405	9086.044598056998	6612.218021459953
2.0466851349907698	1.2438633981243186	-2.306924022661233	-224.62901010242385	6.137669384943546
2.8465590505049754	2.032426003508979	-1.1947337956030133	1482.1116141604018	12.358681642145806
4.704471850044001	2.4330607261453396	0.019310622599845825	1050.5913186693942	-33.63682041822639
-2.275823528936225	-1.6232211594144355	-516.155706720838	-980.7334020115836	-503.0047816596896
0.242937004120094	-2.082806243073488	0.01755273574128759	-1476.489791180563	-41.97688828852549
-0.40451347382857694	1.9990204481122467	0.09236431765943857	-2414.953669415328	-42.51194634670281
-3.2896646324078436	0.6313948463961125	622.0668590336883	2017.1772335107185	629.8141284657219
4.2356881505584365	2.6598412278272807	1.4291267331526027	2494.3794932578185	-807.841827534815
-0.25058173011399276	-3.270290289076766	0.037769187765788394	3243.1897351241428	126.53316174832369
3.927734776997756	4.36173725228285	0.5154203523848178	-3237.031602656329	-39.39818776604705
2.2073532387507644	-4.60287909732945	-7.517449226351281	-1381.5524979000872	-40.2882007150952
0.884305954517842	4.276468462325035	0.06289086149775562	1460.170614938381	16.982528708965408
0.18848618765033276	-1.1632066539412458	0.006074204195991739	-1106.2978644014954	-18.76078550237769
-2.37270012031761	3.4671522372882393	-147.88834617379598	-1785.972288260804	-115.22971365567517
1.8063561732409923	-4.238302113329148	-2.4775758461125323	-2364.2269562492156	-0.04694184592614237
-3.4568300081763526	1.235127744143691	1586.7950795545687	2364.9726440070663	1572.2398394343425
-4.044178585168599	-1.5126412594314753	16518.416277411994	13092.01433795147	16521.125641755836
-3.571869061477677	-2.529436420406672	5360.5033917593855	8140.272618081937	5410.700680424352
1.0531133300406186	4.552540892002048	0.04910306038967042	-2163.593046430303	109.46142152278117
-4.004535567572473	-1.0029013752768323	14364.653429791157	10203.525370672969	14420.518466620812
-2.118911360525816	-1.3127245386687525	-306.65465866627545	-2710.1225497915716	-326.8760198980422
3.037856940171297	-3.425356925610663	-1.1786398016685626	-141.61363331227042	-2.687426681446924
-3.571103660011763	-0.09730273073228979	3617.6150950297365	708.3737149277054	3604.1476815780375
3.2209020469092557	-1.039209946583811	0.6401822114183109	1195.9766953295793	0.657427435952497
3.9297374026330996	1.4947498381222815	2.830704265915017	-3469.1898573425924	3.816799149370882
4.32960892155063	-0.7698803043771587	2.824144323657984	-1246.8900263535654	-13.546330218466904
0.17734270150069253	-1.1661137703902535	0.0048482981771504246	1502.1054702139788	-10.415628707348864
0.19795713366850354	-3.588001884812483	0.010139334727249571	-2128.017030899434	-0.026417006562145073
-3.358749022836849	0.955477452329637	969.1073516217535	-2678.8005448131335	687.1012214417574
3.522241746542905	2.4313152313929765	1.2899623771012594	-3003.2258825708827	-23.120301030167653
-2.097079827861882	-2.829284201085197	-351.26860332344773	-3024.631296438981	-343.4332061394613
-1.7078419974588588	0.32291844551619686	-19.7277247584641	1270.9709128801721	18.984420687297217
-2.500841793686268	-0.8146222192506603	-683.6309495196575	1220.9781119290515	-669.9998687759853
0.6692747255127909	4.739338995839109	0.013592758145460402	1220.0142288998006	-16.407595671667192
-4.6136857694052535	2.543890317104699	2618.3975058960636	2301.023826013397	2529.7575294976705
1.800751860011502	-0.11727176013500351	-1.33209202144514	1134.9106639142358	-29.860424502765476
0.928122050679395	-1.3912750474379374	0.5968972337662563	331.57751504390416	12.928552103033873
-2.723141422965117	3.1657562554863468	-241.0171811560061	-1310.5204051748735	-315.890876622979
3.5620443296692184	-0.25978350122526006	2.896324869878508	-1862.0653844437363	-16.174903847083904
-4.275947256729264	-4.857454787258107	28616.208376657538	29204.59021388294	28610.04183794261
3.1134137119316527	-4.140513471316739	-0.3456065295941964	525.9162338585704	37273.97734405685
3.3710838680534945	-2.4504556997888836	2.281437839763809	-1799.6464048316197	-40.54844980988999
3.1036257248803043	0.15722758259084113	-0.2468467562573242	-574.7672179604169	32.78244715872239
2.333788105007507	1.6575808824093485	-2.799581645528625	1260.8841909429811	27.63506570198252
3.338088689589318	-4.646317750068022	2.5304482921317515	-4611.558230472781	-84.15150333130158
-2.1650574703264205	-1.4398550891644843	-365.8008325329576	-421.8341642226472	-348.36829939197514
2.5615869951243377	-0.37976917100549556	-4.00303355103157	-2547.5841525131195	-29.526031911957798
3.608754323652178	1.5092991870507415	2.1102637815238507	-733.6111320412359	-13.849413081150384
-1.9668255411846882	3.040576227832455	-50.37898532170256	-690.8109282165809	-44.53367091425714
-4.6647435327793065	-2.0405693447144313	3779.979924835472	2681.5467955644544	3796.918944628218
-3.500343610744233	1.3195967760394653	1917.4193109027847	1559.7127266065263	1945.786819493871
-0.8919054197076735	-4.409610163671564	4.932565420335389	1956.3829515233772	-47.01975993323991
0.23618426285229344	3.340514449987909	0.00371855347042515	-428.6953227088457	18.759153887611472
-4.340117894945701	2.2553913066304805	7673.0378261114365	6464.229948670003	7689.34825365167
2.5744300207135664	3.126099163693553	-1.3726840083983889	-276.04214570681336	-20.863246377990635
1.352510941602664	4.535374631206047	0.04987455355657016	-2636.417611489682	5.2531232530286465
-0.34673277037431394	4.777220552300005	0.003742163565533276	-58.93860580640745	-44.96040127369492
3.785507790498764	3.3803602736296092	1.233401757374041	637.8339019715828	-108.19685911062732
-0.9961660735121693	1.0421187955289852	2.9825476828173643	466.91710878229765	-0.1780831270121781
3.2837234194549794	-1.820346153710589	1.2946980645722812	-1305.0247318480685	-57.709139660842176
1.0203101256903313	2.312362251513976	0.28446814032576495	-37.50093402217846	-29.046658004237663
1.4963540149634902	2.5265869645752312	0.1274630558493013	-1006.1123649427568	-7.51811789328511
-3.6303076580029803	3.046524942000408	1746.0142926069068	2764.3015657746237	1735.2783286609435
4.872489113149857	-4.0701906570631285	-1.067548385168142	183.19988415754793	2.6213085716207765
0.9583014785899655	-3.1098001742589654	0.7920504576422883	-1401.444995981913	-29.45800975779381
3.8740885337390694	-4.228028526715047	7.3845169841045335	1312.4831913711514	31.45094999333648
0.19971562378050312	0.09104539356550134	0.005986957825478044	-21.739492558901233	-6.52800918305379
-1.5545070616629353	2.9279730720153214	0.5901761217345843	2437.029523749607	59.86184545285322
-3.981730418990338	-4.799868802893625	22584.260703586777	22844.308602379744	22592.028095996648
-3.5207282185352184	2.6287713078279147	1356.050302842846	87.91935731660828	1314.6944065401415
3.274217861896897	3.5059389913649213	0.2646676414521425	-79.04066705785547	-950.7838711539667
4.80142371911867	-0.6069224399531867	-0.4118675471346533	4830.077860376332	-162.97637749709853
-2.888889900320577	-4.83505611341267	-1094.1600673008077	-513.2011498977215	-1123.5442903182739
1.5446398218769524	1.1480975194141347	0.07712736561738417	-294.0466484914463	400.0029181605902
-0.8971187352826862	0.5727816692105829	2.365842287389074	-680.7924522326355	11.031186933897562
4.686545880803044	3.021797410151205	0.04974071297636381	-1029.9025658385845	23.411225519271387
-1.982386911224463	-4.837410487222906	-272.5603389013087	240.55493777135848	-270.6766778810298
4.0005452207224295	-4.286993847764946	7.399687202584377	-1408.1299429007981	35.95187884700872
0.5168741542543707	2.5221794620699907	0.06905352956701362	3090.1456506105637	-42.29401655057694
2.700082680472179	-3.1680044941967758	-4.863291693684267	-905.2552788871046	38.63467912151656
-1.8259983709950003	-2.5107118010879095	-85.74467429899418	-1023.9908485033735	-18.66359821824763
0.6528588336158236	-3.8469982988676654	0.4371147331671902	699.6514076948783	-25.66431869546002
-0.17836086682455665	1.7142206323827613	0.0037703502471098087	3379.1801998366036	24.718372293078797
3.199719052162136	-2.6685123573248273	0.5960488263468307	1408.2568035510835	-139.4116248510109
2.428297927089896	-0.9282177893170633	-4.903252594143446	-351.9782523654635	-25.33139707652984
-1.6663461336997907	-0.6872339770305791	-14.477548395307627	-580.456075895847	0.5384744936149772
-0.5443360014119394	-2.7405194070855767	0.7345239302664686	933.0727746372776	-169.5059323160122
0.2775420154757757	0.3949368178920887	0.018236202166407978	-2459.273896412795	13.531033390308844
2.962824999017718	4.936543581463859	-0.015387162948341207	1032.1694722004033	163.1967916642075
-0.6550217461720234	-3.292079626619646	1.5295486934409461	2188.795329565451	51.55306529774566
4.600543395578233	0.8383896168152862	0.5013015192862234	-1061.8373499006284	-46.635851080061144
-3.623275138217543	4.731689039325426	233.61759809765837	801.4121410619446	248.4264145672578
1.0781591012222522	2.4437560160559704	0.2874365908964802	551.2929105769207	30.584693552792068
-4.98396827576744	4.400639304682594	-2103.397094485447	-1256.5196631155986	-2090.334010085755
1.6876507146295872	-3.023222166846674	-0.9209155044749355	698.8720601155936	-26.088848406503693
-3.3807259646006536	-4.672635359033126	2665.691639334988	1458.064588808737	2748.7730657652005
-0.9661532299919049	-3.2061230528336058	5.595812957924644	1229.5111948265578	26.461469077494367
0.6940578400386279	3.7279226810180273	0.07160766469110182	-706.3423621601797	-21.758925313409694
-0.7532748288339617	4.53541025530369	0.13862042656464335	656.7753313148063	99.72730398067046
-1.5848539585039156	1.7420171905258206	-0.9018328642866897	2617.9000532570967	87.50253320089467
4.64119306521571	0.8145966829573386	0.3066667798494311	1057.9727446889426	-26.85052984661935
-2.010734777486871	4.01534327991021	-31.069107860953423	472.0670697199235	-43.316253210546904
0.041693943874907546	-1.3286777573555364	1.8291085477659142E-5	732.3142677868503	2.0362931392214607
-1.5769506506902475	-1.3523281853763103	-0.7465898209154678	-797.2171725558505	84.53680415568779
3.8034421055032848	4.5360049157296665	0.3581491951645485	-2388.840080531036	-3.1610882968097442
2.594088326510567	0.909079887086504	-2.920144764899617	1019.5582891420125	40.79049043700527
-4.060964721371306	-4.971229696390362	25848.491270386246	23964.695479312122	46394.447542185386
1.4332436143008902	-1.511943407649409	0.5375815873221574	1402.5410623727607	3.1514375460045434
-1.3013465634957386	2.5617784753370394	3.813026426370087	1443.6742103760591	-91.18341276245283
-1.5028967625863956	-3.540950595054546	8.225404425588438	1979.4536213800907	24.969201056937344
-0.5460003220524232	0.41760931110121025	0.43974501552903383	-1630.4001381033445	-2.2549580789889734
-1.7573512708541106	-1.3566627220644123	-42.9778357266976	-2099.7314663039197	15.932371255240952
1.8005956917658121	-0.25579903007580373	-1.3670031706036845	1159.9469153732557	-67.329078159469
1.911907889446871	-0.4140508518832213	-2.2868263825860264	2070.5192478939416	-47.9150601452956
-1.5800000743017275	-3.26309171840348	-1.4696632757938861	1333.4587172813115	-48.65695523225088
2.09257520763268	-2.017328239989169	-4.711750586266254	35.354697650071785	30.51745185672918
-1.5670394338134965	-1.8291715788971477	0.47136189757049307	-2253.451314711666	111.8511571692579
0.7412806122431874	-1.9349763339418544	0.4449444740335683	-2666.4072132028778	-2.765384105516091
2.726481479035847	-2.5983805602627585	-4.273298876443692	1166.8286144334609	-62.51980701914546
-4.260610024023073	0.18739220854089744	14018.57088497142	12629.971153251461	14032.550524491146
3.052218487352606	0.970613696827173	-0.4851246685192302	1037.5574109702216	37.452611290107754
-2.103069199217389	-4.340632212323218	-428.46913155806493	4157.414940185013	-482.39485432125906
4.570588671149894	-1.9698901859902884	1.0973239950835694	1004.5095364400245	14.19181347360522
3.7284284050734264	3.727630795356923	0.9172604287608365	-2800.841152369853	-42.369761320591145
-3.0455780897822637	0.9472999002745839	-231.76672921279146	-3495.3415677182493	-206.95324978272404
-0.7048480352009898	0.5355774712052703	1.0620198246504469	563.5853732369463	-22.444179266086365
-3.8320646489047583	-4.349628797109908	15653.377186749505	15072.527156905473	15719.139174249587
-3.058533714329128	0.8752002921281417	-209.21984653239969	-1581.6950265429343	-285.0541031113994
-2.398726924328881	4.54789827470869	-45.75657236494468	367.3075284466492	-120.70149403666835
-0.1513100158008731	3.5945626130111528	8.250502134751078E-4	-1755.0959841627105	-0.2014314910239275
1.3677956277860446	3.1827179805814776	0.1886297441876282	364.91582401390434	45.554370464851466
-1.0119355573701725	0.6355413338911085	3.4612075712883223	701.5781126285627	211.93191297847812
2.2607659582352557	4.1740605591126485	-0.6734979725920736	2653.7026657230267	-53.33681363821971
3.2751412224313583	-2.149667570005769	1.2753465906126316	2100.1278310356483	-75.66496463848635
0.11802625015980972	-1.543212535870646	0.001102516677868425	2679.360184032163	-41.623465955194355
-3.488903215474325	2.981550110660777	996.3595465183286	697.3326973426033	992.7135402083986
1.1577157416654105	4.344160385994277	0.07797428686969222	2336.910583338954	-112.1299525849491
4.042189822576352	2.489569133873122	1.9578820019528531	3909.9449104866176	-88.04494874354984
-2.7749684032755395	-0.4793455282891266	-703.785650294111	-1556.1770301013864	-712.3170951811303
-2.0232238016101265	4.272098945796008	-24.263347725053986	3928.272273376681	-120.83325823216389
-2.170511099547021	-0.286106716377744	-305.5616394285408	3156.034959647657	-381.6472715803932
2.27000025370696	-2.255203138769566	-5.947014167639157	-3945.5340543561406	-35.823620255120346
-0.6459127976624384	0.4998726332160075	0.79027557847648	-1349.6676794115463	-93.0173196485001
-1.9805102435964383	-3.7619399781292264	-240.61578532092096	-145.3560383535753	-169.8401847464567
-3.117753146523902	-4.536787667213749	-155.7147038959403	-3143.82731275655	-110.81019996883091
4.9110733147025325	-0.7860349206089658	-0.7913761794198437	-2954.931514968024	13.900756873742008
-3.284670110295662	4.764254753468283	32.11539529917702	737.4280017932928	-24.48494387147285
-3.0882433242386256	3.4186486615313427	-54.56396683188046	347.10836248841446	-28.330277686840482
1.843012766026706	3.0574073267068034	-0.6230347871483374	2091.642299822591	-21.90658848065572
-0.9721170703361555	2.7592539535434026	1.5590725710419129	-672.6862525525395	-40.59434293255208
-1.6192682999576702	4.660204863708961	-0.3695940376503318	-1543.8423342984881	104.78691043601246
-2.7703809170908067	-3.569105289542802	-1103.8592328565562	-1895.9165429512373	-1064.3316389635852
-1.6971221807813395	-3.109857527468952	-30.39680097646603	-1853.5243054436692	19.492248252372224
-4.511398728438664	3.617915605266308	2693.516688942751	120.9180520618579	2690.3261990952556
2.6773651688586764	-0.4335852167669829	-3.384441598493461	-3273.295083481901	-17.601629388548282
2.283782376134945	0.9550577593537035	-3.3381560503617056	-1307.3000305410224	0.7273625343324053
0.04665659751193729	-0.18373512111733348	2.3359159481252092E-5	3260.2147316712426	552.6207922949847
3.9012293247455574	-4.142034919135678	7.3640408535939335	-1730.1997037826156	1355.7891563771666
-3.397722486183097	-3.469262545728242	2585.1083129728986	5876.489943037041	2595.37566977773
3.3868124810013747	4.818795869681361	0.05926763727172799	-211.46460219276074	-3.42417011310525
-1.6356933532411713	-1.9178040378243013	-10.706044130494883	-2091.070898127472	1.172042933991067
2.1064427326325106	0.8115314579015331	-2.8796182035784605	-622.6760179833872	-95.63309387637483
0.7042825472378915	0.24604994651621492	0.2757349711596766	-615.4420319243765	10.863584700958777
-4.473292536847851	-1.9370974285257994	15321.400626575769	17390.04973106846	15761.015356932132
-2.7605792640799507	-1.3382825053800387	-821.0884795780204	-371.04635570413046	-839.2784051632906
-3.950535695754337	-4.381317017157242	20435.942215748208	17982.862205801564	18109.136125179433
-1.622016068595796	1.622916531731022	-3.921446007366822	973.8092267163947	-4.40757239591542
3.517151910567307	3.3714238096089026	0.8075348221915525	5064.88401273403	-21.69662024434202
-0.38989066645172343	4.504968226423831	0.013197666362024215	2395.360723917089	7.971940920307827
-1.6487198960210456	-4.485461171139995	-18.484363264029128	1694.4936449247318	-43.08554627638001
1.0153423890085511	-3.283131773374197	0.8715835008881802	2089.570923382078	20.190905287275953
3.1947699851774978	-3.2510332988492285	0.5867959888659273	1147.8767136212698	-13.469931159985258
2.3975823537276906	-4.291542633801727	-7.760929142329028	-2150.533752263702	-16.64208604042329
-3.6004928544987393	-4.00752168802455	7189.156956063967	6545.461374450722	7231.080473700329
2.9601005614213545	0.26810763981182184	-1.1651336623465725	-14.121631563417738	1.5075171496202036
4.733687120534908	0.8280130467368432	-0.08109482610828399	2093.3429547051865	-26.38164553470714
0.49774194561995877	-2.886086987263713	0.1983272476761249	1763.7558391157656	15.715768899239142
