-0.008688590113661895	0.003907661245191054
-0.024760953782388084	0.001709350074080299
-0.06258733179661514	-0.0012644870800317788
-0.06040852809273587	-0.0027915263243913483
0.012657686503844379	-0.004208683533972427
0.034296179463695155	-0.001705188968572465
0.037329411161062524	-0.002445599058485443
0.16702123139546107	-0.002419537960195008
-0.05652113503857689	-0.009061385148352922
-0.06946703734066084	0.002917275893605987
0.04205591556433391	-0.003770809421287675
0.10597982104332046	-1.2147920220177296E-4
-0.10588401772358558	0.0023662538073822453
-0.04330754966695154	0.004857426356270033
-0.03350781322107672	-0.004060161536475335
-0.12449571730159689	0.019991225066009827
0.056192881066748475	0.003108757470154695
0.13083504799635384	-0.002291011212731144
0.11445863467414849	-0.0035761697035501085
-0.07070941600947817	0.001740344352571021
0.07536096208163942	-0.023103170432738112
0.13088191622465037	0.001320713446429922
-0.030533662700521477	0.002491828192292472
-0.006584694601994924	-0.002626389463778333
0.07518271223166198	1.802910209184082E-4
0.1004396589820202	3.883836691345357E-4
0.004718021753251413	0.0017620749320673326
0.13835159351825238	0.00717196771403255
0.13945573341027134	-0.006577850945989265
0.04059819115364564	2.0447857374574673E-4
-0.006727235528136432	0.007169952952566085
-0.04412209015541162	-0.005294885930183231
-0.05196473293905537	0.003932254908636285
0.09825723459478086	0.002048796386585417
-0.0810565501738443	0.007674463529449608
0.1200853474822231	-0.003618833003779877
0.09798276943186854	0.004807065241453778
0.013111229600075703	-9.159059868420592E-4
-0.014699460399989733	-5.889618799309589E-4
-0.08519805871564502	0.0042427646276634624
-0.05674808537432656	0.003709047770771962
-0.07218720816638596	-0.0014357704111679964
-0.046164440728732305	-1.423792831326217E-4
-0.053208307268920355	0.002392881357084338
-0.01477030636328123	-8.380390164246801E-4
-0.1635488477204252	-0.001996931018845615
0.06010098715654285	-6.959110291000108E-4
-0.10559010401722076	-2.61100498864128E-4
-0.017508131172679964	-0.0020642285624819802
-0.0450272647070322	-0.004327165730604038
0.1824298711524804	-0.0020461355176252453
0.004073842788433078	-0.0015500021893589235
-0.03803764638184183	-0.013152669704065636
-0.01711933807237322	0.0016965966816216264
-0.010940451508945511	0.0022503348791161034
-0.04799573644520965	-1.283467857524858E-4
0.1216629552689307	-0.0023510041801018235
-0.052608510555565056	0.004517382954484742
0.11328146236477653	0.001983751901069136
0.1987899495692232	0.0011394542104309709
-0.049473813864601285	5.34325100147031E-4
0.06237552667757741	-8.949729620492133E-4
0.05379681494520358	0.001479466399523823
-0.13663870184119672	6.05582649480729E-4
0.015312725453471981	0.00373289923516729
0.06481537687447798	7.672306408318354E-4
0.002419544915433922	6.052090822157785E-4
-0.22241500616052745	1.297202010311372E-4
-0.018367088326951473	0.004526391854161049
0.16246769650327428	-0.010888119903271955
0.011452153849300118	3.012540022885178E-4
0.04346721681585768	-0.005410318924739934
-0.05273505400714534	-8.294469786415682E-4
0.03394596423929356	0.0020330880516114783
0.10987957723843152	-0.0034312724435230113
0.013937950980572664	0.0018963663798642924
-0.13239469835755452	0.006038522360079982
0.17620038434475033	-2.3696878978340876E-4
-0.02813192612860943	0.002293031348041664
-0.01852148680280921	-0.0148046836544814
0.12777788324028158	-0.00383802243066369
-0.06945352175053579	0.006644949557465702
-0.13299567769730947	-0.004149533515489453
-0.07756135278394521	0.002347104234643004
0.11135331544618221	-0.002372723078389445
-0.16518032085186463	0.0029410606246796016
-0.07894771159391542	-0.0030707550511355555
0.08642744304360968	0.0011895911623826822
-0.07728505704657904	0.027246011633064525
-0.10509111527640286	-0.004134392646534058
0.0049042656061041995	-0.002055192695202029
-0.10001332184749712	0.0011406827949613316
-0.033163154311296114	-3.224019521753711E-4
-0.024983074489905666	-3.175581279490529E-4
0.011941780606382839	0.0035146418482512602
0.0799960995933428	-0.00120991599865624
-0.009404913702477249	0.0025148694616364646
-0.10578006260310673	7.482400939078055E-4
0.007228974629605521	-7.223416311155323E-4
-0.05262895241559375	-0.001158688124210688
0.005426259113752249	0.0016280037239337752
-0.11958431677825873	0.008281732344463772
-0.012601443045082737	0.00936871870571285
-0.11531853790654684	8.611112480591735E-4
-0.03431766941819962	0.00513243496284916
-0.026781782357269416	7.034831847556834E-4
0.13604878655988836	0.0966416202209652
0.02543246924182938	0.0037353297121866134
0.08901976650474319	-0.004837251418964716
-0.0072852631024890886	-0.0020905820621367533
-0.07252699706235857	0.0042468088623042145
-0.012883733479948735	0.0019950167243857377
-0.07034210765518342	0.006422304905260418
0.04546643156601084	8.63292783581894E-4
0.0015758023245427406	-0.00664128386783698
0.02051059340015142	0.0036180631051296996
-0.20953478767288392	-0.0027050787395098
-0.06481917989758781	-0.00712564324995942
-0.034455588933250944	5.223589593452527E-4
-0.006891181463224759	8.894166848117635E-4
-0.011763003542951235	-7.168146251603454E-4
-0.08932474635009724	-0.0019356470447158423
0.041963880031519726	-0.0021124279510291747
-0.16974835030280794	6.095375872432275E-4
-0.03135371162110815	3.692069172601739E-4
0.06451311266062414	-2.3430898075016697E-4
0.15967730883306805	0.0015264600493520477
0.08960521536241169	0.005890101992835634
0.008299237939272404	0.0011565842486352636
-0.020632894839169292	0.002369072066505521
-0.14942267414649088	5.149685992023778E-4
0.06829162068115212	6.95121691841587E-4
0.011093248681987026	-3.470212310745286E-4
0.015822822852356182	-0.014688464816096036
-0.05340747242145879	0.002711905239296834
-0.135992935125567	-0.0020670409183240674
-0.0017224552620858384	-5.711870371712683E-4
0.08423773059070466	8.145885641492459E-4
-0.07667947764573274	0.002435112289271332
0.15189732616678403	9.464693464380036E-4
0.12224865586883336	7.171711605566792E-4
0.13883701188419098	-8.906535317219571E-4
0.015460753597210124	3.955078188126393E-5
0.01821493252900053	0.001182350752992384
-0.056415225063628116	-0.04003387569129456
-0.031189078892407605	0.004956655856957527
-0.08390228480007822	0.002936611901148409
0.1273195264015886	2.661679502378504E-4
0.04291330324528411	-0.0019904813489130648
-0.14744184648917374	6.106620173542902E-4
-0.01611218371874864	-0.012272914735985371
0.03812791492248077	0.002850555114327826
-0.0054017682785050414	-0.0019148778693970703
0.0504445762905178	-0.0017693896812988887
0.12909689240258787	6.76854520860517E-4
0.1600900872396089	0.00598154080670214
-0.20990641767191456	0.0017768810053468834
-0.023393861968353594	-0.007101015919761227
0.18643686506101098	-0.0053571141884084
-0.042605276899770964	9.497992688023337E-4
-0.00742306077244946	-0.005450842886770846
0.13105463678553805	-0.001988009830941853
0.010049095727136219	-0.004340643009472491
-0.1630294767199972	-9.782344520892813E-4
0.10106780495880145	-0.00327756366628909
0.021670743068656868	0.004083929797096688
-0.052048839215909956	-0.0035199355016773464
0.016726672777068432	-0.008294123014610858
0.04377804396718136	0.006588012789575988
-0.227461645590263	-5.568724948331032E-5
0.1412494289820652	-0.010705584499580267
0.048937240601686194	0.0019051736518960164
0.02937097521362606	-0.0021620655090049696
0.06850353065138719	-0.012656022641345466
-0.0024015058761749134	-0.007055966886339323
-0.05604065180937356	-0.0026307779096174525
-0.09246923539416325	-0.015022380021979647
0.09342617692979992	-0.001953502381736571
0.076976342769864	-0.0016586783592114416
-0.011314157662413097	5.074145761194964E-4
-0.07820016093908275	2.142765367391558E-4
-0.015877981644864883	0.002579807128873999
-0.005327699102685368	-1.5203588472470842E-4
-0.029451470332629667	0.002572199326349918
-0.011139917839623138	-0.0029428276305030966
-0.030435587967860056	-4.367164923728538E-4
0.09207455157524266	0.0012435754474597544
-0.10712054321765349	-0.002916860446560156
0.06934939634851849	-0.0039288876245523
-0.1243052750582246	0.005290387436037707
-0.07522065186590916	-0.0012848928639153324
-0.07889917707635904	-8.547481222325087E-5
0.024001746564547646	-0.0023792921623884133
0.0188286696847001	0.004535200900730072
0.12446040834155415	-0.0014736738423363547
0.02561857867497808	-0.0010594772586218712
-0.10832124561259798	0.0017947459683870788
0.11278863300303898	0.002897198935368898
-0.11609816679519663	5.188366081303058E-4
0.0257200146148484	0.002132716226348404
0.06261723942607947	-0.002971648273978231
-0.0792034614237719	9.150541353830108E-4
-0.05770414007394125	-0.001772131033155654
-0.004163173721615326	-6.29006898482421E-4
-0.03844803389987956	-6.376561204833351E-4
-0.07162609351830314	0.0012860181389468752
0.0747652884920088	0.0013666748858449662
0.1092930593962291	-3.1905957655212316E-4
0.13430541763206624	2.2741617638778974E-4
0.008275972601596149	-4.629809860361062E-4
-0.055957294142161114	0.0047792934110431114
-0.036059599363575265	0.001961220032324123
-0.047950629727719615	9.159107760022161E-4
0.1044657000943065	-4.5203449402407396E-4
0.10485991007957855	0.007012019057949076
-0.08135910643765532	3.11487284842464E-4
0.08663354889614099	-0.0035907662326290727
0.08400892304885617	-0.004355153701171616
-0.048015795594002264	0.004665826450929533
-0.07276669300329212	-0.001845579414974268
-0.07648179927028757	-0.003556252651081106
0.06662392076262327	-0.0065655052238249596
-0.052524534736433454	-0.006451378653708908
-0.07725326308293493	4.7106516712737244E-4
-0.08549095507031168	0.004172594567969009
-0.02241648890563599	-1.5856414651951235E-5
0.04888446802693293	0.0036325400418137236
-0.04342532035987669	-0.0013515855106175935
0.00142728999042294	-0.002563596278939333
0.0911872110702766	0.002396382866045865
-0.029113468307952108	0.004225673631520728
0.0805786870858088	0.0013817656333442241
0.04079385465630628	-0.0031077773683135124
-0.14733004108981917	0.007131286096838319
0.046938849865709995	-2.4156284072558547E-4
-0.09074831392605398	1.0480956079551538E-4
-0.058475417739415496	7.556534722166177E-4
-0.07075967721579159	-0.0022208121940493655
-0.08979815958842531	-0.0015861647111679493
0.2256604056714909	0.0016149389764710657
0.05034070518667487	0.0031866689190017407
0.023811698213113304	-0.0050880501911729475
0.027629089794503726	-5.323878840982246E-4
0.03129853141836486	-0.014552845335380944
-0.10085561655828926	0.00281728476556035
0.028213245893034228	-4.6158294086732707E-4
-0.008057475687363206	4.378427722792253E-4
-0.02357422493323396	-2.3745483984795134E-4
-0.03781551838964594	0.0010062193116996785
-0.015402642418920948	-4.766399674430819E-4
-0.09311012366061087	-0.005464026944355325
0.05546942581034096	0.0028724225568083866
0.10009801066567106	0.0013413564122856183
-0.08731523036597731	-2.4962752525105135E-4
0.07143558042756774	0.0017639732135747615
-0.0059926450745776	0.002164497098831654
0.0511248032913022	-4.726041315739244E-4
0.08744291691012451	-3.7248952729497726E-4
-0.05425079021705332	-0.0014079928252504186
0.007888295071230511	-0.0010420044727528007
0.08625272463075319	0.011128545179552241
-0.07187739396794522	5.528844992295026E-5
0.04141559627102938	0.002585754395192213
0.03970969447384782	0.05061231173954357
-0.07802420146431491	-0.004001655123534365
-0.02101363210521244	0.00942591225714451
0.022760160391341527	-0.0014050416776368482
0.06389604842335306	0.0029611099856722317
0.03695286183574255	-0.0031453927003633566
0.04172416071901668	5.030704069844137E-4
0.035504752573207045	-1.784243257656417E-4
0.04129040985676002	-0.004480477592000167
-0.04050575308640201	0.005863203567376818
0.06046116680327583	-0.0014509648344738103
-0.031925612774050136	0.002556320695047326
-0.12555850983744885	-0.0029097785888786993
-0.06792106549426555	9.010020133757117E-4
-0.03352260588474151	0.0012878466815724715
-0.07228329129738295	-4.232760472851164E-5
-0.1741928922255842	-0.006979323775401984
-0.08945618994971427	2.1063632965283348E-4
-0.08973979633567171	-0.0038370752434643976
-0.02997199950049284	5.658720509004933E-4
-0.02810069249669771	-0.04359391977147064
0.006041671328240694	0.01959951583521841
0.04229821147688443	0.00609222811593539
-0.09818497448136795	0.009767760199266562
-0.18703202032366617	-0.006051738710697859
-0.03215547821932765	2.6833210436546807E-4
0.04111814115971035	0.0027282867850860373
0.036493191593286164	0.0034976171647085014
0.09280891625829772	-0.0023519113423463543
0.018034263538671682	0.0037729611391233236
0.072872825139955	0.0024432219633017905
0.031149739389685283	-0.0010443740360494493
0.011905010051015168	-8.731320804200067E-5
-0.0114205162125203	-0.025176786755105814
-0.013210967484168017	-0.0015705357511804272
-0.03307467208688032	0.003579819891266672
0.07010620863107668	-5.472595035059993E-4
-0.03365454631945309	7.413438025861952E-5
-9.767098237642119E-4	1.2812549707615268E-4
0.17872284947422493	-4.97123174917394E-4
-0.10584722596797116	-0.01757037642400163
-0.0354259920496628	-0.004059659095971492
-0.08132303041676792	-0.002395845531988246
-0.04357575698673279	-0.0020459073300638834
-0.027994593373775793	-9.469334113031485E-4
0.07897257477356118	-0.004683252286339873
-0.18231968196739914	0.0018656534314049093
0.09394412387318023	-0.009266660357798516
0.027610026716437534	2.1063519046334473E-4
0.04796652672692215	-6.607939163509672E-4
-0.13865738077645098	6.956396248894871E-4
0.045735831044314584	-0.0013243973709500365
0.04104307591058041	0.004512416557963018
0.17333270848052232	-0.010354962545451239
-0.06176103802501225	-0.0011992557185252764
-0.02215393523482415	-0.00575417811438392
0.09551861119817133	-0.007514607290601642
0.008410711660776945	-0.0011395397289345702
0.11566385154777398	-0.0047959619142176856
0.05112148031206912	2.8500970626768325E-4
-0.10678164188635511	-0.0011083406285157824
-0.02880931115425578	-0.0016742889991475248
0.040385052522686635	9.692643281879933E-4
0.025126162988722663	0.0024080829113718345
-0.08838116356663757	0.0024749830514317157
-0.11656365889017999	2.2936308426467554E-4
-0.019540643612035242	0.00965264780627032
-0.21734659581429147	-6.084774711041383E-6
-0.12070796269166853	-6.67919715128749E-5
-0.06599839650710072	-0.008199945543128348
0.043354463997336896	1.2327902672783014E-4
0.1293789501838891	-0.001015910546610294
0.11645003917187421	0.005760120123979508
-0.02493422491068151	0.0038680561850942315
0.06847189604185377	0.36258900999469024
0.01687388280834741	0.001902080551395888
0.13366512279799952	0.002703715665640958
-0.10437427930477593	0.009969529277046963
0.057477480197909964	-0.011782519011749492
-0.04045958801832554	-0.18427393647116574
-0.21211956044139232	0.001744748817548792
0.0070090682932054844	-0.0014479310192229494
0.04372082198609918	3.953202323167119E-4
-0.19076163813306368	-9.240657643234097E-5
-0.13985613631787214	9.211980930921742E-4
-0.040770859976966056	-2.9232353460594804E-4
-0.11407115949240426	-4.485276790217801E-4
-0.18860309915224968	1.93972690955928E-4
0.040386984879299266	6.759659322037034E-4
0.009457355185762245	-0.0015614763579902284
0.10853041142478516	-0.0028770627789092397
0.009776628586886335	0.00342133562063332
0.1414605196371358	2.449506704364246E-4
-0.05504786513705178	0.0047135150569872185
-0.011612252693380011	-0.010459501648285713
0.05095835172508235	-0.001082618944933456
-0.0057565914343898515	-0.012151769751153767
0.13325454217674532	7.930876922486233E-4
0.20992656402454918	-0.006422424048587504
0.08071111733196723	-7.734710406116454E-4
-0.08372818849724609	0.001023805466530108
-3.349729908406555E-4	-0.0011854126240062831
0.2068336674505915	-0.009908454600015175
-0.10501875053510121	-2.722955251326744E-5
0.01744971044521424	7.461928607466984E-4
0.08634483103111942	-0.004636722181491646
0.04808348629613666	0.0021294308933108926
-0.07495933577112747	-3.0956003079376496E-4
0.1227670967129072	-9.933001114479259E-4
-0.014735969652018148	-0.001749332989113659
-0.1318872826910663	0.003345366847598007
0.11431506766830087	0.004480831057397939
0.05699857254184714	-0.005953099993777779
0.06355589273515853	-0.00254128132063537
0.07887880484440292	0.0015127517143583757
-0.0425793241831778	-0.004556823177297209
-0.022802446553766804	-0.0021310482557450675
0.07395786978454856	-0.016355383227433712
0.05195233768250267	-0.015771514483013647
-0.05684360437054345	0.00121444991819783
-0.06514090942203418	2.790640660463871E-4
-0.14434563279496154	-0.006480466853857241
-0.06336092770534196	0.08837943255160138
0.015765048589313314	-0.0037274539820354186
0.04075696779783119	-0.0011462609846848123
0.0843725107680887	0.005731676961366491
0.04096347521432799	3.1928083714106905E-4
-0.030439398472052067	-0.020431111559786604
-0.04662624867900873	-0.01317812342327001
-0.03586947393808455	-3.957742680248481E-4
-0.013861983369490708	-0.0034367744220094444
0.04476743280505633	0.002990043652027717
-0.08236717024224413	-7.027330735736079E-4
0.009260244020100504	-1.5778809991851198E-4
0.1120040076938692	9.525049207657251E-4
-0.02651752849474077	-0.0019316877042981967
-0.15346306476815316	0.04331543656542217
-0.029444215593116326	-0.015244814888685617
-0.06028563809075651	0.002201564623789915
-0.075686471314031	0.0017439006526797543
0.07446667884889192	-0.0017673762971710336
0.22990527560473847	-0.0047188032700020924
-0.11233679891182488	-0.0010509140894988727
0.09871275634522185	-0.0016983507464892506
0.05897741500488921	-0.0012299244971355455
0.1567921647587606	-0.00510270644170209
0.07726771522089913	0.0055222690627478475
0.07285734136844868	0.019140976834398048
-0.08412870624034895	-0.0019390889295346698
0.03983838562500962	-0.002675458876551144
-0.01410882674697734	0.0024101648364704864
-0.06268662110108378	0.001249887967766583
-0.030155372881749694	8.344935444056658E-4
0.06621754126157656	-0.005091357352737197
-0.046648802015352576	3.1013118531271065E-4
0.07325160260090663	-0.0021467054171749674
0.1036974124250574	3.655796307805206E-4
-0.05334032386747604	-0.0030037851544659545
0.03640704924164012	1.2557281155382694E-4
0.13227023843183755	0.010307763551499746
0.12106616785395839	-0.0020479033558678463
0.06375896769867266	0.001912358789878599
0.08435552375496674	5.04481485584989E-4
-0.08534298606411797	-0.006929821033195233
-0.0655029522083385	-2.442733964635402E-4
0.03436046990868774	0.004918938155087999
-0.07054222537089441	0.006208308272088838
0.0379138776464192	-0.0015376643067690062
0.10278967255083486	-0.0414799182430572
-0.004487089640030416	0.01813313214195156
-0.06647906078485188	2.3762480927222348E-4
-0.008013744544432651	-1.5470670761014542
0.003713685098002836	0.006850227293840965
-0.007767015960002624	-0.0030469177416862117
-0.10979547103571964	0.002407366231847052
0.1076622072396694	-0.030759648117836918
0.08442127122600827	-0.0013272804486268589
-0.0797028042787016	-7.806597950012999E-4
-0.1146005280305134	-0.0010796795841278295
0.05434567824115415	1.4124129540848263E-4
-0.013943603485250654	0.0018557372348530306
-0.06579186799046775	9.373902704693723E-4
-0.030355641318199646	-0.001612214990260307
0.05213484922302842	1.3900359301341359E-4
-0.11793924766020439	0.0013963810926943673
-0.07118695526404406	0.0017665263587286664
-0.14688324315371806	0.00250241876191907
-0.014386649240247533	0.00837333885739717
0.07822760356921982	-0.006000293429337883
-0.02257059930120599	8.004917026374711E-4
-0.13662849311536143	-0.0015232147443130797
0.06142215950523529	9.947427606974443E-4
-0.03626847358990366	0.003192649392888437
0.04227125192101814	-0.010559976618149478
0.08469625562654819	0.005160933158647236
-0.06773780297973296	-0.0036649623007209893
0.08905458800653557	0.0039983301286797375
-0.023051606182363352	0.006481887264280262
0.004406562762254149	6.262350938339008E-4
-0.010316223277160428	-0.0014549742481196678
-0.11852835161512128	7.41788932861344E-4
-0.042159750817402614	0.0016425129904435079
0.005485730627919366	-0.0014588998139165392
0.013984702048409091	0.0014267291351825501
0.2512389246327608	0.02962640124470748
0.05378876163692401	-3.9977844742330414E-5
0.06342611556999996	-0.00524926216198828
-0.06915923373730255	5.434387660188033E-5
0.01150943341240959	-0.005106848134514074
0.09217880466379245	5.214336810553338E-4
0.06943901112215829	8.409234239965601E-4
0.11072950137011235	4.4070727431237423E-4
-0.0790738643001118	-0.002608022866730587
0.08357607318760552	-5.729576232683155E-4
0.057167442106253866	-0.0024039504648702722
0.005219541447895543	0.009826075861735893
0.10598768647572746	0.004077233481056976
0.07955968402191992	-8.780717449274743E-4
-0.01932703592745291	-2.2951928763808717E-5
-0.003053017275879612	0.0013905492802802157
-0.22277843859889065	6.434141061991935E-4
-0.04695715868924761	0.0019018502019841343
0.0015726785796471574	-0.0010741411442810982
0.031991146241526255	-8.739328357366829E-4
0.1000072523150704	-0.001649857953917506
0.012232111500267711	0.027207415968565327
-0.20503215386077425	2.860523225916064E-4
0.00550563019824935	0.0014115136072436567
-0.034840722861258146	-2.3666102023148399E-4
-0.08935512938018736	5.354798238362255E-4
-0.071090850991072	-0.02399369048172159
0.08789832015557436	0.0024187541106154217
0.05916741569360111	-0.007956894576914059
0.14185892943748188	0.0010351048565684952
0.0868454578725732	-0.005311398997994747
0.01427034516038791	9.582939998961673E-4
-0.014116370193829518	0.0016522633955418184
-0.03364935012106819	-0.0019240530708292943
-0.010528184508584035	-0.0064706612520035525
0.013027622024136697	0.008769342046030932
-0.018314415580513513	0.015927120842039424
0.012981874473159072	-0.0022259351120061787
0.027502244683077225	0.0010153591476983362
0.13077973430839604	-6.776261931090322E-4
-0.0020174707406144365	0.0027503299406252237
-0.02890834335059421	1.4651721270247448E-4
0.04617267662429507	-5.800050500503664E-4
-0.06388018735922422	-5.520765678271082E-4
-0.1236188080440539	4.097766882145563E-4
-0.12287401220993528	-0.003194727622333653
0.06766958830421962	0.001341821302696874
-0.028797485351799195	0.0014646348487230838
-0.04392562211065233	-0.00486242783754949
0.03180096314045881	-0.0018065287630278561
0.004828636389884465	0.002809023055927479
0.012728647605409055	0.00565849140863737
0.02571666192351058	-0.002936401498589197
0.04634469276282923	0.0037729148777783075
-0.13705887187560517	0.001432811455615088
0.09078131521447642	-0.0013065834122489553
-0.04962381583325762	-0.004367140185040413
0.09605709931812195	-0.010665540527236155
-0.10833253493531617	0.0035135700360827927
0.011708460805404889	-0.0035796190483795027
0.09468423494712057	-8.604737634923601E-4
0.09701151385595613	-0.0012497306909312496
0.07650968238047974	0.0032418625034074965
-0.10119202978836342	-0.002722640623711685
-0.015749648597959423	-0.014202316087285623
0.06304190974853677	-0.014199269530725162
-0.09340646401564291	-0.00379672453821427
0.04915036237590965	-0.004380426965714672
-0.2154326601578167	8.837065606439811E-4
0.03919565985727417	-0.005501776173382007
-0.15048954407556892	-0.0031355631412643263
-0.04675418554940943	3.8018634862089037E-4
-0.09855177212488264	-0.0014005679238897355
0.11163860993794993	-0.006845654043442662
-0.10748833646483266	0.09682509043941631
0.07683581191681256	0.004855164186994394
-0.05214160634326535	0.0011049110792239211
0.02419614493093443	-6.465404233535239E-4
-0.0368958219806355	-0.0035313522543885937
-0.04512562323808114	0.002180447902951239
0.07897139165391583	-2.2600354161528822E-4
-0.05702352171860407	-0.0015982138014596589
0.036657614595831625	-0.0026915675905341448
-0.10785405663197839	0.009015966544531203
-0.03203073088664058	-0.006007892277669463
0.15330191805484583	7.767717469587054E-4
-0.09717860398175227	0.0033298871930713334
0.07107976994961823	-3.8262532996244185E-4
-0.026328232852750575	-0.0055294260074370775
-0.06601791418708154	-8.506212142670005E-5
-0.08355542658524366	-7.979623693399648E-4
0.009432356224402085	0.0015021350580548415
-0.1008630502555912	0.0010321218678644047
-0.02013642990725679	0.037862627234336955
0.049117837828196606	-0.0032310194885026788
0.014987524767672553	0.0034561396858496123
0.02983051228006907	3.997488721443677E-4
0.1468485518232742	-0.0013384101055538668
0.039310088924490505	-9.325092988947699E-4
-0.037445164477710804	-0.004264108896284216
-0.04275787245232666	0.0013727148158873797
3.31211041470038E-4	6.736834749176095E-4
-0.1268283705236818	-0.0014806494388909682
-0.034399448265284044	-0.00149963959026037
-0.012198467102749506	-3.3838046554957957E-4
0.032859907206365994	-0.0015670744471788611
0.047947504332201525	0.0034829762820951745
-0.036226605844956086	-0.0020405569257218956
0.09693332316813681	0.0017023890221237743
-0.05487665613062338	-0.017467341734164775
-0.1653244167796788	0.003349251672092593
-0.09318797293769739	-0.01619205437538384
0.06705315975847588	0.002542927008277796
-0.03116222812386909	-0.009029558199338381
0.03791150726351933	-8.204278449356154E-4
0.18115364497612027	-0.0028087491644997313
-0.03469713742079528	-0.001802453204290019
-0.013582454065946553	-1.7102325567977034E-4
0.036904920710001905	-0.011300285867344325
0.08950529765265794	-3.8103736450335033E-4
0.03076867026497557	0.005597132760368053
-0.10427073876332082	0.03476081184191206
-0.08093680707545038	-3.7090448801492965E-4
0.10181283171709676	0.00606069408786431
0.2149154884303287	0.0061434603771987105
-0.13034700444137	-0.006398243729755207
0.11286351423384572	-0.006346496122180654
-0.10108198175842223	-0.002120994532733613
0.029442127707273492	-0.0026751026304141132
0.005791277178856013	0.0017507135465142265
0.13509097910846826	0.0027664150118021577
-0.09868213160171357	-0.00493270313487237
0.09401090005216467	-8.680066216489947E-4
0.09482230663911295	-2.757497691628001E-4
-0.08159605886811636	7.606633843195801E-5
0.0636595783339888	7.846550515601035E-4
0.015580422613001185	0.0018165715739182097
0.04695566913005774	-7.659880608395724E-4
-0.19921699066563983	3.6779925846483735E-4
0.17007322376374548	0.0016646305756955859
0.04516302412363934	-0.0039336175493265004
-0.010256127190914264	0.002756706903987541
0.0561495643062355	9.733084662791104E-4
0.15231443956904953	-0.0012709246892328974
0.00298733099481904	3.641094116839813E-4
0.14693943377583066	0.0017042161393667887
0.02486300668598123	-0.0027211640830739547
0.013945039078644292	-0.01149404124638491
0.0034344249311957964	0.003743764974327378
0.17958645646110838	0.001263874030650306
0.029847791629296738	0.006452028812539651
-0.06505234920784464	-0.005377259435870454
0.06970239674880806	0.009653152951453014
0.11444337906089834	-0.007562409513209588
0.04704933625111233	-6.062227332110463E-4
0.012797188385290877	3.8569731065725557E-4
0.0666050933698009	-0.0436573662706605
-0.09681583688594204	0.0012024679249939062
-0.02115295623116407	0.0014861671723153563
0.11164371448447682	-0.0020898634428299285
0.15820107787368384	-0.0014005362461644451
-0.1002485593823942	-0.0031094210282682565
-0.059448290956966264	-0.002121463550142936
-3.7082108932527365E-4	-4.48953948070207E-4
-0.06206872196953587	0.0016739181180493617
0.09319518746334715	-0.001507811014988296
-0.10694244019506817	-5.267015324531883E-5
-0.08003999297235827	0.049579306127543105
-0.16305783083675218	4.471553578303323E-4
-0.09955883034064232	-0.002479060932770897
-0.005117311000073887	-7.322241809507414E-4
0.009753600050809226	0.006527100620325812
-0.08498490705743694	-0.00167720485247683
0.008955410577718172	1.1042621256107592E-4
-0.029927146788315383	0.0021386424771703935
-0.08849157725365774	0.010890310195418605
-0.12074408824290617	1.504988796451891E-4
-0.08072962356341416	-0.0017025933391973192
0.022512166106210606	-7.333352859219902E-4
0.012608274362810791	6.165697680401955E-4
-0.006073618848657	-0.0037105372827582446
-0.062320721976030946	-0.0021270860250465454
0.012513989148028872	-0.07860135163260838
-0.0034602355958565215	0.017626982452916405
-0.0639324104461872	-0.0028885421682802778
-0.09458420017760295	8.038521156322956E-4
0.08327789056489635	-7.532981347187792E-4
0.0714423543028338	0.0019743464753730665
0.10913568028132317	0.003988987939509935
-0.08839801652877018	-0.009941030472326381
-0.068222602809297	9.779832419164088E-4
-0.06623880787045679	-0.002179199468839443
0.04892458570597639	1.0438932893478412E-4
-0.0877290993120857	3.028543354696698E-4
-0.07076389804348424	-0.003362173697248285
-0.00502123163324675	0.03061096129233286
-0.05613574814755734	0.008347061241118824
0.02777621599758913	0.0023478839940559142
0.04545215213547505	-4.7927043538614354E-4
-0.036257018608252166	0.0010755416235204416
-0.015549723916731576	-8.148538082736368E-4
0.09856528889476417	-1.0533377643972611E-4
-0.007910908082812348	0.0062887442740382875
0.026779375379597493	9.551628739884346E-4
-0.07062786824723608	-0.0018272779325444674
-0.01743684947816664	-0.0011950515159088759
0.003880657606693605	0.007516974133191388
0.037607897845704	-0.0017648832244084318
0.01511004123928545	-0.0015470707294414866
-0.04373009152562519	-0.0031946686141070516
0.0037391346861381076	0.0016141425704923073
0.17331941651869498	-0.0031869582722142144
-0.11814664424440205	0.004288677779792767
0.05926272758537239	-0.003638690272995481
0.06098960762414116	0.004755363898237852
0.006970694382409541	-0.007112466232628911
-0.029071551162388763	0.01862784496714979
-0.059633142150865584	-0.0031586347410539864
-0.06366293585156303	5.051893798480811E-4
-0.06638802034781324	-8.03641420076166E-4
0.05635511768216412	-0.003691810903046421
-0.08789799156775857	0.03717935420073667
0.05120428211506045	9.945135839361805E-4
0.048690059258666846	-0.0011675757136570813
-0.053800510490586206	0.006915858943984961
0.01444933847099005	-0.002208838258914113
-0.03277404186025554	-0.0014611737250512728
-0.04042225537200752	0.0015900409507214584
0.14830398232743713	6.915306154101377E-4
-0.03177147820654847	-0.001959022532969463
-0.02647510113161303	-0.007025395183842858
-0.08061601465409288	-0.0027300232019916368
0.09624669414981539	-0.004424377923161665
-0.06972088949743682	0.002709250297033194
0.07043760198609271	8.989164938736919E-4
0.2073821722468594	-0.0189780314358119
0.06573207650875713	0.16548098778048745
0.028477033437253687	0.0017548157537662916
-0.04372763313764125	0.0010420185063248447
0.045404833341217574	5.416386968971692E-4
-0.11397976238514926	8.005823979860115E-4
-0.051935349316558875	8.3918407695039E-4
0.0969116022416881	0.006378725131090891
3.5996987093771894E-4	9.964417072495827E-4
-0.06421195421916856	0.0017212333405246644
-0.05972603561071394	-0.00888789904901216
-0.08294953054569325	0.0024269534841035627
0.12331103568390132	0.007803294967528757
-0.11091238053050499	0.002639935872845096
0.10711122777243452	-3.356578294822064E-4
-0.09719835304200812	4.2127641604530785E-4
0.06379313216453593	-0.010796559394689296
0.04910849667742298	-0.003098317192336182
0.0027203425628038935	-1.4464095540248217E-4
-0.0018749682213845213	-0.047514392323524175
-0.0730447040042649	0.003137244388264018
0.020214814451265148	0.001429423540005436
0.008226493860757744	-0.0022083216369047217
0.10516633875369814	-0.0014577240800391917
0.00730526288841239	0.0023154991642725846
0.17249705602369395	2.5622007384011174E-4
0.0012017922199092563	-8.646770539581115E-4
0.11227902923567085	-0.0020114130250090826
-0.01665463095355776	0.005304459440549053
-0.061025514223756995	0.0016433685710324803
-0.1551601686489892	-0.0030676968201282726
0.020803841847090308	0.003156628486458836
0.09221494235841265	6.11808457009561E-5
0.06610630306819595	-1.7174151569036136E-5
0.1440964326979541	0.0015586119239082514
-0.08057937313559835	-3.180788762114464E-4
-0.03841558225540327	4.446068506329345E-4
-0.04400189013950605	-0.024249872422988858
-0.27715573007715544	9.251964265594863E-4
0.1370068467521544	-0.003933672468734019
-0.10646681059449584	-0.00705101134933852
0.10421683038371687	-9.95258520638863E-4
0.029636052265741508	-3.609304728136566E-4
0.14642441624608923	9.137167961856707E-4
0.011651004043407406	-8.38621934993272E-4
0.02352249906549559	0.006400673705261086
-0.050764060989603094	-0.03653612430556855
-0.09036305980906567	9.98281203460887E-4
0.0802558479353028	-0.0013589109954983073
0.12382370019101743	0.01899435063968491
-0.01844340305005482	9.535586916900093E-4
0.05433865528820705	0.03733609736454129
0.02818851828196431	-0.003414419201618808
0.1391249340038534	0.1049697790828279
-0.016359541296536165	-0.01599839515275141
-0.016407075495426835	-2.4222432927564053E-4
0.10726440635800238	-0.004885092142809438
-0.10005927732909015	-0.0024735112829440717
0.08061262958593197	-1.5077788687998018E-4
0.027797271278519196	-0.0013213360462955973
0.015153030686032617	-0.006883327608413948
-0.009375468590198048	0.01444015225501148
-0.11055609477502158	0.0046487495823533806
-0.04188136648725535	9.506131508103492E-4
0.07101515949391636	9.919130880585825E-5
0.01472511635623431	-0.00525636425348713
0.08006280333883015	-0.00395561556365714
0.04390936780975922	-0.013186446232212122
0.020419555581477716	3.5403975214879957E-4
-0.054338149941297334	0.0016279490290856125
0.05941008605443867	0.008792797218265144
-0.05295084603190908	0.08594356604312897
0.18340110898100462	-4.427055129426768E-4
0.05363776292903631	0.0073594021194778435
-0.03133961397870691	-0.002914323431244058
-0.016147200632866027	7.004661976166052E-4
0.15496253082596914	-3.3638772859858466
0.1340541323979826	0.0031627908178832017
0.07379434997619094	4.1106709559285843E-4
-0.10285759613571892	0.0032720506003807016
-0.10886904366679727	0.025414196369081998
-0.03626328034823622	-0.006801006904920483
0.04161113539746901	0.0030177865579066663
-0.14227838911429128	0.005741540136535592
-0.019891602235455722	0.017896572073993366
0.12231994411798348	4.203079629656702E-5
-0.04175462351623158	0.03549479928267038
0.0771055636901867	-2.122758972533627E-4
0.09152876203501621	3.371283311046455E-4
-0.041412678173145416	-0.005432854740422789
0.07061189119092272	0.0010325303968084377
-0.0511922433397375	0.0016354507643660838
0.11058012564084652	2.83767643085305E-4
0.01055333824815532	0.026708199447837037
-0.005662176341453636	0.0014393815402228946
-0.0911570430018472	0.0020708172599282685
-0.26551142809604417	-9.452447778082731E-4
0.08824957513888038	-0.007441346421538702
0.009690298135618296	0.04810888845495887
-0.05378200364537262	-5.930249694528628E-4
-0.13463415891848615	-0.0013493576869143497
-0.0834668520106595	9.498310653119219E-7
-0.036438652533371786	-0.008988228697193375
0.019065952840794865	0.004060904362105971
0.02297962252782006	-0.0011573147404887727
0.06533351929107402	-0.026344415236981843
0.02107573859449855	0.0011285836956882475
-0.011223489055064137	-0.06459558030458058
-0.17230851818443663	0.004863644894983127
-0.02220674183499096	0.0011229860321487403
0.1404228760378167	-0.0014672150545343699
0.11577256765665375	-0.0031010939155398077
0.08308178924731667	0.07745576064208216
-0.23239551459246646	7.283171123280515E-4
0.12578114423937242	-0.0031530533532175297
0.0457794764023163	0.001964514527754811
-0.015061601598786254	0.0021337586093445964
-0.013756592014155179	-0.0036763019673572324
-0.09131597852136542	0.0016860794886574104
-0.06697752750179393	0.001498878653457602
-0.015243489673625871	-0.0028903385519206564
0.05328478226936903	0.005916644721261611
-0.004208461865668224	0.002566434767385183
-0.0465701530607515	-0.0015828916290221257
-0.06343338866239016	-0.0021760799673133627
-0.02553789083085819	-6.212003616527538E-4
0.12349701954427852	-0.003057939742334444
-0.10179594827565074	-0.0019733905650308253
0.024085718577032428	0.0053108345722336185
-0.0026172368341160542	-0.1452924477683274
0.0012688972165968218	0.008020329072921425
-0.11600769440083009	-2.879083911442592E-4
0.1712257196888219	0.010397050929406938
0.09313908609258484	-0.001894243217118491
-0.05052072542173069	0.005965925560249151
-0.011808920441203827	0.007039009833047126
0.03471637089789149	0.025899433117434527
-0.1465417142951253	6.59491814728318E-4
0.015506659545948964	-0.0016138545549447252
0.0635162312059502	0.0022656531472582883
-0.10372210864403081	-0.0012357614272366568
0.031155595705426222	9.077944952985767E-4
0.008328608307760903	5.378944091293224E-4
-0.038226284662602326	3.5530080379374686E-4
-0.0685370914713502	5.333082053225336E-4
-0.06641054671180498	-0.020368043230018514
0.05625741642649214	-0.027700910590622987
0.032717438440367085	2.4692823281618695E-4
-0.06468201863299329	-0.0016584846236562195
0.07577075202294703	0.0038117498211186346
0.010200343326260786	-0.0024536596579901515
0.11299927194469023	-7.523738119752345E-4
0.10594665810430219	0.0012856386979953748
-0.013713702239729208	0.00317199058496492
0.0705083889058587	-0.0172550710776788
-0.047368186506037094	-0.0016506334053873772
-0.01253979491674204	0.0025742754152064014
0.003087332705997296	-0.0018065119845661229
-0.12771515655393043	0.0011465881938063059
0.00448724265820066	-0.007359153117545283
0.01785070799042363	0.001140729996171044
0.028051336463294763	0.001692554077164161
-0.15023198318426045	9.029066798275228E-4
-0.06651502992549052	1.3526669997014664E-4
-0.180064225332942	0.0015140025994248901
0.0606476754197134	8.026637918190936E-4
0.1130729006040936	-5.691668821417383E-4
0.013215142049703017	9.098058038897267E-4
0.040535857982810085	2.3426425669913822E-4
0.04021964261414931	0.0017188098266902037
-0.09259557311189585	-0.007111145891827084
0.22669299684940913	-0.054459505456251084
-0.057495432161723356	0.0032173004614414217
0.17256572257192784	-0.002043659372452162
-0.06387363721769686	-0.023677977066303077
0.10465947237656632	0.003222019658315189
0.08874083457133096	0.0036376948011816717
-0.06610089028726697	-0.006501876089223843
0.0767270406502517	0.0044743128550744264
0.004477997614312935	-6.147573967149571E-4
-0.054356156509913815	0.002375085193660765
0.17422353591758222	-2.573373936440941E-4
0.10067540883024	-0.004867660390319259
0.18675734929524024	-0.008409806040088109
-0.0772855888323213	-0.0013804584207921893
0.10061746790097043	3.5725718096627987E-4
0.09446626963702809	-0.01874020903257739
0.03761203769880664	2.31024691394609E-5
0.011119474143319012	5.887390172411813E-5
-0.049047391935006054	0.0030776732206315087
-0.046066659051415014	0.014111997244219862
-0.08408957180676065	-8.673560439363705E-4
0.11849119347452246	-6.990197279446418E-4
0.04576339797875967	0.022478089926364065
0.07336845721792826	-0.0028603539158066535
0.0604987882724799	-0.001097970144432827
-0.20151447627205757	-9.934411676901602E-4
0.003011996295784608	-0.002344102635431061
0.0698790173166706	-0.0022312271895096477
-0.14592729655333667	5.176895802370977E-4
0.02721725896997568	0.001972996657781535
-0.033502144903207125	0.0014545801101538307
-0.2088658368847653	-0.06828443034291547
-0.042566846528728386	0.011984826140603927
0.020029259856504517	-9.53306422585561E-4
-0.024102077495618737	-6.527900797339847E-4
0.03457984038457367	-0.00476231587327934
0.07596471535218687	0.0027068945757917325
0.041929205816091934	-0.0022174448361017337
-0.07948299492899093	6.43784600698969E-5
0.056974863308273345	0.0013960613348053224
-0.2256712273127074	0.0010064612638794788
-0.03373348463706228	-0.004360724137433489
-0.12574893308365834	0.0030932462922238072
0.13812413536022938	8.722029142042111E-4
-0.14193976560472066	-5.396033869465915E-5
-0.006487996065529694	0.0013657933861387916
0.06636691061640161	0.029103176451961418
0.21932636729398614	-6.082708004880627E-4
-0.010635136117093293	0.010742178992056602
-0.03316046115502739	-4.195770345432177E-4
0.029121374446336445	-6.166757338382635E-4
0.04728036104834551	-0.0038182895442774784
0.08355726818211769	0.002420026369594049
0.07143624608543132	-0.004077473427797652
0.02207936914290678	0.001356853794779881
-0.12022860143875488	-0.0018184953863521012
-0.023087505323374644	0.004236875630690551
0.058860945974029896	0.02252691479777492
-0.15242221386251242	0.0040622054621425275
-0.04112472001980969	5.479495658670506E-4
0.1647999107987259	0.007487361752264283
-0.03693044495549509	-0.0675463230469939
0.038898530192840154	0.00842034606940644
-0.07150853421342859	-0.0016859079974780365
-0.2527785110293431	-8.672154604162925E-4
0.03173188076395189	-0.00101731734363136
0.017942666785490252	-9.855293466807353E-4
0.033207220240937814	-0.001476965241331579
0.06562272593172631	0.004651621767083163
0.12068235843564161	-0.0041246824328312484
-0.09435273891169749	-0.007560617182367076
-0.017851635782905027	0.03099645585588264
0.06603173905217806	0.0069224449647607815
0.02271877676631797	0.008324148144982212
-0.15142880795213506	4.167960537168938E-4
-0.0693742081618273	-2.1424236478252378E-4
0.09308702748145396	0.007658037645753026
-0.041736229711689436	0.001867492045785322
-0.11191523960669877	0.0016346235346127672
0.012172849909226496	-0.0016244150171382285
-0.11508346683713573	0.010542251097313344
-0.028025114175476092	-0.0010174947030594495
0.016944038269878017	-0.0015544118374016091
-0.12285258990563645	1.5829917279519342E-4
-0.0065395825971836154	-5.768303284694397E-4
0.020809370523428156	-0.0016726531666986888
0.03883253218057823	-0.004500430965827006
-0.09442776397026137	-1.7346890041467674E-4
-0.06961393587867488	0.0018555107366833633
0.06053141150338005	0.007801851639321364
0.0015598075947069552	-0.0030096709055143066
0.04585785705452529	-0.030975362297198696
0.13262519865876995	5.67819189495117E-4
0.09371165355782896	0.0018886853792142622
-0.08476148043187562	0.0014075531993101296
0.03599771678972576	0.003693439563712378
0.10308503100269674	-0.0032646372169543706
-0.07333795255715701	0.01190006848784508
-0.11953561054548664	2.2726515436295464E-4
-0.04280605073621999	0.0056158899590771465
-0.14904755649080487	0.003807696541416762
-0.0661033186709014	-0.0062897174478888755
0.14121336821984318	-8.021423037328172E-4
0.2165064982596005	0.10267918282424585
-0.05813074205778977	0.0013414397899472602
0.08085400322566014	6.159398027983176E-4
-0.01909787172480715	5.771005925402536E-4
0.01067838030287232	0.002350738464107218
-0.030253485530004346	2.974910266904753E-4
-0.019784663744376624	8.375378440273955E-4
-0.04230905541699518	-4.172471337590187E-4
-0.05335831589164646	0.004209587426600872
0.10240914117005033	-0.0019886258336943943
-0.0025306803890939584	2.2216762352370926E-4
0.03230444689101095	-0.008487830977167637
-0.016937336510008345	0.0029186899855301574
-0.13985945190592847	-0.0024132010716673515
-0.1403212920566183	0.03670323687950142
0.10072927815670724	-1.8046552316245253E-4
-0.043494532301067895	0.015132448061714375
-0.057003758663055716	-3.9977853500085145E-4
-0.016524175213860216	-3.4322018619184984E-4
0.07731613516732763	-0.0014023462003200573
-0.07495556670610859	0.03748925088731249
-0.013799005386762401	8.504725262791254E-4
-0.12210008797041827	0.002857939361067204
0.049524909355953994	-4.560425628483967E-4
0.07395315258293893	7.44013336667516E-4
0.02381274735656065	-0.002803100078775109
-0.02292542803137644	1.9489495760478757E-4
-0.15900221785006927	-0.003876682073729972
-0.15613340158001596	-6.32972665774251E-4
0.09544852671732106	0.001413339693501343
-0.03470909878698847	1.757327742915767E-4
0.04076146102247762	-6.150321725731245E-4
-0.07231160253388354	-2.308505330998724E-4
0.14781103244732777	8.746559818520098E-4
0.1080942318211281	-0.005011898210286582
-0.10017811304880361	0.012863700083868687
-0.008750584368222446	-6.386408586045214E-5
0.04871850578474087	-0.01490046999799609
-0.05923076718595039	-0.018187435206285924
-0.15016513441993173	-0.001391696514848456
0.02703020842033979	0.014263499055780199
-0.07375488175904152	-0.0010897124708835852
0.01282533604615012	1.0498400105463348E-4
0.007151303680448681	9.578564749030852E-6
0.081413220552513	0.0019741449383127753
0.030278374193539417	-0.006523256440826587
-0.19250538761846883	-0.0014652461598264302
0.005019673438416238	5.591796791279036E-4
0.008878350056370578	0.006142547415615145
-0.05660118538012316	7.848901406493089E-4
0.12306191336334928	-0.0012603784545407101
0.046490483898404204	-0.0017679637211924252
0.057642753223334946	-5.475341852681406E-4
0.10609612584094075	0.0015576027845251167
-0.005073414972909868	7.28975325364888E-4
0.032333611396908046	0.006312196329453264
0.031017197473524032	-0.004513091491248979
0.06813297866197944	-0.0014323869186472949
-0.028399225568693367	-0.005844650932937513
0.005246389683279342	-0.005431685204730021
-0.0458567865529382	-0.005291840888727447
-0.06911227298342609	0.001278073918203458
-0.030500207681133457	-0.06544447720475488
0.13641551854610143	-0.013452532749218154
0.025598285130084567	0.001997668237757133
0.06342739993465572	-0.0021332353975474917
0.02481203510375981	0.018278085036404133
-0.003313817775220387	-7.771737975506204E-4
0.06549603049914952	0.0032024670991947627
0.11191732648075589	-0.17197245664895844
0.037048147875273246	-0.008743702136547156
0.08754799691501822	-0.0015331507045320601
-0.14896064017284347	0.005870165163207288
0.03395763741931753	-0.002797548195574075
0.06539968564241325	0.014555768384698466
-0.0408798143184291	-0.001099429840303539
0.10649728285624821	-0.0045821544905507135
0.09280993033756499	-5.601801122299658E-4
0.004082682351524318	0.008080716477492395
-0.011415440528158708	0.014195837745264263
0.09120864580952744	-0.0063808521250041965
0.044569489294011395	0.0019086610618204503
-0.002842052140644927	0.0010356994791837697
0.039950119492509886	-0.002420515380014301
0.21244917001626232	-0.002583930486051345
-0.09371645585760194	-0.012070825501429091
0.09108820322428166	-0.0021593242297068102
-0.12096660371796127	0.027738258268257102
-0.12703632668643816	-4.4371351848415425E-4
0.0025088630611043612	-6.04203558302458E-4
-0.07177709576244197	0.017746421049379953
-0.13332488026491704	5.13383933745566E-4
0.016809584057972036	0.006399204957059615
0.025501560758667476	0.04513547356811673
-0.016383059726765674	0.0031417183820257686
-0.004959459336076578	0.002420018186314351
0.004695686416604275	-0.0039020984023565805
0.13323193115395915	0.009786203006328955
0.04793279246678311	7.223532157981327E-4
0.01681749261469454	0.0030797186696715217
0.03939441724551086	0.005749228395847956
-0.11319549860345922	5.592778551997919E-4
0.021519604039636202	0.0024749833209290026
-0.032354237991367524	1.451622108353932E-5
0.008082876623838603	0.010929747769087743
-0.03579234976216681	-0.0020838716176783583
-0.0948459080982263	-0.0015943922633604875
0.08288030338233182	-8.038566546840482E-4
0.0018578036454144746	2.226671196222322E-4
-0.08500423538280914	0.009565489632850139
0.11147128626724327	-8.628574658670682E-4
0.036400391607712156	-0.001639888956988557
-0.11125240915389176	-0.003096287135639325
0.05031884606334311	0.005922426387214729
0.007575366459731599	6.892761813607331E-4
0.03816513697737153	-0.001333634752657164
-0.012168007419407097	-0.0018075872302813103
-0.0957785466389031	7.073143718439541E-5
0.20593695870033732	-0.0033040940256378014
0.03688161712237768	0.0012825799566092936
0.09418765374085213	0.009135214054340942
0.04551449203950646	-0.0032473756810468516
-0.06629449196819001	-0.0020281758175731777
0.06696012243898712	-0.028846122961336103
0.029457169908220535	-0.002650672885392483
-0.006697794564116732	0.014487341283780854
-0.030152856365882687	0.00766671932913777
0.04611038967162537	-8.399602356778855E-4
0.170363358588501	-0.005023081428434885
0.0895596892634055	0.0013680431959351867
-0.14186320959774443	0.001460114421655636
-0.10010606532794371	0.003619956580766143
-0.022007100198873496	0.001235679243193114
0.007206511652149566	-0.06525851422272226
0.057481211572953536	0.012867679432460092
0.08496317905169902	0.01965234998588657
0.13622942356109538	0.008659408087665582
-0.016013245874798625	0.0025466028428134074
-0.05439978393253586	-0.0012957823419832261
-0.11829794403427077	0.004033276269565786
0.06909455107404978	-0.008197488849519015
-0.1022330540170791	0.004786133422932128
-0.05228932251341433	2.1873706845351701E-4
-0.1545020076971134	0.004832741293254702
0.2041890743531134	0.0016660262155426874
0.04775532023852594	5.818017902471707E-4
-0.06386251177505804	0.0014031150520291999
0.09666981849913739	0.0025893112613878722
0.03777803607603957	0.0030040185545000854
-0.001432732660526285	8.211296678419899E-4
0.06532482060747823	0.0838479413850486
0.03170016359097959	0.004194876292247424
-0.06939708812144278	0.01421912261854023
0.0527293361144157	-3.756414316235048E-5
-0.022185532737085144	-0.007243329256917147
-0.006079582934783437	-0.005890879206520888
-3.4058163706851975E-4	-0.007515273819084013
0.03456983438970869	-0.05396924953971078
0.20897385016086667	0.0014175320818635843
0.1429185011890125	0.0019993015937431577
0.06468384647321514	1.7974614856290156E-4
-0.011431977619304116	-0.0028460635282867262
0.082010739130738	-0.003077486946426654
-0.032007631538745716	0.0015688612266877907
0.12979539981270097	6.530991606925174E-4
0.04766354256111821	0.002363977604439372
0.09282699448329554	1.5650822691422827E-4
0.07228339834609024	-0.0030344903423149775
0.07478027755633096	-1.0263774730793385E-4
-0.02564400860516537	0.005272191983489227
-0.08136711196837793	8.184129721803685E-5
0.037551353926882115	0.002494028602519177
0.011689296086737374	-0.00582908022421814
0.13258140242695504	0.002341414346710614
-0.10807417714535213	0.018736339766546033
-0.02609860879556201	8.444702372680214E-4
0.03355286184265539	-0.00178324093354762
0.059772786547893995	0.009939323525859533
-0.05677018308392071	0.013608661661561435
0.030995614664317155	1.163170530796862E-4
0.03641170710772356	-0.0023314238752130062
0.10709945903982795	-0.0020316066047571624
0.032564590641257045	-0.0022134231846463004
0.08422192826811035	2.987468273813062E-4
-0.09042660744256975	-1.7506724182969318E-4
0.04200405665170207	-0.002947086959122432
-0.0580153200767973	0.002014490067004351
0.08628476276198405	-0.005758327097894779
-0.1354455862623314	-0.0043130359943148264
-0.05586286586941632	0.05590475276759483
0.023792234468904796	0.002173847221557642
-0.12553332824577304	-0.004200434422312141
-0.05626700161317051	0.00269612465261122
-0.12707696331823815	0.0018477922407510352
-0.049595533376132345	-0.01051690904401922
-0.07705401622049474	-0.0010458167703241905
-0.046460053421589424	0.0028650584304200978
-0.057952995535392834	0.02413892305057095
-0.0767034433807013	-0.0020910154770759906
0.03245187862334701	-0.00353309662734449
0.047537338971838115	-0.0023885369392769736
0.13469883861026685	0.0032691999007866826
-0.05348311665216004	0.004064213297680524
0.04199315151440587	-0.005204924160504871
-0.018435661934819433	-0.0033159459527430132
-0.15468291153397795	0.01282747778827911
-0.13823973263148293	0.00195364289597211
-0.011521755208615411	-5.154065384595513E-4
0.05912781892403673	-0.003446281164273155
0.20232613779477512	-0.002815689763036483
-0.08539838580994241	-3.186247704984307E-4
0.028411806742702526	6.916772123501398E-4
-0.017294820174355376	-0.0013604015210273144
0.14997177487137103	0.005165934826938476
-0.009562036315346543	-0.004549329761083642
0.0672941284525911	4.5224100711184115E-5
-0.10687033401384254	-0.3595499034301285
0.07912023420340704	-0.0023316214904408146
-0.05342072256823459	-0.0022295221576306926
-0.019156282175013584	-0.0017897649219959103
0.010830282807205147	0.013984924776287606
-0.29085036758608	-0.00422306600219365
-0.12412573794913238	8.269863621329714E-4
0.048174381616704405	-0.002051152306154238
0.04973965577997448	-2.3459973707262236E-4
0.10988211536477537	-0.005866567841668558
-0.02488573690715084	0.014265164362302763
-0.026282387476806925	0.0037380200959389377
-0.03681649996804758	-0.0012478086019523614
-0.11191626290942262	-0.10477466871179072
-0.023931483857678702	-0.0018049264294028578
0.05309814977164686	-0.0013754321757880612
-0.06946025928444768	-0.0061031034999115665
0.038486705762822586	0.0031776468859581286
-0.07281657509365075	-0.003215723264822656
-0.21132380841335832	-0.0021005373983127955
0.022487002427388596	0.012145248690203529
-0.06250533761466107	-0.0012129981336962677
-0.05133133194353232	-0.0025882211116246244
-0.010166670382730508	-4.692683742125889E-4
-0.012420495649886327	0.002667393586671784
0.030534288285433083	0.002147960946812886
0.08611442889186383	-0.0011191203667306048
0.08998023938999569	-0.0032849135149163014
0.04707825891547651	-0.004831517397304208
0.008633895675351612	-0.005018081936439506
-0.12089308651307881	-0.008487606494109963
0.033912749712979126	-6.011576661640884E-5
0.024628224284820102	0.004953097748091596
-0.014764305434376285	-9.467178842371867E-4
-0.14162047477917453	-0.0014096903058420157
0.0030979665066567584	-0.005171336143671835
0.06377210131667725	0.011381328120024771
0.12708678406603924	8.29867708316461E-4
5.492395134049247E-5	-8.050184414127025E-4
0.0016813874722390757	0.0022899073711409516
-0.040368617582825436	0.0021689385913566963
-0.2751078556676836	9.018280794523064E-4
0.13493318043042957	-0.00648729371569999
0.02237336902827517	-0.0012154176181694255
0.0314042245589712	-0.02177507410085419
-0.03210599173809019	0.002057287912126293
0.0345570555446631	0.0021933003928069563
0.08899620954239112	0.07156994309271175
-0.09440677773273493	-0.00677933556456223
0.0818812626195922	-0.010453354525023065
-0.04786700844220852	-9.65717212994468E-4
0.06892355152957375	-0.003176578872948106
-0.061292712621970696	-1.0727184621081106E-4
-0.10329341921325254	0.0027939622816536736
-0.001974546423689836	-0.001468314771769599
0.048393066692352514	-0.011352433644333184
0.042519713521711126	0.004096700405650195
0.048719780803888224	0.0012672948788327288
-0.13659665807542534	-7.482500828467216E-4
-0.08984894314517074	-0.013927836768086246
0.05343928674153696	0.0017154849073338454
-0.13454332406720182	-0.0027960653966617142
0.0036810309653521754	-0.0015843473734928298
0.09810494894281062	0.001605493062157449
-0.1150775987727912	6.231316022542406E-4
-0.17412357245566024	-0.0024944345654797683
0.11070032846189765	-0.0036328985939401842
0.06878062413412828	5.706148487859054E-4
0.04851496302535667	0.004031852173133653
-0.19417842050483727	-0.0015674623767386352
0.11071107446978688	-8.803351837442339E-4
0.06914715425998803	0.0023894798276743166
-0.06093540920782539	-3.8455025769252893E-4
0.0695120195829118	-0.0038527164837124663
0.00933067022721165	-0.0017304510571027922
0.02270748897118572	-4.7809947143394847E-4
-0.0064471235310258205	-0.001684029018748884
0.08104091782335168	0.008027837666071997
-0.2104640767861957	1.0564637187043264E-4
0.02871997805423463	-0.002008142575681636
-0.16960260712046019	0.0014043242271357614
6.153564843227148E-4	-0.0031862064016473478
-0.00957003157212206	7.041335614253215E-4
-0.19516324902959703	-0.0030659189205562393
0.17076715451460936	-0.0015991651219173417
0.13823368695759533	0.001304924509762956
0.10075913436715678	0.0037080977298525595
0.09418724652238392	-0.0016619332236087975
0.04588957344149714	0.023888974444459903
0.08645342476126293	0.003328018051487364
-0.007204264508538159	-0.002334908334258579
-0.1327102246544429	-0.0038330696871259735
0.01239588367094573	0.028999916264259108
-0.09392150897594248	-0.0025973498767211415
-0.13079593905923362	0.0016623189164387945
0.025683922294721977	1.3916169463735548E-4
-0.019000788067306054	-0.0023724334959481386
0.07244296465336636	0.0017503459801927325
-0.12896529709940494	-2.2507881582842267E-4
0.1619987126136252	-7.665574380424215E-5
0.1341229332106037	-0.0011711530809442343
0.00852424373057101	0.0030402108068910854
-0.03744687238428119	-0.003085159081308713
0.027732382893202692	-0.0022258331043998863
0.08023140076902117	-2.0788014094251837E-4
-0.0033117634829475545	-0.003119373821361045
-0.03396117102143716	-0.0011538932600446414
-0.019019431712054943	-0.0011389478885638802
-0.0010930460577712592	0.005499321339712678
0.056412672585915216	-0.006892559131700183
-0.11161345499393993	-6.056997386709665E-4
0.12892650019490867	-0.0023501893382305164
0.04325792239790665	-0.002785972564735702
-0.10677864529968034	6.862513610490032E-4
-0.10513725468248944	-1.4132204446891993E-4
-0.07559246574698664	-0.0014704483532986968
-0.08193397068768847	-0.00468247925422991
0.052745698234847656	-0.001751188707248675
-0.06870070825289964	0.0018220240117409333
0.13106513574348858	1.0062627363909753E-4
0.03441273437006029	-6.315828873742667E-4
0.054947891463290384	0.003687752753295199
0.05988334599903651	-0.002471810856736664
0.10649711245844627	0.004984260943589243
-0.001735835116462727	4.23818539011764E-5
0.036546605291079025	-0.0015222633633630409
0.01445259870444022	-0.0031718513497749593
0.0757645173827179	0.0016772977007449444
0.08194020712255567	0.02519146234296812
-0.027271082507567317	0.008652191139655912
-0.026277692341080454	-0.009662013718042152
-0.013221699866286784	-0.0016607800720283186
-0.09811318624840208	0.0010421554716049746
0.07756539784709517	0.019272419452407083
-0.08728698777594125	-1.8961760331518007E-4
-0.08549942096648223	4.452140136823922E-4
-0.027384831757341174	-0.001385654291227718
-0.15310354883522367	3.179192370353239E-4
-0.019787013930837788	-0.004188707180136437
-0.18772047541683096	5.5346494134074236E-5
0.13193339060253476	-0.0018474079002441988
-0.04266034847990877	-0.0033726635330771967
0.06253516629633221	0.01830983439870253
0.04768980871895201	-0.0028151001042886117
-0.10352791100617441	0.0016261766799999181
0.03705006360698987	0.02933629925835785
-0.028787163487839395	3.9083722047820275E-4
0.13618678868477818	0.005447722412009082
-3.01522969154256E-4	-0.002682468290702471
-0.043729901852555646	-0.0038417969616049304
0.12373766188298088	0.0019161013689772
-0.14847835673863208	-0.001013202785449865
0.02342872062623011	3.8747744093362637E-4
0.07785275965526825	-0.003247256620072376
0.015408241412080513	-6.505911796214322E-4
-0.14164383265926897	-5.633025943574124E-4
0.09279205590426773	-0.0022099510768254626
0.06942412532697788	0.001155241613706824
0.04196447849354263	-0.006575424363021365
7.825320822011719E-4	-0.0019785309517990463
0.008199654340988863	-0.0028926561277747413
0.10332467233350433	-4.633291741717583E-5
0.0686183901264152	0.004950027394553327
-0.08951625640070279	0.001232335487340379
0.037032072734792844	-3.867789948334374E-4
-0.0814436741954836	0.0012746907138958053
-0.038712848724798486	-0.004787967864828134
-0.025462190890961703	0.008156746185009844
-0.10723454481107478	-0.0023954243178566648
0.12316901902466301	2.0181374892385507E-4
0.09913752138126165	-0.002736937805570938
-0.005544014601788533	-0.008039936843988548
0.028781344251306316	-0.0011833503081749956
-0.11889229509348165	0.010656492348185592
-0.03525544123885207	0.0010664527679734345
0.139587961947608	-0.008932219296411364
0.07328762158865278	-0.011838297051018526
-0.09811840422700427	-6.196458577112511E-4
-0.017045957705033945	-0.027408889404773668
0.010999423951276547	8.808728841617062E-4
-0.021075810687310192	-7.457163556973893E-4
-0.016640435371176123	-3.6318510618901697E-4
-0.08449876958807805	-0.0010288215059431705
-0.09725093248202758	0.006155587517119942
0.08172304854402322	0.001166986488254522
0.14253236113856962	-0.0017191138844673609
0.04105699082456414	6.625254888311131E-4
0.05814222106111465	0.0029548008422683367
-0.005883968963724467	-5.123083729385245E-4
0.13069089475668996	-0.00428740619273447
0.009830853403113205	0.002034154983416095
0.04586290583757744	-1.864800310468712E-4
0.1395761491391451	-0.002745584402841953
0.012894259707149643	-0.0012080949324069642
0.14153465548724192	-0.0025447867511568883
0.032719016682824544	0.002529719480210394
0.042626205394660485	0.0014333772970287436
-0.057597292273536056	-0.0016782131913225772
0.19207299113861667	-1.6266779674776685E-4
-0.060998407218134244	0.0013502762860518607
-0.028801017266997558	-5.053434648212765E-4
-0.02226145884871667	4.920432723945843E-4
0.03474424234857551	0.008013172879322641
0.002373203458862442	0.0016429100951639091
0.028293124452389216	0.0026591981991380548
0.03037892659593678	-0.0021361318712744054
-0.035607391841450495	4.547120975204461E-5
0.008729798854747148	0.01891165158570611
0.03809408216112924	-0.003482959785573218
-0.07384549997813124	-0.001294798541175852
-0.07069431448689513	0.001576809052277999
0.049030069647655314	0.001458516883376669
-0.05485627599092401	-2.938184021156139E-4
-0.0207661409055371	0.0019385960971635182
-0.06756349313135551	-0.023247470443879974
-0.1370336245141958	0.016320116363909228
-0.16767710607503228	0.00570106518710981
0.008704605331422637	-0.003897424612560119
0.02171705966253458	8.126091072287985E-4
-0.11800107748925831	0.0019831557276612814
-0.06081037727846215	0.007125967517682439
0.09828468885534224	-0.005958281270214974
-0.09104634009781264	-0.0015038542413117755
-0.1482058978062139	0.0011203774745099121
0.08439309319700349	-0.05256871221585484
0.0027296181857838758	0.002107450853595227
0.1165268810645708	-0.0024429764433483506
-0.010269293502944685	0.00803705193101651
-0.02919989428110454	0.02760532303704625
-0.03519765571480275	-0.0012949052259364755
-0.046431794922889444	-0.020818596195063068
-0.018111839626631366	-1.1672937354685153E-4
0.04841844774644787	-5.410550637019124E-4
0.13680335978730557	-0.0014999915102552569
0.10081977505867887	0.002465027057860045
-0.049702359702597954	-0.0026504699642197305
-0.05370670476492833	6.276941654726579E-4
-0.05802226191264116	3.6098160223678796E-4
0.10542987675065653	0.0015493589662837223
0.09350549702859567	-0.007729115435439071
0.1918539318922097	-7.447966864132302E-4
0.0016742615656794107	-3.2598733004649975E-4
0.184431087817608	-0.002333684688920443
-0.014515244558427861	-0.0012837202417061943
0.1136024548196684	0.016398306379024837
0.04733407409938206	0.11639581664929483
-0.04149822108343536	-0.002033155706354622
-0.06540411147983774	-5.734233011927274E-4
-0.0091404156932125	-8.118347173130476E-4
-0.04848880633211727	0.004724904597528172
0.16918100964220265	-0.0038120388429273124
-0.006054928641395671	0.0017211370411262137
0.08286716301653933	7.034405489558338E-5
0.01870887717935849	0.001354523285229395
0.09345074023075962	0.0033169052851568575
0.174701982555065	0.002913538498316501
-0.1258326977509933	-6.21423321211331E-4
-0.03994535054169842	-0.0035994650298466035
-0.021069914956249925	-0.005688268248940907
0.1265300444773744	-0.0017186052282251465
0.11815783923949412	0.322958408170658
-2.3791711164762708E-4	3.4953247272377294E-4
5.172932868953725E-4	-0.0031451922387642334
-0.08817382176760918	0.0013384235690784962
0.07480079363151339	-6.897511172544279E-4
-0.06919599904039964	-0.0017760037227107102
-0.13944002035548544	-0.001159165813887844
-0.044418449797534676	-0.00156828101407161
-0.0922467800639058	0.0012545287879928832
0.06106517750540106	0.0014739290058975298
0.05591498232978861	-1.0310676884499553E-5
-0.036706508716214475	0.0018040621759423034
0.054962052193897444	0.050136086015702054
-0.030811471759649694	-0.007363895400328416
-0.011543402356499194	-4.4101777796947425E-4
-0.12061784271804392	-1.2619568378775307E-4
-0.033874516285190046	-0.0030098147503454823
0.02211631097190869	0.012308821525401763
0.03241064534577575	-0.0019367831430155073
-0.04501091092882617	0.002034676919911921
-0.08741563808604431	0.0011447114336739419
-0.054686284505233336	-0.01888393308339405
-0.11858144735538734	1.848412082521314E-6
-0.09178622152704617	7.440047475509132E-4
-0.07896815000409442	-0.0016353922832291513
-0.0488128752862802	3.1443685491660986E-4
0.10026629788011888	0.006791424344653623
0.07611877751531494	-0.0010107872801602628
-0.022023197634277524	-0.0033697063575092666
0.13596128205508065	-0.013097971262925525
-0.008772107651938393	7.357848593732542E-4
-0.008265122868874862	-5.712425938604787E-4
-0.0052343112854273	0.013860631960046426
-0.018706260011566212	0.0021877287319063553
-0.0760974590182933	-0.014588235917102737
-0.02103429273779758	-0.0038027259146743964
0.05149701326808428	-0.0016441997999935348
0.011646189576684028	0.002110026961869696
0.012476477790071322	-0.0018469727229368034
0.10025159167473384	0.03221774944848698
0.011237838123592447	0.006591610397011255
0.10881649740911034	6.524257262541935E-4
-0.07975876659575852	-0.0025454883716425395
0.05509185213427309	0.004495500439758717
0.061430094171509485	2.629093373500616E-4
0.13036436544483407	-0.17554602696074365
-0.061217081873143224	-0.002222834173513447
-0.026381679290676422	0.00877919877584408
-0.1095829187737398	3.656868582320311E-4
-0.042990038921390354	-0.00423534756954855
0.012130956815958317	-0.0029774181852494077
0.05915072921593229	0.002199260099924566
-0.032614976605254954	0.005019976836974263
-0.09854405231314062	0.0034849361993098153
0.005476202860024047	-0.0015635919110341128
-0.21783515582018445	-0.004778780614967816
-0.1033713061966047	0.0014363842032748583
-0.036306489204961316	-0.0038469111127156868
0.028111276438481082	0.017199623084872634
0.09575964706407068	-0.0015403202995767668
-0.1206874255457182	0.0012955496593538805
0.1438222529462415	-0.0012303532319282292
0.1091503144035937	-7.552527998927837E-4
0.028975687816643284	-0.002025435789328548
-0.024704056687668924	-8.250869109298347E-4
-0.1405846376075294	-0.00641158679460403
-0.07699650459440736	0.001105475816464134
0.16049560976571067	0.002555037527975173
-0.14977922617907613	-0.0019100218702833346
-0.013806734929446523	-0.003307935135541787
0.12608874333598316	0.005253346082188947
-0.03260728517595574	0.0014835280361416745
0.023936036057296294	-0.004638591762980442
-0.0744700706847257	-0.008228143356976806
-0.09360696185849524	-8.33524513561815E-4
0.036297391833162496	-0.011508791899309442
0.05941196663829224	-0.0066485074198431695
0.036421713709205106	5.305121958875745E-4
-0.07094339837764757	-6.466007242436244E-4
0.11116008656690343	-0.00542549478218594
0.03629724746825554	-0.004485674703014536
0.06972821254856139	-0.0016426340491859511
0.03704654358907813	0.0010781670398558611
-0.016961555486182424	-0.0012032915637854398
-0.06169419360906806	-0.005306868832361551
-0.007499702129941542	-0.01252128855209267
0.015430773802197744	0.00399044961071818
-0.05196451319928164	-6.804886378752142E-4
0.09994205282176508	-0.0036531238003105395
-0.02519655017900111	0.0034821545680165035
0.005842915355317137	3.511071154135263E-4
-0.035298171671217814	1.6827947284084853E-5
-0.10982847910708497	-2.65844939369366E-4
0.02011102315932032	0.0010965381883798152
-0.08924815466851632	-6.152155115199179E-4
0.02190356263963493	-0.0012402528645143029
-0.011317908949618033	0.0027182213398026173
0.06431811827367165	5.226619224227207E-4
-0.08163672337491251	3.64364635884399E-5
0.050569919163568886	0.007610918322254424
-0.12627104435905775	-0.002052855470406607
-0.05946452959312203	-3.1449740826275624E-4
0.013921830639099866	0.0021168313107470327
0.08616868416047804	0.0011311302866617871
-0.041512302531586276	0.01930516026701564
0.029547182679887145	0.005106362848002496
0.021191210932721184	0.00484042354542412
0.1190755946348578	-5.37773010965047E-4
-0.012484122355325472	0.002353538147256847
0.051594143247213724	-0.005337217518182351
-0.08348099872687234	0.0018939428228347008
-0.08103390745208097	0.0019922392921317604
0.007912012060820131	0.0026377782560085866
0.010312800178624395	-0.0017055733048608572
-0.10167044157731739	0.0014914816006085805
-0.07846466628385067	1.210900677253358E-4
0.14335188630379353	-0.0018075862618490875
0.09527105526091818	-0.008672084300364626
0.0051387562853510566	0.0035241698189203583
0.18303112400488464	0.00354838895457687
0.07180876899442544	6.676816808005787E-4
0.03435797050435912	-0.0034834241495450857
0.0809169423746015	4.2871904107872596E-4
-0.07325395110686334	0.003135572742629886
0.025500661111885967	-0.0031610577350538074
0.033263623098117145	-0.0010375746160279286
0.12189632450824991	0.01867499356305266
-0.028556644054608345	-0.013611831532231293
-0.014313137328813098	0.0011769527677075702
0.048603769226607973	0.004516339451211482
-0.13444492335772548	-0.002242287541855061
-0.04407308861061683	0.012982402482200704
-0.01026439082906252	0.0028160649654021086
0.12355143618578984	-0.0023607781017077538
0.01926768798837396	-0.0010652247113265812
0.025919638472864364	0.002388105251081865
-0.0770216994092394	-0.002065696230720437
-0.14037712612558798	-0.0012777231737209685
-0.055002165972308406	9.215184353256947E-4
0.07119596205761876	5.821991113757063E-4
-0.07253039920305707	9.370152981148018E-6
0.040851676652917175	-0.0016262252603561707
-0.027189920720682728	-0.002045434856768697
-0.1416778915556985	0.0012157029584671587
-0.06434633592571415	0.012885850967889374
0.0041786275386121495	-0.001387916190541769
0.059265225745227045	0.0010319780296282198
0.012516079943025525	-0.014739090543143015
-0.06613648656266409	0.0075845652067864444
0.018394045673291927	-0.007563879398033096
0.07608132186090885	3.762908950289566E-4
-0.06400454377055778	4.1290263857152184E-5
0.06226608222506021	-0.00149937016747359
0.0700068818810543	-0.003032342374900357
0.02527392722968209	-0.0014037692874724434
0.06592439506118489	-0.016235033065911963
0.08285550631567024	0.005589296722190505
-0.0907445853551	-9.753235166009896E-4
-0.0436900775987929	0.001435061261544189
-0.147433972101525	0.004427308664097228
0.0077420785513111065	-7.285273530197137E-4
-0.1328310095762463	0.24951464298253684
-0.07730247664766796	3.705247270885889E-4
-0.0116464226235475	-0.0020866963251447946
0.03997341498618453	-0.0033298214515164433
0.08346930208943858	-0.0030758257609464286
-0.07073279634434729	0.06036685742870151
-0.10220097701246783	-3.3299102100747314E-4
-0.10276386202449926	5.48288913283476E-4
-0.0990157689701115	-8.147621311156313E-4
0.07964502548023004	0.003351160542237284
0.07596326901824295	-0.030217980686128236
-0.016526440853192933	0.005907053489872549
0.07006834667348034	0.008150392099065705
-0.04164184896950855	0.004234036515096221
-0.21137103740023064	3.6922111209186827E-4
-0.03775518783888597	0.00750522424365972
0.041007125237399536	0.0031276887797007727
-0.04342138832540368	-0.0028903582395996994
-0.03380435871819964	0.011816915283239316
0.008539201363253786	-3.243699821284937E-4
0.009241021329894156	7.879382243454381E-4
-0.023747854691887556	0.00295525693538868
0.06184497734213503	-7.735118564103692E-4
-0.04219394903224118	3.330477790155168E-4
-0.09121820272727908	-0.0025084437305671198
0.09096946776271427	0.004743760829302569
-0.03241144517958043	0.0032897006583658813
-0.15087820453077477	-7.747167779162663E-4
0.011849008500179083	-0.014930491079803626
0.07155126970484876	-0.0064966739294011686
0.03562012351718669	-0.0018882848082204555
-0.03389781629712821	8.272876588572781E-4
0.007904048487266016	1.224233529479879E-4
-0.02580123216197434	-5.135414243807923E-4
0.04423882223446319	-0.0015126888718040323
-0.08938239233519307	0.004989649242590596
-0.11213432357574171	-2.520003479508061E-4
0.11143629924736459	-0.0015114496432304828
0.021187929910455167	0.006258597441801825
0.1929435468103923	7.188984166012014E-4
0.044425839904453104	0.017689046981446868
0.027893641953894252	-0.0017627748429661495
-0.07111951164146475	-0.004391742804366228
0.017694053824177786	-9.583677143050882E-4
0.01772626528482879	9.626409772081139E-4
-0.14539967087494166	0.003871908173363874
-0.08731244826160658	-0.0054392878161139534
-0.018468015606557173	6.533783801151089E-4
0.012936428341462861	0.0011162612206518493
-0.13665996324720506	0.013524024929177854
-0.019999065522925987	-9.81067918217067E-4
0.013676399493208908	7.85132002440175E-4
0.09630566945138537	-0.007970886612911274
0.1471570629487728	-0.0013329652467006122
0.05071357492987307	-2.4349190578743548E-4
0.09749413695487498	0.0022029495070823987
-0.05510238732145213	0.003858722677753936
0.07168871892968513	0.011414551243425513
-0.1827173595050593	-6.504606533244818E-4
0.0741738123712961	0.003802790510281129
-0.05216859526118461	0.001197003705518989
0.087464902592127	-0.05013394084123045
0.02398686146418521	-0.047773888651407206
0.0025020169397698805	-0.0012655268578174476
0.024125067424203357	-0.005285092611716512
0.12399974975184551	0.00620719639315401
-0.0981980963286729	3.528560617668511E-4
0.02493119244205208	-0.009151632356029917
-0.01048848421622178	0.0011269992163368827
-0.012468801399563183	0.0018084908028249817
-0.016450340698972128	0.001818099485532765
0.046991678111754996	0.0014030703548104564
0.11121161132487947	-0.0017206553798956713
-0.05926376902507198	0.0034089862891144075
0.1633953790078128	-0.0019482865479924765
-0.06294173413652246	-0.0017393977529327755
-0.007854741415722783	-0.003170054133303828
-0.05808452770516279	-0.0022405972502660787
0.16095129784878462	-0.011942354088245274
-0.053224724185383473	0.015814658372722404
0.14090864161808783	0.003481329778716852
0.042080188951483674	0.001536669463121426
-0.07106923248781083	0.001224981291683506
0.14496448310792892	0.0024537591151258206
0.03933965515683782	-0.002601573799723172
-0.018299516876375165	-0.006026190237458673
-0.007479376507139877	6.731726406060169E-4
-0.010914114629448461	4.242087880231625E-5
-0.003175939762249212	0.0022357493092546605
0.044928709407306575	-0.0042958857415843965
-0.028838872783719716	0.0022678118249353308
-0.03743755572911237	0.05489559726990323
-0.13280947824966832	-9.979275990131037E-4
0.09103794979220799	-0.0012061375893872143
-0.09734520348982947	7.282694058907073E-4
-0.0392928602276562	0.0020243403111083677
-0.0031681769425569747	-9.180521683943507E-4
-0.038140090085994935	-3.467833528491564E-4
0.16607100606119699	0.005834435905230914
-0.021631624175438267	-0.0021756593297222477
0.016432429546168303	0.002122177273199717
-0.10774220459023508	0.00788995045428201
-0.14062830327964998	0.0016732703989658013
-0.1059327983892428	-0.0010651939134454314
-0.05664336889135701	0.0016561083012428708
-0.014807072670851752	-0.005851420819733501
0.08619497753990661	0.002627787548095728
0.08349522331793578	-4.958449105444387E-4
0.017099708403101287	-0.012436303880725075
-0.064076293592871	0.002274938537553325
-0.04159311272589767	3.9862398659086523E-4
0.10240208041793694	0.013930347743705903
-0.07247395909696581	0.005892321088869266
-0.09980808947183448	-8.616191329002702E-5
0.004457992820476697	-0.0029723769473135445
0.005483450460906267	0.03345959380025877
-0.06133688833407849	5.217593255620414E-4
0.02503737362050882	9.134267168107051E-4
-0.015752122330832945	3.1927848841857874E-4
-0.05930941667477244	0.0032889259923969036
0.04376715387436271	0.006861790224636922
0.04849368089242655	8.162478417764566E-4
0.04381380606853632	2.452596208069986E-4
0.08672334220032829	0.03068412606972486
-0.15895266813775805	7.416385985314397E-4
-0.0888973627988466	6.311450742576705E-4
-0.0853229940484336	0.0019557772480354374
-0.1920927392306062	0.0038060814856603303
-0.02425775316476248	6.739839740130762E-4
-0.03500739997524526	1.2020185686353807E-4
0.0030753073808812733	-0.001948359882505602
-0.07639943707928853	-2.4776358935686536E-4
-0.031862351786242436	-3.5297876333011433E-4
-0.043128963031058315	0.004586139702208087
0.052083024008100734	-6.564472786312148E-4
-0.11777421362461117	-0.0037058951564893335
-0.048080303999240445	0.00677767276084026
0.0689657026299444	-0.002015827007133868
-0.008944963174976948	-0.0064575269674501026
-0.06549912097948622	-8.07518542995564E-4
-0.08206406408181809	0.0014519315905676426
0.09090914589413983	0.05503485050602667
-0.04751197166728703	0.0014256675246110612
-0.007608119134678154	-0.0010543814420233288
0.034278973974328386	-4.464552504472566E-4
-0.01836958137711823	0.0030626540099611844
0.017629626374211404	-0.0028395520451856555
-0.05056577229130818	-0.004040731269492698
-0.11493568726613157	-2.189159055161759E-4
0.01744795591332985	-9.5112345834984E-4
-0.004875922473949905	-0.039101620423426596
-0.012335520942513242	-0.0013212701192135917
0.053525230569926044	-0.002771795719146438
-0.11426849141876387	-7.615919855143698E-4
-0.002024040585660895	0.001754838191011238
0.06574957351266904	-0.0011057911478836694
-0.05109051641914833	0.0022804196706403463
0.09754803817222957	-0.0027767248034531746
-0.16780660565887007	-0.001778893893197356
-0.029477552699747243	-3.0086416403025035E-4
-0.024154510440909018	0.01001589463582813
-0.007846869993792463	-0.002325995908850302
-0.10176122247544593	0.0032614081639506898
-0.03624522583037693	-0.0037725493690487313
0.04825372989223501	0.00110846949773735
-0.041100655438036315	-0.0015020486803589176
0.16981139377181884	2.137863035451619E-4
0.03963682467440736	-5.101579274030683E-4
-0.014853400476764768	0.002790144150331236
0.09837334203348044	0.0022438029287843216
0.09073833242797849	-0.013900054154027064
-0.04129632967836189	-0.001607622519291729
0.14727855661151742	-0.00989108940233398
-0.011019555633971934	-0.008481309535062678
0.10944612877757111	-1.2046987852183189E-4
-0.04803151697600757	-5.850770010155923E-4
-0.05263944735361232	0.005669030580645849
-0.0792412878581212	0.003399344737089902
-0.08079743837510762	-6.245029371755707E-4
0.1696570825030492	5.240530892781716E-4
0.07463880245434856	-0.001969838428912126
0.14553598655037803	-0.00406968209986226
-0.21803844398186542	0.010709730351954551
-0.04435998944375741	0.00991322223396926
-0.11492093964889624	-0.014862217418415464
-0.0665457767298217	0.0033936393513059556
0.06656903781377804	0.008164920310613649
1.5096670172805765E-4	-5.377596842701763E-4
-0.10989514378497234	-0.009878790704072965
-0.07386922023702834	0.001818125060219301
-0.10956315298184759	0.004984973698798266
-0.005166383339034591	-0.00403222037213874
0.2131226829591564	0.009179667530755407
-0.06889577183818447	1.747775632151251E-4
0.03174179716244202	0.015048600799527061
0.10145851575614813	0.0010434226129309703
0.12770098117839396	0.003949125459250081
-0.0629802672543833	-0.009485504570660618
0.03462050004668564	-0.014253112633869209
-0.13347901113219413	0.002395894657008259
-0.04946387195037132	-0.010940000674834275
0.054333522844758946	7.568366494789189E-4
-0.158212482178464	0.00466002101978563
-0.10480442951651342	-0.003082399294804889
0.13227432349236556	-0.0023699371808054066
-0.005402458282213892	0.002108471975127033
-0.03193061894123776	-2.157402292009411E-4
-0.09967636591232144	0.0013538227361029433
-0.09158491695829252	-0.05289801792537488
0.009219613866741697	0.00391595930914939
-0.07827699088723213	-0.001370156829349121
0.13391982544761635	-4.0090921003258244E-4
0.03620726908255095	-0.0011095801588223066
-0.08351861775676009	0.0031391599124530067
-0.04818116415402217	-0.015369516086719296
-0.03873162867473213	0.002958318478526337
-0.07148850799530572	0.0019371377313161765
-0.0031174629727822242	-0.05438077609903789
0.1711534564108898	-0.001401588978739386
0.05865043937041121	0.002562832755515695
-0.05716158560739418	5.584405765612498E-4
-0.14724041077802819	0.003453987297169948
-0.12879083391470048	0.0024566881472098305
0.16009832511458075	-0.008949315024012274
0.11601023749911855	0.3348210369806668
-0.03449871748532712	0.0011153126424965634
0.038107155375186955	0.0030860205135761635
0.02330863882019629	0.0024235915740406784
0.05913106894713346	0.0028398245139815374
0.0494894883718233	0.006672420117811232
-0.23902947985446824	-0.008603615791677174
0.053401439963465115	-1.6709392334415062E-4
-0.009051437743254816	-3.6842446218939413E-4
0.10427858617952232	-9.264991600593071E-4
0.03642502013420894	0.08439855404145377
-0.027734104357111433	-7.964031612929303E-4
0.0021318519261487503	6.93771505601953E-4
-0.09822581965999332	-0.0011484310499048748
-0.014615361448146845	0.0016035820996412528
0.06922773513644849	4.881549496368155E-4
0.01451283004819908	-0.001935397008116893
0.09260181543348443	0.04138408785058688
-0.09209402743528414	-0.0014344334053401607
0.07175093188229954	0.009691703705033463
0.008207502888514153	-0.0037701924807024153
0.0036209954576688404	-3.70316896678997E-4
0.23806587420303277	0.002530084563939916
-0.11685026603809016	0.0040273440739389665
0.0015596677328881359	-3.923365207261884E-4
-0.07608408028314743	0.0013008361597053894
-0.04852102188132793	0.0012175126163075734
-0.15472621373912912	-0.001639924042929596
-0.11535097428822025	0.002079581935575799
-0.0914548781897107	0.024261167798767247
-0.15094101002744675	3.144693002280238E-4
0.023575407902560897	8.133852893453027E-4
-0.08435109709458563	0.0032458574640650746
-0.11996514913723792	0.0011567011521286693
0.16630574961048333	-5.4133413057113854E-5
-0.06436054595739743	-0.01043140019406219
0.046786793435160075	-0.00931506132823388
0.08018743077360939	-0.0011631874609014138
0.006455315604476993	1.1810855069414513E-4
0.0260610950192783	-9.806042830040156E-4
0.12572852657602138	-0.0024676475501492624
0.13756985227519983	0.005638164194313479
0.042252549145968064	-0.0017472624775769757
0.006836605659289617	0.01622617370393529
0.07724898604574275	-0.004558178554673482
-0.11773104802786404	0.0031136901051530648
-0.07960331023248704	-0.00479476688400766
0.15794339321354814	-0.017151680988912302
0.018241863715592898	-9.405934955728072E-4
-0.012015798254026941	-0.0039614167532480305
0.02413858763629705	-9.583242327247438E-4
-0.03979742002327539	3.593952321263118E-4
0.026162912046371545	0.0020807574413917846
-0.0226054071663295	-0.004232603740066472
0.04470965106764503	-4.293316497161869E-4
0.06389304150347568	0.0023110213715232977
5.22260943289256E-4	-0.030111938629870227
-0.31580837303289594	9.43602690833355E-4
-0.12132008022909646	0.0024380278694795957
-0.024756790330377716	-0.007329184792962562
0.04153819101991618	0.0020706329987696254
0.12825540779543082	-0.007359131924621154
0.1292959117918141	-0.009456826360922184
-0.0279397925563318	-0.0219267828929105
0.04387984088711739	-0.0011108863147686304
0.054550258491931604	-0.0027424603349867505
-0.1440352458467629	-6.173959587747228E-4
-0.07779157117127253	-0.11433773504857903
-0.10050773424181601	-0.005545524084964406
0.03504860766047406	-0.0017759252674463546
-0.13955612850478463	-0.0022050586618138804
-0.03783064014057031	-0.001241039384337045
0.14563195044460692	0.009196389725278928
0.15523781251896493	0.022210451629372237
-0.1612632712272551	-0.0014632710004737748
-0.042199905431995144	-0.0013668396762903114
-0.018767960632059776	-0.01654094992230208
-0.14620367772020038	0.0027507452535740344
0.05095267688952265	-0.003106614682140837
0.02378747785495236	-0.012005833319589794
-0.008731380781500311	-7.248041952148363E-4
0.024110065584872012	-7.301588608864772E-4
-0.01099676939144936	-2.8911672676240234E-4
0.03778487723336017	-0.0031756211071238137
0.09053296407600192	0.1597474276403248
-0.01610616310725962	4.470586353752229E-4
-0.0051392872599357806	-0.04328490227644308
0.0414214819068897	-6.396231101636097E-4
-0.1213547684968871	-0.008794223468755863
0.1733700768481106	-0.01339400218782246
0.16696103256587247	0.004569358265204491
0.09552562601783976	-0.005825547034182868
-0.03686905375066156	-0.0030238022879466946
0.08914202476755465	-0.002852050853549758
-0.022867753355240102	-0.005808598437295929
-0.06821691419257216	-6.342017268043729E-5
-0.11155517437895124	1.083773797707359E-4
-0.07258052549976284	-0.003554795985472683
0.03823203235604247	0.0018378581661966657
0.008988091072742918	-0.0046956529329907435
0.10979654086656243	0.0020356088584123997
-0.06691344950846152	0.0025198770825915527
0.017919843231128232	0.014916205540998923
0.020346255124572523	8.645303761038071E-4
-0.13132247474604083	-0.001919861329728035
-0.0629979080478127	-0.02208968384347849
0.08032996226891917	-0.0020268972882730514
-0.029876331188470176	-0.0013027184983994667
0.1144413726497084	-0.001633724270762311
0.21841054866751577	-5.061725085703053E-4
-0.09429963821607192	-0.0026449669836746304
-0.02818275894092166	-0.005240100005772714
-0.0384393474692803	-0.0015208643301824322
0.04435217036502579	0.03679117939126726
0.03494857169009071	-0.002915793326042525
-0.08596855172514226	-0.019230161826459015
0.12520468961214384	1.4902341643710363E-4
-0.05876915215548449	0.03498224834354579
0.061493975940625015	-2.677752369557794E-4
0.01983681058352523	-9.724267338504657E-4
0.01959464013153249	-7.789343299331349E-4
0.02027942404893486	-0.2203417440601093
0.12486307549494113	0.001668420758405668
0.008232591433989108	7.964117600654345E-4
0.049028764439693555	0.0012925096343630274
0.048011985557870826	0.0019256961191801319
0.013230440684403462	-0.002116270822662258
0.11432701701387395	0.010010417694357324
-0.11630234676241122	9.385910092253963E-4
-0.09964586808663473	3.6490248261133475E-4
0.010295971352903877	0.001828528715158929
-0.09944584903933423	-0.001571779291601977
-0.06183923097898675	-9.130756752665159E-4
0.001908479683229286	0.0013312495902099877
-0.12924023237135807	-0.02668855039747425
-0.09874389500525686	-0.017087025428485256
0.0848899715321357	7.39313230269851E-4
-0.05733441424119889	0.006654762895110848
0.10732156633992815	9.315633456363407E-4
0.19386415159592071	-0.006429871734168268
0.013591100646443345	0.001299762363072479
-0.07248441530203609	0.004228850512740945
-0.040652627063084014	0.005339188384331063
-0.016877954798351132	0.0018361403537492035
0.08888129311867685	-0.00645484779166714
0.13651156495023306	-1.7358086185701376E-4
-0.07148974718501927	0.00897815669532491
0.08251243103951696	2.7812089665235856E-4
-0.06650767537271851	0.008263758906809799
0.025705900562259718	0.0014485157465188784
0.02920350331434902	0.04807707183455512
0.17512772024143658	-0.1173170615027234
-0.14006800753203721	0.006017337939129994
0.08970458682677321	2.0948109952910847E-5
0.020071080226723707	-0.006610304658783389
0.02752470603814698	0.0014416994262697893
0.12043711694478948	-0.0012310878557392298
-0.1252205652204739	-0.025767126356708855
0.019063301667861937	1.344970635937689E-4
0.015996050558166917	-0.0037962688628328037
0.06713091733891384	-0.0019730524697160086
-0.010888724986404929	0.003569750757224042
0.14643845128332292	0.0019197357083217154
