x1	x2	x3	x4	x5	response	response+gaussian	response+slash
0.3620615075547464	-2.6308849320590975	-2.982297638642982	3.1419409381649963	0.6290633712489608	0.117515776595188	0.1088271864815261	0.12142343784037905
2.573894112757438	-1.9702458890932562	2.8311472710601295	1.0419252688169323	-4.430668703518802	0.11240714588990702	0.08764619210751894	0.11411649596398732
0.716746043660943	1.0678026360063697	-2.3623305822681075	-3.117193216174879	-0.23124258839437584	0.1104213383760222	0.04783400657940705	0.10915685129599041
-3.73154189420408	1.2223088452134867	3.728907141182919	0.3254131228396764	4.399358793649791	0.15843650363046452	0.09802797553772866	0.15564497730607318
1.2670436782350425	2.7440863799585866	0.22033793466280205	-0.1761936434773741	-1.4954688141702652	0.21695458179463525	0.22961226829847964	0.2127458982606628
-1.578400962504042	3.454525502431755	1.2060267863741858	3.1115217548525713	-0.7864337695789061	0.22864351534996238	0.26293969481365753	0.22693832638138992
-3.4250463288946054	-0.10749681474173745	-4.665141930572866	-4.809142597294364	-3.3632744226140643	0.046260716861928355	0.08359012802299087	0.04381511780344291
-1.6031894394139123	1.9510315878901565	2.137805060657019	-2.0085219749246064	0.8815675063718809	0.17359267755323632	0.34061390894869736	0.1711731395930413
-4.954800765277472	-2.992407596586064	-4.728255001572991	-4.138797724000122	-0.7462347267408607	0.043685207772927274	-0.012835927265649617	0.03462382262457435
-1.2245136749203702	1.6304183336924645	3.741800022648331	-0.16466737878447546	-3.099087694078375	0.13795667097610778	0.06848963363544694	0.14087394686971377
4.546404709375754	-1.7306145245716866	-3.2819638128259863	-3.1543003836183203	-3.677975170141783	0.06591787640115583	0.10797379196548974	0.06214706697986816
1.475567802954087	-0.9830285471645936	-1.6053500211987393	2.774659465810304	-3.7104473959282647	0.11175863897836394	0.2177384600216844	0.11163715977616216
0.4236329967259769	-2.1140859231560327	1.5645982086208177	-0.3718910362364962	-1.6600158775209728	0.1371040282666812	0.031220010543095617	0.13947028207406345
-0.11751384934183129	1.1029973985000172	1.4801498864587934	-1.3370178278418088	-2.697544139467495	0.13908362779859504	0.09577607813164349	0.14394105415486508
2.0483112965407244	2.2701700342900066	3.7210789589265953	1.574484768851927	-3.9734897113093073	0.1735509393730324	0.1400431261519557	0.16949077783655705
1.6148596262122759	3.0224346772347914	-4.003696479332845	0.3998544002867197	-3.5202118248152447	0.09501657005519566	-0.02947914724640123	0.11500779512120549
-4.804732067973857	-3.8521484791329232	3.6609438520735456	-4.301862667364559	4.783984951756409	0.0588919726474651	0.11508485371421358	0.0620007301176198
0.9470134455581807	3.343219312362386	0.8310329912156682	-0.5895788458838265	-3.265270998539569	0.1511129434657961	0.28194799146214994	0.14882193225306495
-2.7839574190703	0.4291096414730937	1.2177389802013296	4.637587652771659	-1.0280662891394332	0.14892674521618934	0.26338537989033783	0.14535057551263925
-4.10248294684868	1.4852254140133745	-1.6201598911856685	1.6155017940438618	2.371652147476352	0.12285413782172845	0.052144721812250286	0.12459448217429947
-1.164560215937497	-4.296904158597243	-4.671943464696592	-2.721509013150331	-0.4491429630869792	0.05584117036526693	0.13120213244690634	0.03273799993252882
1.6007927802942215	1.7088364519899297	2.5884539356892047	3.1753673553769026	-4.314134125237015	0.16045809882043438	0.2913400150450848	0.1617788122668643
2.983251514389366	4.1553338093980585	-2.2033159798375443	-0.8161422744543305	3.0204839322364005	0.2084508676632752	0.1779172049627537	0.21094269585556766
2.9968853213826074	-2.8110784074651276	-0.7199474182963144	-3.182754074068126	-1.1137501745497156	0.09280222319701836	0.08621752859502343	0.09017583373324004
-3.659690697122792	-0.15196646587208296	-3.51855094492441	-3.7955204656380737	2.7992026481627974	0.06756880152896683	0.1427515137606288	0.06774909254988523
-2.0515989394614023	4.688989604142719	-4.353012542527046	-1.2577336804359573	4.910209548820392	0.09156223949622071	0.1920018984782409	0.09195062316535524
1.088806394156161	3.0818415048122016	2.701900006881499	-0.7059867437993308	3.1958286506195694	0.44403180583636886	0.4487498275896203	0.4457938807684362
-1.3746087514588856	0.48568115441206317	-3.4157603847994498	0.9383713663726656	4.830795007947698	0.12622580198085287	0.26457739549910525	0.13339776969488543
1.9788067143904806	-2.930067719037538	3.216002680208831	2.777598015552833	4.241213265980081	0.23339799752606444	0.3728537309363358	0.22682014658007518
-0.9532592505860071	-4.424148366881331	-1.19441815382915	1.5942637426869242	-0.7906433978834588	0.09117062368955174	0.13176881484319738	0.0913751022632975
0.42977953656263335	2.6536926383336388	0.2375854481568398	-4.09757411407252	-4.888204998477038	0.07578270313271107	0.06905546760457464	0.08295265608527716
-0.15507366233618036	-1.6551455853575847	3.759296704300061	-1.4854585505382656	-2.6993671021214216	0.11135420291102227	0.06723211275561065	0.10605931698083904
2.558019094941642	0.18178735488902475	4.045641259856108	1.3727751393332985	-1.6673411353646763	0.2586454217394242	0.2066806888003688	0.2625776766480605
-4.899512234529726	-4.790866933049747	1.750258774697011	4.6828846153581125	-4.496059525596905	0.05299845003938852	0.15125568463416939	0.05504724642597394
0.24419391220939168	3.0255272376536837	3.532377506108343	-4.663633143604199	3.9427852598482165	0.13793358073987055	0.05687703056602625	0.14560804426932017
-1.8998051990559874	0.09887941526415034	-0.4625594454161721	-1.9801759104891739	4.063565103904747	0.13271887611950875	0.2528042236017318	0.12910004311572887
3.5226417528935414	-1.76606695445217	-3.7760749428179574	1.695464677099614	-3.7049527588214803	0.08294491325770213	0.18092768268957066	0.0877519784991559
3.3918867965136386	-3.246282985955186	4.324900431738605	-3.048178960319725	-4.400701602284601	0.07284603003499501	0.08595725963507071	0.07193012404815295
2.4841888138485713	0.4186208609210844	2.9659512283813125	3.073123775266886	-0.9905245447914846	0.3589327523886825	0.3442332919886928	0.35834379050875154
-3.021252832794341	-0.19136030539747662	-1.5292565946484382	1.572943828152182	-2.4037872647279643	0.09690688937536887	0.011708830659723848	0.10114965400303233
-2.257687712259621	1.6348552567247125	4.582393310386326	-0.16316765655214382	0.06791457196614026	0.17981205656419283	0.12306397118986627	0.1835211043349648
-1.9879086770202914	1.597640353407984	1.5293956900245211	-4.73057415592679	3.159480813823272	0.10661465748315374	0.03442744931676778	0.10517888707198575
-0.5702918392599283	4.480260484927019	0.7817288607377373	3.489211292882338	-2.694704429533882	0.17382879547263638	0.12766435474390408	0.17368641618950376
-2.8434986281233563	-2.0463304709281758	2.2009688743743965	0.9271506296621084	4.959740677786252	0.1362626789458718	0.08305437167695144	0.13865556030295614
-3.813647544724944	-2.7875359381506817	1.700433178983709	-2.1446234218175517	-0.802585977963691	0.07840858837015173	0.0636382820068705	0.07757054935372705
4.822578677757667	3.3970973820321504	0.32699095362509123	-2.1047784527942848	-1.1720979601469295	0.1692344577929647	0.00568561007253951	0.16723752677411907
2.0947815899098163	-2.1066939432523735	2.44265001397358	-0.13775783508027217	0.3536458155424622	0.20384410390112373	0.26394509105766656	0.2031481928720237
-2.244867265929078	0.748290134614173	3.840038469003181	3.2840496831441417	-1.4676690654812505	0.17145234250527494	0.06586223848805418	0.1711912420064108
1.843643562812809	1.5584210356946375	2.4099175057496343	-4.494114114392053	0.38806737404250846	0.139377783814163	0.12186965264148303	0.137313555251681
3.7489943989098453	3.047088849781902	3.2977739393002015	2.888931250672173	-2.8307503746479465	0.25213135784850677	0.20710409314147457	0.24780419211790272
2.2929079345769416	-2.4986216013550058	-2.867349434261591	-2.3151604965926396	-2.3372433678788704	0.07880363103761422	0.2612335021900946	0.07675749551998898
0.4177867882110604	3.792970167643192	-4.282224816397421	0.9111911285474372	3.7583832519401703	0.14231696318326262	0.1463908059716957	0.1407669609939037
3.2160674741385638	-2.078063447645875	-2.360208201568086	2.941729044370934	0.9777524193937657	0.15708913511567313	0.1190514887338313	0.14393646541160748
-3.503889396190414	0.9207938307453372	3.4427941666836706	2.9662432129446827	4.156105200931368	0.18812034682266335	0.17100100875029012	0.18981694350428496
-3.644985249946483	-0.4548056629323831	4.464699406573596	-1.5386891868921704	-3.265448814452877	0.08123978154035165	0.07029933003140613	0.08349011641946776
-0.19784741216066326	-2.0091013832480096	3.927413047511889	-3.204832655350179	1.529492278320137	0.12218999524329831	0.07419425879808866	0.12206164845754582
1.4971446047476364	4.155783773358845	2.420256101428321	-1.2659597952505166	1.9416974892557963	0.35399570088570254	0.4756586561546332	0.3516446967056007
-0.9285888128570088	4.097699551183924	4.0234023436190665	-0.786277597478775	4.2850521465208296	0.25857590395275126	0.2059673933971862	0.263093286907236
1.4329152394628633	-4.751852961076399	1.926953151768874	0.5816239253483904	4.085822757389394	0.13205510608493645	0.24533656844971297	0.1340388579860056
1.8950115515305388	-0.30702894396969693	1.5856748607294442	4.626423718315172	4.579829485521245	0.41154175736381526	0.6103317069330385	0.41268121157424625
-3.8567936078369858	-3.2338942185260464	0.49313483561903304	3.3814451318943046	3.189463964699099	0.10272970744299209	0.053255893578390806	0.10326403254313912
-4.883857828024331	-4.510028144129078	-2.7870299499167137	-0.2040109622364028	2.0808783520085337	0.05946861575665373	0.12184414243423114	0.058573642794604516
-3.9268649257848978	-3.055692692785532	-2.1182175326607124	-1.3964425935151636	4.054495218742755	0.07337312159602968	0.12716993654123326	0.07485258799555351
-0.4300494406813984	3.880083836700237	-3.4769405074475603	-4.711061225852376	-0.6413576544512818	0.07563696009954321	-0.061001741741653515	0.07624254274902394
-3.047358244210182	-1.0210818408808695	3.414480778256218	4.626553642238427	3.88959390266686	0.16300319888633932	0.1783159243398113	0.1667360981215066
-2.0335017915713016	-1.2214959698706815	-4.4567728764639565	-3.6785175653808686	3.7338060350883477	0.06715840119262102	0.131973778067099	0.06792563183345286
-4.689556203086463	-0.7903986452809786	-1.9718654317373439	2.322725253918062	2.2906836997033873	0.09598985758193873	0.09840940249737265	0.09659506666415452
3.1400118398738393	-1.1501597073355372	-1.7686972978198225	3.717383848097896	-2.7648517975235363	0.12701306392637524	-0.09540194223415221	0.12714278412740637
-3.010539768685012	-1.0899642641606668	-4.712583504876955	-2.6494842779581385	3.3398070384473773	0.06694763170948012	0.04858054338252865	0.07147402356364117
-3.396059180745791	-2.115463693350632	0.6450360199239205	-0.12116371735910736	0.9135120078224288	0.10902926717712631	0.2714969636804006	0.09814114727385435
-3.092634045311924	4.036995335159407	-0.8541050622307802	2.371503808414767	-1.2282701262564122	0.13102218842275515	0.14247434227205527	0.13132344242504368
2.299626991319723	3.3454739895604977	3.318803523524794	-0.5136757169046655	1.5961956885344364	0.4992986376049495	0.5427658544208072	0.4938883186802096
-0.27938390613107167	-2.588513610631926	-4.672337177080235	-2.4154746735853716	3.496333580741558	0.07384198384940312	0.021106929842257774	0.07301253687076155
3.2024717116211487	2.3296900409859163	4.613495266785909	0.9140908730687585	0.4150296198614365	0.5228275401752361	0.5567735044145297	0.5248606282268476
-0.4445888616076292	3.989100971280182	2.6616155673568453	-0.2382833846769934	0.9323339165310767	0.30562590518272137	0.41550548242115287	0.30219463273919833
4.80526136507995	2.347997333877485	-1.538858607865551	1.8104801149059915	0.41462743114849054	0.26749109267559845	0.2814290436561711	0.26938745905546274
-4.417754081337377	3.9662961159727583	-0.6588347899758809	-2.742775156295667	2.684172958727001	0.0930898570335285	-0.03930484132402602	0.09912837939360848
-2.157984690283935	0.27671296279672486	0.46984701143949437	2.089673562357982	0.21544755442880348	0.18516735753627298	0.3613677418810233	0.18493038874648957
-4.144290535475759	2.46668628567937	2.1081830050034025	2.7722616512123412	1.0653674659789658	0.16416232626649085	0.13603040013788142	0.1664553576145325
-3.4882266068623116	-4.151712905567988	4.882629945861321	4.762013822327251	-2.803628759202631	0.0721629964159849	0.053641509613175695	0.05735831276150351
-2.151832554899198	3.114861631785171	-2.1173244968803573	3.6895489465137015	1.2307695413875859	0.16300652882717248	0.2907844120674541	0.15916850639650879
-0.8691069000977345	-0.7048132594869454	-0.35226009122799695	1.0492782044557316	4.756656508298443	0.19295917136662608	0.12350564961609029	0.19960412092409177
2.711194319050402	-4.250836653408568	2.8966966439384283	-4.11830763669016	3.5258919981061023	0.09206782433636977	-0.040927853360939695	0.08791829082088032
-3.0384297885115075	-4.175980811169012	-1.2338125673022815	1.4502677094410679	-3.143148882126453	0.06621532003396047	-0.011346032749984747	0.06856242426860347
-4.855302420425945	3.3199546265387845	3.366101318418682	-4.446378828342161	3.7988032684984283	0.08128176692461553	0.19263508237079774	0.07890904384622609
-2.0333050081033734	0.9609013119190717	-3.8010234656288064	0.6084857537576251	-0.18178531609428106	0.10353134963258183	-0.0616489712192828	0.10647241025726142
-0.6105752804505773	-2.706806016755917	-0.02296240699756069	2.0570929231258024	-3.5396252884876214	0.0967137039757295	0.017765992381814075	0.09364294892459393
4.616222980910113	0.3670749263667892	-2.3373701015790873	-3.3386717934809287	-2.9675994033057176	0.08415879540145055	0.1705862384450602	0.08534838656383323
-1.7609525446541041	4.91372769973237	0.7118928399670521	-4.9701068098977945	0.039492997008366615	0.09186814296492492	0.014583085918345881	0.11911415459798944
-4.536312134866845	-0.7254496070704608	-0.5060485326068918	-2.700842395633277	0.20573676275222752	0.07795759657294156	-0.0271335187034613	0.0738232039264075
-1.0454033798978535	0.9181388765650933	-1.0656956800256143	1.6344182278087178	-0.2149655543433724	0.18372176410935612	0.18862602971546033	0.1816665714141541
-3.9747221216928086	0.44023504016497306	3.956818955888334	-3.9807577362069404	-0.4000713585297184	0.08236817622939639	-0.017645145618100724	0.08350885902435773
1.824255033138665	3.818923715320185	-3.7563189454962806	4.226799814688896	4.84601315992405	0.1735699474798745	0.1404067931685784	0.17324754552769914
-4.813774307613707	4.574860904601541	-0.4154326209097299	-4.583648398990745	1.6540380507931909	0.07167237402141778	0.046689299531512116	0.07135481589346873
2.01924411023911	-4.037849892061159	-1.1484952092411858	-1.7382075535893007	-4.048288077548776	0.0690454188072909	0.08098719941367374	0.07256006065554216
3.744580305256168	4.087688173822976	2.7469291526481365	-3.8923278147589633	1.7581712654207013	0.1790579816728027	0.2590540812661455	0.17784806567414646
-2.068179226815409	3.0978149995942523	-2.5141544098254265	2.5697747648903215	1.957332292345133	0.160322808034257	0.15091789433177974	0.16283767749589345
4.251455504102376	4.123215637527926	2.1024933936476327	2.7497015573339914	1.830589364810816	0.993695706299662	0.8879156436965553	0.9944439463935698
2.8305811722669656	4.260288393671354	0.8645831246503368	4.926090906520235	2.666607275275319	0.6667550474920662	0.6739840221216716	0.6660327058609506
-1.35349088990682	-4.917920853932189	3.1044239156637694	4.18021796831893	0.9164419318967623	0.10823519775128748	0.055606245335693735	0.1070765096270768
-3.676085776760921	-4.943772048132034	2.2656315597196137	0.8215560117144127	-0.05402039617823107	0.07856348771495278	0.08398974682870503	0.08019149143888656
-2.3990616030901037	-2.1487089806023194	2.5832056381294883	-3.9730874699255727	4.123675355155212	0.09031842232952414	-0.029265894448734592	0.09860015467398792
-3.4166062146770724	-4.123880906332731	4.7440780264114775	0.9444613990481932	-2.833318257214137	0.07234991479101383	0.05974847174593109	0.08171863349672667
3.4070909696768563	-2.038470880333636	-1.3938416354670058	-1.9103985416155709	2.841866294005035	0.1351446750824925	0.01982613717594567	0.1360057863305517
-1.249780158578072	2.6163388116254627	-0.9121006888320906	-3.3367161464368875	-2.2810503920080025	0.09384752176951705	0.05952985235131743	0.0989799567323662
4.789638805540076	2.8901719206756677	3.4363305264154373	-1.2447785480090379	2.010965807063565	0.36494236434959343	0.338160581992324	0.3656458475343491
3.54084088100357	-2.0891730317870016	-2.9415997610801514	3.9762625615574336	-0.08952357237156239	0.12988186440942437	0.26593065096931273	0.22652348463038957
-4.5899507838810925	-0.8067411962992228	-4.733644161864326	-3.119651502164201	-1.9663304798239976	0.05024558625574816	0.07567805549757754	0.05398091596793477
-1.699798624277454	-0.029248729519883554	2.1275353982049916	-3.6540268636384488	-2.4308367796195327	0.09025620127468971	0.1792759677794329	0.085418949855725
-0.9979434068068249	3.438871751848003	0.42539066950996585	1.6173795664687018	1.228048796381005	0.3043563427167443	0.29707107961425516	0.30226576065460753
0.04647646158946639	-1.5810397455088188	-1.4930707112624733	-0.4027711490378163	1.604547082377909	0.1461495771550738	0.07362258009271522	0.150396386017378
-0.9245857314101382	4.796152816604781	2.5450327741706698	0.11656606902259359	-2.876836669688121	0.1499544129058156	0.13707067942586687	0.15194942963020133
2.2397542121271288	-0.85830219351773	3.374012117928787	-3.1854754302667034	-2.4644008800693595	0.11270890026352033	0.04236679260833691	0.11913120516878074
3.6791102051838944	3.282130989784328	-0.5248729497887403	-4.138084425954527	1.692791096372824	0.14158978830143626	0.18705621986744708	0.14245308108501814
-1.1747384454572685	-4.522503829434013	4.856823402820149	4.776500919691941	1.3636787460129671	0.11325310372439062	0.11482890604893337	0.10661181985655364
-0.29959544265699556	-1.8371965701168467	-4.029224595320335	-0.5441405426961392	2.2406510562684376	0.09819966415668707	0.11871025755683849	0.10181772726181677
-3.3080662475455136	0.9930298959279114	1.464530995685374	2.9115074477252803	1.363418957437041	0.18565440163587368	-0.02388038603701023	0.1829493228963639
3.125703567807312	-3.16817768905422	-1.1078455569948664	3.2231384331350235	1.190233518222957	0.15807363129216137	0.09325445139457356	0.15094798804220194
1.0982815261500942	-0.21499919382883892	-4.424350301242034	0.7084863694695063	-4.507517883604311	0.07369870752752074	0.039243118594269794	0.074221066486866
3.2928628032181138	-1.957721489748936	-1.9104021418857418	-0.7676064619097449	-2.254442871605754	0.10462346959536724	0.09773228813214248	0.105512886280179
4.304637125605586	-3.521000471446878	1.5566425926307996	4.785536298626891	3.701108703556482	0.18185620936857375	0.1700932058256225	0.1811393947434134
-0.23226005301879127	0.9432454236164034	-3.33521981833505	1.8145470826283656	-1.8159600036777954	0.11846723682713561	0.029142490477038374	0.11653158978241977
0.9753447097193968	-2.189773308063404	-3.2773647456397637	4.875340959856594	-4.122060207128005	0.07711352984709922	0.11907740987861895	0.07500110189607005
-0.4173884672264272	-4.321944214198002	-2.062056965567222	3.876547683382249	0.4836566138807967	0.0970740412211968	-0.07267430908161114	0.09768357880844003
1.6438276751157375	-3.53735019594441	3.2181887526478175	1.4591335523904414	0.32986394190094614	0.16912560277822858	0.13777189115712044	0.16949480969548875
2.338672476551631	3.94704456267314	-2.5996012020907155	-3.8399855673872594	1.7943647656706858	0.11637549904758968	0.1808886117082138	0.11614119006683951
-1.6584150985242063	1.4645796129224662	-0.055447364888050465	1.9521986997877372	4.296919062654853	0.24287176108344302	0.40254906991651107	0.24439822113279508
-1.5863299584398192	1.9412765275303157	-1.9632909001278795	-1.1244260495750877	-3.1846350835726103	0.093414138985532	0.1830193543479437	0.09930424097836762
1.4590915349073814	-3.702026793043338	3.751860911024261	-2.3464473953540157	-1.8088513509744475	0.0956330067949297	0.1039322447342021	0.09678959104356497
-3.800490664350946	0.33943999869164365	-1.3360494676697963	1.0603135928279475	2.9683156124853163	0.12362472891307758	0.10299183407390829	0.1259938009795831
0.018649117277651506	-0.45954540045674364	-2.4820547801222137	-1.783907148516687	4.069615275388262	0.12509432656545275	-0.024328347581038134	0.12560929516465513
3.050352665892701	-0.04233239814351819	2.0145239446341456	-1.3308829193913385	1.0516209661284908	0.26467481163417944	0.3329664323153316	0.26536993332602105
-3.810981894863401	4.543814908201227	2.6236276863014263	2.4231113018025745	-2.23843803353153	0.1224162091782853	0.13350945786027232	0.12206918794721078
-0.7674784018474536	-0.6120896392597066	1.9985100884227114	3.338263821334012	2.1680274486644837	0.2936799960382547	0.3095028188906109	0.27899153122215864
0.3579998396695627	-4.262473704974697	4.287611429570083	4.48085117949233	3.4293537845982023	0.14543572396839352	0.09202825154693473	0.14814762920769037
-2.4271525780300376	-3.8028111181457245	-4.607696647681651	-0.6245910590562689	-2.3610201038373724	0.05540550839029299	-0.08058742673527403	0.05333846747196892
3.107100029903531	3.6638320804678948	-1.2712655338042467	-0.08083365386517194	0.9198476137487868	0.2665641449553196	0.26484168969323374	0.2659929579181483
4.297727932717606	3.5364229442140083	-0.2608474831378462	2.6639719616247373	-4.4873108832384645	0.1355422880948013	0.21978001868550595	0.13635687665895052
1.6133176361555055	-2.008346503697196	1.071964285339205	-1.7459300495617844	-4.268876234123596	0.09002183720489888	0.013342359559166142	0.09245694949417022
-0.5070523322161531	3.2786632371040962	-3.2025304112968622	-3.4415934478966435	-2.5468942645693415	0.07805754432039838	0.2299548704871824	0.07900401366683639
-1.645446492632734	4.365645494116933	-3.894067871341508	4.6839366744640465	0.8590872402656355	0.11991488530478733	0.2421635411736207	0.12063205646534401
2.1025572183098102	-2.0662411584941456	4.8738159454247505	2.6323479903195315	3.234687076532767	0.284303852321972	0.4231408642061629	0.28341319879025
1.4409428299219762	4.026136346867965	0.639085804916645	-3.20140213867689	0.1856706226927427	0.16546601977836442	0.18092677337557456	0.16550557056024567
2.988197256486062	0.8373506754236306	-3.0749711602191265	-1.6269125389479933	-3.110066141244233	0.09494539765951497	0.1131603301885155	0.09612774841250736
-3.235341914180785	4.343649099013875	-4.599956189626763	-3.7330416499542496	-3.1821801995964005	0.05347667430669848	-0.002938550756929635	0.013442798615403921
-3.4910768778207912	-4.339567000677585	-2.3400331282473976	-3.9517189823758505	1.546365851777539	0.05556829747458703	0.024379218582179427	0.06052495333154456
-0.3082534642221706	-1.4373558527042563	-3.2969980941659136	-0.9202019856401664	3.182931734424761	0.1102678067275784	0.026365521927500177	0.11320441862872681
2.7327759169625008	-3.2883673391568236	-2.075965806204294	2.3655796290425135	-2.913646747660501	0.09455897409848324	0.22187850050007185	0.09482514204872108
-3.1460759001041416	-3.386228768309002	-2.125065696188375	0.6620401237545366	-4.562968440572298	0.05797470697500945	0.10088801022029356	0.05598422562609638
-2.2117332226144057	4.294162297716859	-0.5265568907938478	3.97055872472726	1.5627301539993397	0.20291651258710489	0.05547466609793114	0.20352717460445918
-0.7152247359282278	-1.5407927264090802	-1.4520954732828861	-3.808828028192689	4.458050172530278	0.0928256046725653	0.07671342095381667	0.08055268993657994
3.196038935618983	-0.574328779366633	-3.4382079068604163	-0.04324965143759307	-0.4426678257481944	0.12441198426941508	0.16253989919189585	0.1272625393837429
-4.361405282273841	2.3648081134937993	-3.9066043494517535	-0.9198443208721274	2.395667833120396	0.08128406917039566	0.07588230089189062	0.07936919130099859
-1.8660423058808617	-1.669209408314829	1.44593604596007	-3.526176775901706	-3.213261823776917	0.07457644042427101	0.12502101671478882	0.07280705074297213
-3.607533685443989	3.1852468978283017	-1.1412502878138229	-3.2252318224362684	4.3551507563976255	0.09395518940223282	0.2230520818048207	0.09463204392309334
3.4846987540924275	4.478117465304827	0.5044939485176547	-3.7976694607622994	3.803993611072677	0.1652837092200523	0.32537379645966125	0.17126525002675444
-3.969308535555458	-1.7002195531814692	0.5074225352590434	-2.0962037925488786	2.635516110643871	0.09260939148139251	-0.11729702619052206	0.09438627248673939
-2.1482351967267577	-1.332973266459363	2.8401432226004273	4.308553315217669	3.837671736046392	0.18968657809613815	0.16629271612778457	0.18258556217637692
3.419185565759724	-0.5013041256303179	0.11986671134538529	-3.8108782884763084	-1.7414754897711382	0.10570861649754257	0.2921454815585536	0.10035150230913417
3.3222152122771593	1.2926396512619887	-1.6482121028765082	3.7996084438662017	2.027222959144347	0.3204055401988333	0.2778002632990624	0.32135533946763567
0.4760245107375818	-1.197909085208042	4.141793114428612	-2.6891190578455317	4.957018689197151	0.15039271535771448	0.14296965458526503	0.14494187247094364
0.07294409596752693	4.853312851037327	1.8167095205124184	4.672269878379698	-0.41061142151378593	0.30458685295207694	0.43564148973761496	0.3025988431211351
4.319289649000703	0.9578350926045873	-4.461086418387925	-4.273704035093509	1.8878124571029975	0.08283459675295864	0.09288369248009486	0.07849395374348614
1.589039745221415	4.8442511224828895	0.6741279350646145	-0.49982315939291677	-4.026033404217899	0.12917283235775656	-0.033856644362240645	0.12819459790566728
-1.7827231998088768	-1.064912178945189	-1.6941606582685242	0.01140149774189414	-2.949230096993208	0.09028680448352716	0.19135460944232863	0.08700924081723807
-3.4291867058342285	-1.8604137629321924	-0.735354088385364	1.1508641428047115	1.6840953267526002	0.11228153087155104	0.13395227394020792	0.11636546066864774
-4.322128391466209	4.980559817859415	3.8617199485612552	1.0409342910736417	-3.40676260056045	0.09245281069289496	0.040403971476985004	0.08893287519121762
4.989937929185114	-4.0538840429235234	1.2255719587496463	-1.909827822183602	1.1484636047855918	0.11185641763920501	0.12858309041627344	0.10356229462459415
0.09849071156532752	-4.730032178326081	0.8327265207203114	-4.192446312077074	0.12516125681903745	0.07253461566357941	0.11631265963076076	0.0791226284531554
-2.6894871376062146	3.4636541456641083	4.6969967636811845	-2.4528501314573425	-1.5013929297590933	0.11054469246832782	-0.11691695312193517	0.11048900521884451
-1.333204443847924	2.5563550443440564	3.664257166727861	-2.8719505936870213	-2.96111633606009	0.10589918737837543	0.2471486163604406	0.09519360287879516
0.8696878099459688	-3.035283327465571	4.741023662601659	3.913895371531881	4.138223169077499	0.19559980633104485	0.24453704693273104	0.19750497998294086
4.172974677859504	-2.16421533891051	4.722531333041198	2.26819092080188	-1.801160904066493	0.1677886289311487	0.19715960414477476	0.16562656342214374
1.72298153145252	-3.528643546805342	1.856103137272843	-2.2155560311523983	-0.9361144238929171	0.10722999962999083	0.175733530281378	0.09457397698864536
-3.50941075401911	-1.5786521153299837	1.741184610052545	0.6726093459386675	4.7264782273867105	0.12768363212365394	0.12528212624747903	0.12062766523731462
4.966038849887672	-4.673028756041653	0.2757415565289669	2.5436604288019975	-0.36535285838236575	0.11534543061273292	0.05930477880335936	0.11271465270311547
-2.465136872334819	-1.9033529624662204	-0.7451523730332532	-3.2989913136955415	-4.152658241450842	0.06105954090010697	-0.031409694494056284	0.04603716087812732
0.36800245787262753	-2.5903624076232488	0.6278915260441202	-0.6438131860675567	3.1749805013936285	0.1609931234753925	0.2544193004051924	0.1590396210936559
-0.7487942237370468	2.5243763492930498	2.056119120387115	-0.6071903510530419	-0.31091825960507435	0.22652832916091337	0.30350467193077735	0.22486965080170193
1.9688841248537052	-4.408914484529065	-3.093727817888967	-4.361832751958842	4.870767228262611	0.06419099790243862	0.05287684024002553	0.06469841247855812
4.765252333641204	4.785031894019129	-2.3613875923081498	-0.18905099681546922	-0.2735120481012574	0.16411506319087865	0.0859149022517959	0.16432933972761782
1.6375042307492338	-2.7018903541745343	1.1321861574294365	-4.111690757827338	-3.0226812635988374	0.07709772585547241	0.061219744210607524	0.0796775329843464
3.2876259596794313	-3.057902820482703	-3.6230201054707645	2.1102449968191586	-0.6264539133407601	0.10041356073689704	0.09508586163421168	0.10026152485217234
4.147184436152887	2.0736391217581325	1.7857833578410185	0.2836476920603932	0.6536502063905765	0.4644158562297056	0.4349643858970759	0.46698805555605555
1.167054617449308	1.6564521893163544	-4.918710975677883	-3.0491077884167095	3.540787026677652	0.09111206485453391	0.07997214701491077	0.0881692372240308
-0.5508721805743777	3.1616370673154854	-4.5638661007856305	-4.710734569958076	-0.3233761569878997	0.06880080012406285	0.038365212156202796	0.06836408363169
4.985722532945049	-3.9562710662485356	-4.809534602982994	2.7040240739909382	-1.7674449691064806	0.07085275858894224	0.1629273101641849	0.072096334036402
1.0102565810657493	-1.9414040512814426	-0.966889203356498	0.17649260862617222	-0.06339969085433861	0.15044522501579374	0.04332468179814025	0.1475283645692336
-0.44160288703961026	-1.2204393989915454	-1.2134949305040177	-1.2992189668030694	3.28335530921815	0.14089695892700552	0.210246355275524	0.13696807130245323
4.491402787772561	-1.7040708927833883	2.2303988587481536	3.683345858729952	2.6935709596696498	0.32780746674135214	0.20350219168312755	0.33309785417738985
-0.19423596756235728	1.6611054877150524	-2.227081775930859	-4.15779969366291	3.8615113345706114	0.10384812977390984	0.028627477908000673	0.1025632369099945
0.9876195613153165	4.4596400103269005	1.7336532915739236	-0.11698822922830487	-3.04363483815599	0.1694197498742977	0.09052057279793865	0.16933427506207444
2.802615670960882	1.837086323320242	-3.171308869053475	-1.346100731282668	-0.4554905884963487	0.13279262174312587	0.15679436830767352	0.13041332958073745
3.5056953551080117	0.5400741995505349	0.012865870431536308	1.8560915717668092	3.5706078758931277	0.45737174406731973	0.4762004137520198	0.4619069449680498
-4.160616545803707	-0.7127016968386553	3.3905419226739433	2.432716730625609	-4.357509448455733	0.08021442162546186	0.20467482996701603	0.07874074778312551
4.441664568873103	0.46543951811016004	-1.558419194106564	-4.898560429971353	2.3531326995967596	0.10300011177212728	0.12861869044710536	0.10194063451350541
0.4735754564058947	2.0868406178468284	-3.894780050671338	2.7441070965171654	-3.530572025825356	0.09759094303546931	-0.010730302577128675	0.09938568900385639
-1.6735669280816068	-3.6555866244757116	4.842170064202691	0.2863373760939494	3.23720902525457	0.12202133021464959	0.23480996321768857	0.12491852915001848
-2.415203351545644	-4.092864485968266	1.510131067388917	-1.9026059540637483	-0.20306530241037812	0.0825436411636091	-0.033554525631587534	0.0830624777717394
-4.02999660178509	1.1681422775888937	-0.0033483877608855295	1.3532485570683752	2.396180743720592	0.1431167065054589	0.16883672112030731	0.1452494227318073
-2.911726378795337	3.1183463322817673	0.6310013591259453	1.2154131012774982	2.540963234131553	0.20420609691891187	0.26682333634499134	0.20123444864493364
-1.0500774946914024	1.0490914394378112	-0.44655163858499236	0.997604783882319	-3.148849127298864	0.1267333601849403	0.04752989876116841	0.1276484143203233
-0.18149726298638402	4.955532025117174	-2.3778129971712914	-1.3536827882381495	0.5007094599390252	0.13685898503235783	0.07915484495841657	0.13508685399920217
2.9094142175047546	2.4586130053236026	2.2052585225505394	0.8452872752403451	3.4556228231500246	0.9273600056404719	0.9231968319188566	0.9267309987419895
1.1843661123484797	-0.660518804573532	0.31743797673507235	1.4153390023329369	-3.2281060408499984	0.14246532520534327	0.10401729130546372	0.14182766908485994
2.763419383354446	-3.7719139932791212	2.4712846274870213	-0.5677193602463282	-4.642775452461478	0.0817427772537764	0.010116683735473267	0.08302879539272329
3.4436569320247585	-0.8953828330802169	2.811484534595471	2.5163043434265218	0.27960596274754135	0.356622161068054	0.4313874495600628	0.35798883595389897
-3.779104010731996	1.5676220746097194	4.9841527527449045	2.371210673580199	-3.8092295681730293	0.09642661927202754	0.20571967866825663	0.09610755969547542
-0.8215252810701159	-4.761150409781385	-2.932896190014657	-3.013887172575904	-4.88838799622009	0.04685327052300088	0.18115868815506714	0.04708068669938867
-4.76007253823595	3.2054651621595163	-4.890099673447834	-2.6647892815010987	-2.858862571486381	0.05156480548511443	0.05984077808671058	0.051101824499078324
-4.99024499043853	-2.9017723487540312	-0.4441319104496868	1.435971219493748	4.280315493785077	0.08359640406231815	0.027639109920157036	0.08837569747336126
-0.484591125321737	2.540401064591009	-1.0733741182387826	2.0601274225525144	-2.4317926137524015	0.15543949316258876	0.1193798937990135	0.1574007131949129
-4.588171937159633	3.893424919201177	-0.48254433995055823	-3.2671934389672277	-4.094561469323251	0.060563045223344866	0.012612415495625251	0.06147895599934708
-4.109461153949651	-2.084924076982012	0.11822031553387546	-1.7709519960623918	-3.2948259077477604	0.0657495217332506	0.1702152218275571	0.06529748723922653
-0.7747758540083645	-3.3175894879000403	3.392251618887645	-2.80876931037225	2.2013667193660496	0.10673002498363626	0.21158993506321483	0.11374204404158533
1.8724637292146609	-0.3473166771674485	-4.075245631362714	3.532337065188491	2.777755378702434	0.14734540352244443	0.06598629708478912	0.1476568908072869
0.07299434446051123	-2.0726633050726315	0.0813465295896707	4.465106742881346	0.09046833906316643	0.17114576396228154	0.25777931285842254	0.16755499772965246
-2.9350502409413357	-3.848179580053036	2.80752141681673	0.47189172679917046	0.15352152238646521	0.09837368225877693	0.18238260530763312	0.09401852855760531
-0.7760310380563231	1.8231601012059508	0.059503841720419004	4.2888956584591345	-1.3295425669269525	0.2012231507709303	0.15320735517692805	0.20588897722185984
0.30879830673186426	-1.6904500606033448	1.467639700716413	4.586487360642199	3.382083925905924	0.2547514541812616	0.18198476117796947	0.25290587476628734
-0.21683154498146884	-3.8235007468188895	-1.9409417077277134	-0.5605084839046164	1.470044578462213	0.09867863695664905	0.02219683768636148	0.09512238430556795
2.302119503340138	-0.047868241940784095	1.99194872590755	-0.8915370334359904	-4.5510108428700455	0.11369510962716477	0.18031903038978803	0.10712960440333981
2.598869669267817	-1.1423110725079666	0.5111012924084193	-4.447617795992546	-2.330921626552165	0.0889679718754093	0.03644343713897584	0.08251659322170038
-1.7280401906127119	2.314103071198063	2.5344092688112676	3.9194336643709278	2.615797888860822	0.344417101646979	0.267163838564044	0.34488816681410633
1.537677240153715	4.675111573073121	0.5360260959113621	-4.328841447121222	4.879670060075492	0.13649896169232087	0.05100800662200919	0.14067155626028988
-4.643135125180697	-4.656791155275726	-1.422736521644338	-3.2407390268430647	-1.1108177453123993	0.050645679280084	0.028229190374448005	0.05062982286543204
2.2796911483565987	2.9931131258164347	1.78613617445337	0.23233874836127022	-0.7677319811582404	0.34664315070539836	0.3955276187323313	0.3502756907472121
-2.6363159720859644	-1.4488017594363267	-3.38793550591145	-4.4304657043433675	3.642411008116289	0.06536369485697127	0.021938374497094584	0.06401210934635368
-0.5819291989086679	1.2538850448772312	-1.4676183841308998	-2.6598656753901784	-4.659638911136365	0.0760208289997766	0.07744811899019953	0.07345723272083726
0.7645119925978889	-0.9849691748219147	3.350765377624356	-4.362151673443886	-1.9509828212815705	0.095498277598653	0.1866854886689296	0.09789466046469886
0.20980391989230185	3.646508585247039	0.13546768093300976	2.076351626111169	-2.909201815559306	0.17488477831290705	0.14577131000495494	0.1791104519444278
0.640548673608631	-4.89783907839427	4.292099047565694	0.7760691650729123	1.782697274055117	0.12339572157525196	0.20397440866106076	0.12477748720859617
-4.9776295706215645	-0.9738193129030073	-0.5651081234067377	-3.2164348103923612	-0.6088431505714809	0.06719905337721471	0.10799290803352099	0.0640912760089012
1.8545554160217108	-3.4038850345453042	-1.2445911096330295	-2.555379609402768	-4.452208347508082	0.06590394172991006	-0.08142609935990912	0.07303522782674837
-1.534417811206156	4.512875480270942	4.0205118157433795	-2.024289547470218	4.175042245888974	0.18013022663481593	0.22706907650052593	0.17988866379409035
-2.705550172434974	-3.4103764971862907	0.13612976497957519	-3.2380733989908608	-2.7545148939432087	0.06294217518317977	-0.027806138742874215	0.06304698474397528
-3.0932525274686995	-4.662930439499384	-1.8811740558263912	1.1462754418332324	0.7007005633139478	0.07496411350690642	0.016488695767490923	0.07571976697912304
2.4856009713478064	-1.8465533494751218	3.0737101278933423	-4.643890414706487	-2.57714359647381	0.08453606292622041	0.013776385710428829	0.08231525073217105
-3.0357120394671333	1.9526229733085918	-1.3646384637501474	-3.7064590556635846	-1.035774782730765	0.08140607268765801	-0.008392086900767301	0.07981990797649006
0.28303165215114223	1.1473187090076875	4.049616465766142	-0.42635359898427705	0.7220402777341324	0.29546427610890824	0.5211246817803992	0.2970792150853793
1.4901098860309956	-0.6383428562661164	-1.6432651321137803	3.654252061550757	-4.221495085898016	0.1056465380396875	0.15598724322636237	0.10883320695868924
4.447701208054081	-2.7110494207169165	-0.5978760830667254	2.612086857122767	4.628257101827234	0.18031554881703835	0.20412724703015164	0.1752274986258654
-0.7792905761350184	3.307766349940355	0.44863978014743466	-2.222556509742961	-0.4582820159701573	0.153557920064531	0.18118700985903474	0.15302553218043277
0.5602758723417391	-3.182131361445438	-1.7359241424611174	3.552372893434832	0.34775918491029767	0.12667932987760744	0.1579778612959723	0.1121264845422265
-2.1562225778940967	3.462839587034157	3.1130833470645314	-4.319205856449502	2.139729686717768	0.11611100721160726	0.015255390653318004	0.11892829197716762
3.464514308744331	-1.2306630360435222	-3.9358585112913556	-4.701580817555639	-3.774452501047657	0.05668035505390337	0.0848936009469376	0.05621877211303604
-2.2602279295152607	-4.913891045212501	-0.0803138866672306	1.0711002895174673	3.9064803749553754	0.09146589892357035	0.08340842323620715	0.09190374169584957
3.950039024069744	1.4023108482263371	3.2020148744482064	3.261213437883292	4.989976776553622	0.7984519732079244	0.7748777482746905	0.7982145183680764
1.5716262281828373	0.6549876435702089	-2.8618790040013122	-3.707354342167295	0.6229881440783691	0.10252230745174355	0.06470678906209762	0.10352852676344323
3.026550640436623	-3.99689867683078	-0.3095551460839152	2.831848476487612	-1.8046978050931939	0.11360557752091648	0.09820293510199553	0.11312893755347339
-1.4282037607582754	-0.4047480736831721	3.01438166982226	-0.7368510368105943	4.592719833595231	0.18974497851413183	0.09663485485352095	0.1842809515697765
-0.5896011787962196	-1.181688747189126	-1.0148503365578696	4.7589598741305394	-4.411735667954439	0.09130873590129975	0.1467781617116407	0.09418115845810814
-1.418206170078653	3.0688844801618327	-2.0986566857907185	-3.2064945759444976	-4.28108509411892	0.07039459257273098	0.17049260323840204	0.0717359489850166
-3.101903114704129	3.8679140778362164	-2.912973780696504	-1.6264401078929325	2.4716836245944185	0.10036853150445936	0.013053301138482049	0.1001189039792083
0.30902315843297146	-2.436635506812518	-2.570878764216764	3.647939820890034	2.9642805420765708	0.1365110296320558	0.20794661005962356	0.13827500284563057
0.45425141128703395	-3.1302925640324664	-1.8547096869845836	1.9870767379429832	3.35367898708153	0.13553692647202983	0.12954428139745222	0.1377014235708615
-2.0407715117793837	4.174569040009402	1.3443326736504755	-1.0751131047429299	2.7379231251147615	0.19529169203618033	0.24641649532748253	0.1948190879046064
-1.9357638926163356	4.393587543797064	-2.7827385052088713	2.9316110961125936	-3.211252119414106	0.09677895819633596	0.1842218751064605	0.09640646866904098
-3.6335066201072372	3.551213577785944	-2.472856179572892	-4.078371720880135	3.677230436370454	0.07702890958906965	0.022778119372016327	0.07562091676381923
4.821682961328758	-4.011761328545775	-0.7913874452438154	0.7263166765788256	1.0259970006644625	0.12357232537095446	0.13146062044218498	0.12253032089820166
4.369081191500939	0.692566259294968	-2.815263912066767	-3.1606189417437025	-1.5712161297671265	0.09536054654064276	0.18161327117139595	0.106489091720195
4.120709473459316	2.6202614092829792	0.14150709784504745	1.2579930440120126	-2.773997490073088	0.19629085640234004	0.12441346243439481	0.19634614485226298
0.7673038215687367	0.5400389538307939	2.8996368370771783	0.39838137280362673	2.7435722709816464	0.4370517051415031	0.47846730141253246	0.4396374595366953
1.1422094217494463	-4.020984637002037	0.24785628899767786	-2.91872150511457	1.093047509484883	0.09616527672124295	0.13587497119509076	0.14677758846078653
4.4541313075795	-1.3896862863263495	4.567580057689922	4.728948632950617	2.255365384035949	0.3087859336364678	0.23076173217215287	0.30478427851293344
-3.341803581352314	-2.421598548213737	-4.412139311581318	4.8043035767399935	1.952054949463089	0.07467941273542693	0.05366578063021449	0.08410532499257144
-3.1582673058618993	-0.027566538414463437	-0.8152708292137731	3.5053027957582064	3.3809505201956327	0.1491487460541359	0.1719089064454774	0.14774370437649903
-4.719936910958884	-1.915511855125216	-3.766676301973612	-0.23432961311297884	2.8938352173292827	0.06895612499386333	0.1328521734172164	0.07191723497953556
-1.4648520403166145	1.5194211897568781	2.7370785574673384	4.07095350307881	-1.0529304641971682	0.22336719355356666	0.2603200553893092	0.2202218008532033
-4.946086343979771	-1.223341849477638	-0.029686696881952912	-3.029288241642959	-3.4109781135791217	0.057934452607689195	0.09965861332670588	0.05843752301467361
-4.748333361039265	3.7284646776892227	-3.6893013564918755	-1.1989903357434963	2.397684966507402	0.07793722818786007	0.11344198076106712	0.07775880386209442
3.32328003296886	2.7773758741740284	4.062377095041878	-4.411999875090199	-1.1427730188077456	0.12757864019619589	0.1688690500529559	0.12309816260419572
-1.4187123368320398	-1.399271630058733	3.09154751420016	-3.152782312456935	-0.8407867446735597	0.10363192212640818	0.06312616904000617	0.109495125693785
3.2572667091518195	1.8355849676709983	-2.8744085421087693	-1.3339040884483309	-1.1433061603167816	0.13007210510392972	0.19053327190720554	0.1286211402694559
2.566225423934454	-4.963141009785827	-1.32458801213595	2.0616271146562584	-3.760588176077632	0.07468933005406314	0.042763717280013006	0.07724565074911047
2.7574210891845787	-0.3987811209529921	4.508462686733271	-4.52313646702083	-1.2294553921605322	0.10709861103956507	-0.018459898797883775	0.10418883245068637
-4.111665965154892	4.007955988335572	-1.5140153366524478	3.7964676090842566	4.112793190847579	0.1268379261463696	0.05891686065210405	0.1277389281597453
1.6426089918329714	-2.0303264668008536	4.807570423617854	-2.2070562585598044	2.7042823416369366	0.15970642289734102	0.1261838170125995	0.1609942695789135
4.241423748057102	-3.848857830198402	3.932229298017905	2.5892855927900813	0.013067436493905404	0.15771007388132086	0.0854267825839379	0.15766774627659236
-1.742664272458263	4.097924799866346	1.0045182544902342	4.136956172507917	-0.07250495515172517	0.23034465223241918	0.05615176000683497	0.2233653284570172
-2.8142128163273106	-0.8629317776370158	2.9613338312273205	-0.22189321454098465	1.9287890570854849	0.1532405086099596	0.06378431866024534	0.15345114493961245
4.801001330553422	0.8971068929112205	-3.941785472041831	4.678801317051455	-0.001099812840685388	0.13759109016686807	0.047851293831196365	0.13375401492340366
-3.703829228665229	1.763205367630957	2.023300403998551	3.822044542137906	4.80590276533764	0.17742459584830333	0.1474525963478105	0.17799046789920384
3.7354604387953003	-1.6051241223278314	1.1619483139614122	-0.008610822952700659	0.2724390074820917	0.21451018866483748	0.18640949616813976	0.17091626889336684
-4.0104836904944605	4.317300484562685	0.20640140392274997	1.6553418722129365	-1.969644635242088	0.11087478945753074	0.11691646078577143	0.13047430529274914
0.25418137417888964	1.4460954480187258	1.9665807087827458	-3.3032340086681655	1.013757676763328	0.16750976495403852	0.20980797643092294	0.1736019930699739
-1.7711429941474455	-1.4181460685232117	3.884386771242861	-1.4395146363746116	-1.5683303735131915	0.11280965764470385	0.0146246831633359	0.12257741784397042
-2.197285798591957	-3.6301239428644605	-1.7748219114271269	3.4428381582819814	1.2380834547464472	0.09797226508766388	-0.08905975523600229	0.09192052637696602
-3.0751143353851997	-3.178872332116306	1.9978490778531324	-2.2517444813479024	-0.5430458113598569	0.08249206708342899	0.05033658886410134	0.08276039918779446
2.497790327751078	4.628606719127799	0.0325000398498867	-0.6492820419421275	3.4453817337414634	0.3308382097348311	0.37195635089454143	0.3335664965199171
-4.2167681343555845	3.2714642395263756	-0.15895345481543544	1.6750498278474986	2.363072265348367	0.1443093235268922	0.18080251512017836	0.14780694069160072
-4.371859485999952	1.4704084475540906	-3.7268741584163454	0.6755113528618617	-3.133744458450023	0.06668406360792958	0.1594929798662273	0.06433215226558323
4.465977596789784	-2.2357213926703556	-1.3843647015289964	1.8625023339244562	3.2176930393079317	0.18140321750005278	0.19943748103872447	0.1851761786391761
1.517227524718109	-3.7332466990451927	0.36912812109438065	-2.0533099252091027	3.4879978037068557	0.1173284840740441	0.19020130921399908	0.1197717060373459
-3.9507708438748357	3.0259574158181497	1.1242214963216037	-3.9804725459622103	3.049032884383953	0.09473120633087097	0.12588094572055625	0.09368683229482151
-3.6739831828896232	-4.765609006581086	4.902765627586961	-2.778124914059049	-3.9935010251355463	0.05108216652522813	0.0629871765762433	0.05099485331718613
4.069727255956259	1.4532329183858117	1.7957365590169552	-0.8331134400783116	1.9068229950031128	0.3864756726165882	0.3750551564040679	0.3612988858614824
4.968331481704746	-3.6159365146908042	0.3086336932977325	3.6299765862305957	1.6045374757416084	0.16068752783531634	0.1474765603511483	0.1591169920841359
-0.9261516370100145	-4.554123295569582	4.153967642730535	-4.550079694530382	-0.9327287814915497	0.06610209055134512	0.0330274184644648	0.0696819104426118
1.4542320202700774	-2.6571937433826873	-3.6337264471669206	0.33252864301612917	4.904809165669144	0.10622108460197628	0.17632729323305296	0.10567382509847029
3.0294974549417795	-2.9635393532136844	-2.8410696756248788	-4.226851002998137	-4.287433911091787	0.05555036002273617	0.021895813703283078	0.05562449440299479
-1.42358327103857	4.51329949486199	-3.3821239529384286	0.038287402719054064	0.05756582783027753	0.11762030942722791	0.1166435996034637	0.11774843492430406
-0.3408407073792228	-2.9085713660044488	-3.7267224244348363	2.334249003184226	-3.3728497991144266	0.07279203606832543	0.25151488554255036	0.07229491289340804
-3.024687047736668	3.6302967787869616	0.6820826751069831	1.8145687202000094	-1.6750983739105285	0.14218954081714077	0.03634231484916961	0.12461916439313914
0.5308196412154853	3.926995980847229	-2.7561272934740844	-1.2361235723402908	-1.328861805547735	0.12228981007546956	0.08686381802580675	0.11823015097949807
-0.018977827634111932	-2.175544270417494	3.485994871054782	2.1044557894470284	-1.0002479413610965	0.17259037192308838	0.09126734150632046	0.17019452639110014
0.33894064215492037	3.101935377176364	3.459641557865048	-4.262320422341687	4.814697693734017	0.14633291816065122	0.10275716117391842	0.14428701083058734
-1.8884427123998715	-3.111985469874633	2.101501466106596	3.4432476691289278	-1.5130126286066172	0.11412360707033185	0.08612901369655607	0.1131766736590287
1.3627288217520528	-0.6122385821520426	-1.725340275834295	-1.380477738867667	-1.4489631921522483	0.12189231889349678	0.20086489366705795	0.11720906660715691
-2.759947106407261	-3.4589887196242906	3.7134179627632697	-3.3620897403689556	2.972329807589812	0.08272568378899196	-0.09959399817840718	0.08459133722039687
1.6524256472926568	3.60221277775959	-4.7998010260050625	0.5786957880475416	-1.338839706953995	0.10787049331718032	0.20181461719036053	0.0986038329593818
3.918307297906418	-3.4862848470694576	3.4863750240810436	-4.696331360905386	2.5641065201474236	0.09295817677378887	0.1205682034902264	0.09316881196425221
-4.478670730173487	-1.092605964980271	3.607515069291697	1.5131042994530493	4.098370404738596	0.12275015776864694	0.1707166844955691	0.12208936385229596
4.5058322235234485	2.4894705727674413	0.11187048748678041	-4.777673562413371	0.021328163019838087	0.11732385917172188	-0.021333521604729108	0.11801949879661136
-1.2269245010498784	-3.7410234917986873	-0.8129619000402108	-2.5241472909395823	2.6184049827596647	0.08809890797416099	0.1338347390184756	0.08677451060321095
-3.8955212375999793	-2.90270567075357	3.6395976907383236	3.4837265997604554	1.2436487800089058	0.10974780725188138	0.15079088316246178	0.1142602238098444
-3.4620754409713173	-2.4568583126797314	4.428194562527786	4.7712263398054375	0.5322043335997453	0.11389168866964318	0.2872243971501655	0.10353672612419194
3.9968990001439053	-4.183324199683786	4.017543771065338	3.687575257720143	1.3151761270785736	0.16144463053024458	0.09968359250523232	0.1602453748117193
4.302256832805982	-1.6945504141719656	-1.2275996890978003	-2.259012996816865	-0.6610648858589387	0.11406685013974335	0.09191291490491921	0.10831267202535944
4.647037927502822	2.8756658505247685	-3.5708833311719013	-2.583550431723869	2.941769296515244	0.12182623336534569	0.21734484456351702	0.11431162607474404
4.772253906962609	3.268737251705339	3.7111589173306765	4.942643007266481	4.149603297600866	0.7238875541274761	0.732298265788253	0.7227480143985415
-4.686777942131664	1.9113296939396287	-1.9753350872114739	-1.0527108172922786	0.13361847196743248	0.08720956185275386	0.20287341340052784	0.08241359993853617
-4.397849536357887	-4.380073373315545	-0.7807514006301535	-1.9764177896283441	-1.2147635804869736	0.05847381883811273	0.10959529915018185	0.058758828544380415
1.076195041825688	4.649082866507278	-0.3426113284301078	-1.140649244800188	0.6509859574778911	0.22096325485610596	0.11418161296975085	0.21985491422759018
-1.867925382774117	1.5389809927412612	2.7035122486431646	4.370675896042918	-0.316743889457598	0.228317166752883	0.19950785559862722	0.22664287775373546
0.3788275568931976	-4.6193795559919115	0.5642836708088925	3.3390702609092777	-4.603298380031707	0.07474773458326484	0.11513278710595147	0.07571699891145282
1.419175387978667	1.024130043156517	4.690870689521002	4.472317589322156	0.6326290529915308	0.45383836378008696	0.47896452676880963	0.4562464466914588
-1.0493363931323554	-1.7782945104101646	-3.947913576144453	4.000352946062497	1.1063189411384986	0.10299779120779565	0.014616627641158078	0.10547277425922737
1.713539637064554	3.769086194810029	0.26116226625892836	-1.0666482351760886	-0.3497337534586471	0.2352606272730437	0.11869696838286371	0.2354899903573084
4.84466412033257	0.5597906077508448	0.7831696398892873	-1.237433326319758	-3.486078619435957	0.12610849128508295	0.10656784767304771	0.13576113909135326
-3.261338944228479	-1.1402370026294149	-3.356123170808467	-3.0463428537065718	-1.3182496652085773	0.06371383957527148	-0.15363275623902	0.06370775480056044
-0.0025893119364166495	-1.287573417688793	-1.509826056043547	-2.5056951902784794	-1.0270807717981256	0.10073798784749607	-0.019969974844172456	0.1006711958759832
-0.297483644263135	1.2256816736413203	4.24160619033095	-3.3047720005983394	3.338899469768556	0.1654856708143283	0.09948727430722758	0.15728572527119994
4.645857409855683	-1.5280485897622018	3.3202954788344865	-2.118652350329382	3.2574519023958146	0.18321211554232425	0.22656657953966114	0.18333539456905207
-3.186544425068006	-1.8932462946545714	-4.177830941618864	-0.1463395538963832	-0.43875528790882523	0.07119315662676143	0.20057210681065052	0.07017724608015113
3.657904962038236	3.1776652779193117	-3.3836982379124625	2.361054109223824	2.088200759948265	0.21072312325329684	0.327173162425171	0.21648324337727634
-2.464798701072012	-0.06231867128837809	0.8472054247542546	4.607436324534767	4.300780989430008	0.18813886895128026	0.16320464404059876	0.1920069251363745
-0.41866296109358103	-1.5926124980403333	4.033455504294075	-2.562287817409228	-3.400299675911497	0.09029324339374073	0.1587651394355945	0.45288225338843097
1.1236144338779077	1.8242546687598615	4.395153960456032	-2.7119706558052457	-0.6218039853201436	0.17363001950788992	0.19050390231623732	0.17553210005928582
-2.6370597141176377	4.89604081947369	2.377799336355536	2.615502850905818	-2.5659207871693956	0.13910941800170665	0.2727745407997062	0.1418131336673476
-0.21291806728490492	1.6590657613150759	2.3147594228294244	-1.9024402441949508	-0.7507638601124897	0.17955690203410127	0.07518262272932534	0.18952643131114824
4.270142526393387	-1.6439379262798615	-0.5038487698303848	-0.6747352515132432	4.004264319885403	0.18192203053659076	0.23939951073450072	0.17013951152484127
-4.348742287999413	-3.4744574333571854	1.941673360451075	-2.8432677574348975	1.1632840492203496	0.07165378381770143	0.031194195799375893	-0.11262015265346431
4.75070177516638	-3.614450262193528	-2.327629002943019	-3.747980045997167	1.4699903802731642	0.07807882131370508	-0.13404073912768724	0.07982357013125388
-0.45748911911314316	0.6519492758941698	-4.3383543087193965	-3.59146395992246	-1.8898217150672227	0.06960067344521452	0.07660974173842	0.06815274242599156
0.6375486183445132	2.4039733976814235	-4.835051483778824	-1.527700046232182	-4.479307549805901	0.06722030875694088	0.11094113074304006	0.06761562898925759
-2.705849449285921	1.240542731959061	-1.0481609195628372	0.4033698559111265	2.9596046976463715	0.15677879888667956	-0.03398283924638412	0.15668639231024722
-0.7521918619115908	4.757061443876681	-1.7090705343450363	4.770038039905172	2.7249436011986363	0.21030386004631038	0.07044772372843824	0.21122505813940257
-1.9071562646913307	-3.8928712053626144	-4.674253864603445	4.875855575289597	4.6301397097548485	0.07059045197506103	0.029819591998094974	0.07029812844045508
-4.80452815428503	4.893475916441208	-0.48990617987879936	2.8097377885091745	-4.7927188967917775	0.07020597281710404	-0.04386518667530022	0.06975744513808227
-2.5064986362957384	2.4747783051035928	4.30214784959626	-0.9242153608762118	1.21854446575938	0.17899967217686186	-0.009603426975387824	0.17919364486781778
0.9506484177417409	2.3536592825985316	4.636827951099372	1.8046185368558092	-0.8730570312492176	0.34811291284246115	0.3884998977217604	0.34878887877466486
-0.28068379329138526	-4.619354559340732	0.4758300987973687	3.9749027124234413	-0.5832452648841544	0.10640678931444172	0.11586414450020396	0.1048453129564515
-1.194545769762203	0.6496279653167498	4.107253977927918	-0.36944363495953425	-4.107534158904155	0.10963149219158784	0.218161903616373	0.1067544294126786
3.215934196960097	-1.9588751457582179	-1.2450309238213708	-0.6667666835087358	-3.2069444898214217	0.10037268816353678	0.11014931675042312	0.1037940237841701
-4.425589902830609	-2.216445756369879	1.3140838349159978	-2.3847830679521054	-2.5593118047047705	0.06662454153220339	0.20808506116933917	0.06686949220263981
-4.962479949461638	3.898713027580909	3.521021330869033	3.925367632971687	2.5702031048646035	0.1418011981426232	0.08675333300557142	0.14651471319961043
-3.65115500977116	-2.110917286977659	2.705818843048295	4.493368215630364	4.084193298938377	0.12682066156349767	0.11520840887011766	0.11636115991521195
2.306541832499657	-0.17917469462996394	4.9416906069452065	3.406780685869757	1.2581230384473683	0.4433055578347025	0.49426390955978483	0.44222293888976905
-4.620230830314344	-2.5750010801848355	4.601009265525924	-1.8121589264285665	-2.6104604925901596	0.06607379701741896	0.06031720558302911	0.05392202726626519
-2.0864487630114525	3.569697569360727	-0.08757219767554503	2.9072321110224753	1.1598238905764298	0.22663160495311613	0.35988614712986144	0.22742469264536475
-1.2223699523763596	-4.44500955101236	-4.3807105759555665	3.480996839549343	-4.052008318394195	0.05473644199844094	0.2646630060229901	0.04831401794985343
-3.0806210304856885	2.90280501629284	-4.490481555656426	-2.306609718636551	-0.45981671837623583	0.07234782739477494	0.15305894472674217	0.07157435635416329
3.4422951279662897	-4.735160815302982	-0.9380026958178949	-2.4797627040651116	-1.444680254993378	0.07673467269358436	-0.006993515803661726	0.07775847816011447
-4.692393507441736	2.840661637276	0.7069627648746017	-3.4770892683935353	-2.2916859133172762	0.07173037619492936	0.0713954032040887	0.07054496357092307
0.3806861357691371	-0.23916480983577237	-0.5741517062626844	-2.9043957852476066	4.698279504984956	0.1372239110196019	0.3440575784701934	0.12731545641958672
3.233708771841279	-3.7446028715803092	-4.854877120025992	2.650525139943265	0.9016900424224881	0.085639593592447	-0.019379156942654213	0.08561236403993373
4.397198786385992	-0.4719649052026851	2.099038718331535	-0.7132963127881347	3.979592453882198	0.2892965467817853	0.30674625722699955	0.29004273964253197
-3.4409985657540174	-1.8526887214166141	-1.4471528312460635	-3.9672882186637946	-0.43336766800746584	0.06660302200831242	0.15294785303943184	0.061966299826820774
-0.2259326849181118	4.778082553980919	-4.077710953849377	4.3551296093797855	4.483789163434604	0.137551169109504	0.18563465540564064	0.13968060000281488
-2.0212315899832136	-1.8978283454608356	-0.9659660529211012	3.9568933230872965	4.203986722486098	0.1383209951863187	0.06336165941519124	0.13801143515552494
-3.1278674218825273	-2.036304570123467	-1.8941309794878878	-0.48142439199251985	0.5326451726123826	0.09084649226725537	0.21361358898016258	0.08985319215580745
-1.402707519196893	-1.5699829311773792	4.75822681544788	3.0958522153173185	-4.404076324012128	0.09690911020743637	0.08217314055541822	0.09515977721832271
4.110256736839137	2.5669644767866444	-1.4579413377701411	-1.24849770456139	-4.103200693692774	0.10548676363116466	-0.02640051905990165	0.10883213047876267
2.416773376926649	-2.4963626030866237	-0.027116307488012303	3.5163048160334682	-4.938901833960875	0.09258717342259011	0.20690224109089098	0.09706800447998805
-4.786672992525918	-0.126135783778631	2.0614816111415255	-4.811615330332369	2.5714732979683106	0.07273214593930677	0.12973071848115392	0.066779045945529
-3.652613067879946	1.6249017491834934	-0.08120269886595555	-0.7331531499966095	-4.081503441924202	0.08017568780376809	0.14373158053892662	0.07763440648313272
2.300146133913703	1.226684102789342	-0.9717548686949176	3.6392895557025913	3.5972094470920997	0.39722527496772053	0.47610407981212344	0.3987380266820789
2.373333338025682	2.2891671491991854	-1.177695101485413	3.3054334673897685	1.9989998090240242	0.40905781977193506	0.3664784955887573	0.40450099659463784
0.8154269979461661	2.0045088929672037	-4.1139391985944425	4.650144178329471	2.1756482105478003	0.15438287338990403	0.13158042683613722	0.15225182513415897
3.192225081011552	4.587825200200831	3.207281610180562	-0.6728353751269136	2.658069756329432	0.47152593954978456	0.5454838093343332	0.4551705563223508
4.652832906664411	-3.069221787838284	2.0449228609622105	3.344150245109299	-2.783692398239226	0.12650378333583148	0.17845612101833414	0.11073226885281784
-1.3435963567925677	2.4385688166817063	-1.728508875038325	4.802604360008985	-3.9506158305446695	0.1019354760306443	0.045091871660100855	0.10314992594884213
-3.6170277050913446	-2.7361450480494733	-0.3187721459943784	4.765167811020351	-3.6699745418976795	0.07127226015709939	0.006131350735065211	0.07155132422314578
4.764825541257482	-4.229587903929257	-4.132943401875257	-1.3253729337062836	4.5602286171050626	0.07552664937702656	-0.06881898341793498	0.06904618252316932
3.262154729833581	-4.084680018743314	0.6153425447444825	-2.186335357697422	2.691419675554977	0.11371221031588515	0.05035128261054318	0.20209164286748654
-4.2306484069225645	-2.7196898541805057	-2.0188681590778854	1.7835566984589981	3.333891787441292	0.08563301945841233	0.10139806804772564	0.08190556547637691
-0.2184601444817993	-0.10857601182622556	4.087808685249964	-3.7677182251186347	-1.1841714300453212	0.11171392093133786	0.15247088872916906	0.11056765994665305
0.5621861346462689	3.141110028111477	2.7041792851736	-3.5519019066930504	-3.832782594092495	0.09933969406965074	0.18371220483773942	0.10507137103101723
-0.2947938634564542	2.9021070047309507	0.7930321658511073	2.978812048137069	2.481449344752729	0.4760703166428025	0.5170337918571305	0.4763895974799436
-1.7993283096503654	4.453478248244728	0.07963483052297082	4.631461233815802	3.1342305050730594	0.24181242737364134	0.21137302890158927	0.22138131581385473
-2.220853749117383	-1.8281743241099644	-0.5818276023214555	3.1432452518249008	2.2767233163068425	0.14505005410597221	0.09842380542696348	0.1318719306827022
1.906737065691316	-1.6694171648331446	1.4365148608789449	-2.167403432381614	2.8169075786234723	0.17489015522939386	0.1390206812913093	0.17449438096136902
4.166913800358461	-0.034072039554576605	-0.198043221648863	-3.847422950406748	-0.27534999172701013	0.11988987390524283	0.10602789053575212	0.11645309948323339
2.762329284557122	-1.5268664235750307	-2.2917432951678265	-0.01770325933432293	4.695556181823141	0.15259488095202506	0.19736231375708138	0.15558492460405277
3.933587960662594	-3.9294358967054057	1.9565097605449564	-4.901360733268162	3.9440720568292473	0.08453062961440388	0.002163459372159754	0.08382789654083028
1.6267419339620304	1.7795779503904239	3.6356291383003647	1.0700377135625425	-3.8560203704049334	0.16804163416951098	0.1773018781896115	0.16788384606959247
2.966072483736479	-4.705545012228872	-1.9755423153093354	-4.2371393781430156	3.3237984299622454	0.07061467269059186	0.18261868038446105	0.07156717761135759
2.450676441520848	-3.0562006279872236	-4.156040675930518	0.5130194156942656	4.5749471535975275	0.09817996770343851	0.07166243920869773	0.09624827999914032
-0.8510281575508163	-1.7351782379786451	-2.1307505186726807	0.3464516791037191	-3.1643586432757163	0.08801455784566554	-0.06544850692248762	0.13132999441108772
0.4852543150643971	2.7787334789614118	2.6865450660435064	-2.906610168729773	0.9820638139012434	0.1982896767221284	0.16884546112901208	0.1830448618334428
-0.3679287612279305	4.5412619669256085	1.6707721166479184	-2.499918250484805	-1.8197357028474048	0.13520048380555647	0.07491484571479995	0.1374020484293464
2.1183279009646716	2.983401134649819	2.9745171376299933	-4.021209357064044	2.723750121291731	0.18131720100708684	0.10563072969305584	0.1830611016597666
-1.995228240300042	-1.0496195549036824	0.5291461248877667	-3.6549768151910667	-3.1153912350536594	0.07454699526831587	0.14901367411720778	0.07277961897114484
-2.1420712394605568	2.713616867368593	3.692436903809641	2.407109060943137	3.598780858970926	0.30569411245932715	0.5355993880640656	0.3009753091893251
-1.832127585848852	-1.463076333627884	-0.26848388111528987	4.5555572542136	-2.652697143492385	0.10715329967506045	-0.005183499236764436	0.10610238558556158
-1.1276590381781162	3.250053783011527	4.358603578042398	-1.7831532785622728	-0.317964543148884	0.17291063180612604	0.2716233881513479	0.1712122810596368
-1.1466836381573775	3.5265535847412792	-2.2696132623985275	-0.09601541223644539	-4.589204825109757	0.08516261993861307	0.14414003494350228	0.08393269544147752
-0.556800023183528	-0.4353808825220913	-2.43422831033688	-1.1457040292856768	3.0413374285779007	0.1312817044752102	0.2880738692339708	0.12617899803350813
-4.066373540680614	9.986556291963211E-5	-4.10541633811011	-1.9650552970777015	0.734220725850923	0.06934547929905116	0.1466131945199503	0.074867748361799
0.5535000282878286	2.1066654435047996	2.5742850401904125	-0.24156208220024666	-0.7346509356018496	0.2745745279388492	0.34743186930729786	0.2937155047732472
0.8867036872003267	3.7941940089302477	1.2584099481202156	2.621261030316023	-4.3863720141140226	0.14742340143560523	0.06329469519525628	0.14548431250607055
2.8840379403780867	-3.23984821447564	-3.325631441983843	-2.758908187862794	2.028523688334033	0.08469440358114383	0.12453278920615345	0.08201894470459269
-2.303357668750828	-1.4200319943585935	3.500501343536204	4.851745605716747	-1.8331007707360802	0.12546955123051237	0.11136072448353503	0.12787971606698287
3.9034509494903826	3.9134151135174395	-1.1574433144726903	-2.073424227714773	0.9383994910203741	0.18544372205242804	0.12275710095134426	0.18669361002019463
-3.108296782034442	1.6475573139778499	2.5769410619300306	-1.2888225636616157	1.346417205248719	0.15279374647833083	0.12263837359658114	0.1536282400227365
3.088694510171324	-0.15707407820282349	2.3502990767559844	-4.568585980962049	1.295670887046116	0.13230081155196408	0.19851835281354063	0.12720945419922688
1.817251185131294	-1.9366863197342274	-0.6846510657740303	4.439063643370874	3.0964805753272913	0.21539360950408987	0.1687448074887373	0.21570374068940257
0.09089482531787318	-2.7942723845899966	-0.7917437570980246	3.8461668556119815	3.69727890677731	0.15970358420661337	0.23295518680752	0.15755687878943841
-3.7587049735723745	3.3989923326538385	-4.993909626965358	1.5081477277421476	-3.675894599280447	0.06190606131981551	0.16560347374487291	0.062271640950596036
2.7585608276402684	0.0829193890857649	-4.67849514831696	-4.519793344746999	1.5823254613986757	0.07628694185534556	0.022946617987869518	0.0732831567008796
4.276442287111266	1.8940477706165249	-0.08205722787812064	2.4635149135972707	-2.95314179282806	0.1883976247620355	0.22480467400367563	0.18852319757358932
-0.8550068378468598	-3.4045426080244354	3.0688947523502925	-1.3455644731724323	-1.2787377833826374	0.10196224522521624	0.2342324836570538	0.11227000877671599
-1.185934649336752	-3.1538568359947794	4.689177743127356	1.9323874968203452	2.1217291575921013	0.1534766754579699	0.2745428433119283	0.15142877210210204
0.16445444956026734	-4.843034776798529	-1.3095425718813534	-1.359039163659789	0.5481023128915696	0.08464627109459465	0.1484052387932673	0.08655862988447324
