6085.249763351148	1161.3452724139
6329.508189933207	3568.2744978617175
13756.053099961742	6.570874379221475
-14487.726811054259	62.885006706824385
-6376.172152716581	253.06231868166904
765.5517476737031	672.5723031853361
-13324.032694790882	972.7195116908191
-12281.560192171704	659.8239676120161
8435.668694097867	582.8618949421858
-667.1122375186565	-344.0637419622169
8862.28927931542	-32.52499256261661
2530.3060114320037	-820.090923793518
834.6378328861823	-120.55334816835715
1568.4537323587829	-1227.5051994138187
-5783.505384439637	1315.4262338768156
3794.1819710457976	-622.1332559059673
702.1194518038005	133.77273530831317
1303.4971334149677	436.51857349172684
15095.109075320235	-1354.976671027041
-11921.546642574784	-114.00721795572171
10623.227111936236	387.80664592328975
-586.6604910179531	-102.89433264488162
867.3786334959633	-224.99272912498895
1121.5262284793469	140.922561149338
-14276.147349128401	-235.92121148031697
6556.248678770894	6186.426916751456
9589.296263595437	-337.4168371726951
-11218.625279624599	-2086.886020441096
-17984.923647488573	250.49046193966467
-9327.14985816312	-270.9092148470738
-8492.311394348839	662.0358075204928
-11584.597666462681	-714.4954579466331
-6044.823037467976	444.37537908014446
21028.88626010322	-780.0725817475317
-13763.95921573653	359.722191734327
4799.577539918444	506.24009729852287
-4332.412133704421	-188.46838743675346
-2744.4837913712367	-667.4304990464904
-3219.741102692634	-575.2245803140555
-2838.101720901566	405.5736837258033
-22407.70839522035	-50.391052053175535
-11362.277367304981	1975.951842352404
2681.110102346816	-204.76411014229288
9806.96336048888	-1258.3192911505016
-3390.3224850337683	-293.63455332365095
-2401.801667700031	-504.4339791459076
-7333.091326572583	-746.3404742996164
-14795.448897063541	-8523.413458652514
-2893.504137165763	-20591.47678850883
-3523.6367737809487	-324.37619214614307
6016.124619769822	-268.8150390753047
7005.377821930041	-349.4674107765808
7789.2110905204245	511.203959289369
-25677.56989515148	2340.5565306138265
5455.4202241155035	-65.79405953892343
7872.00738614262	-571.4741307431973
-396.6453218762633	1327.4620595038105
-11284.188921914389	-749.9885361576
16081.331629597791	672.5479826827933
7206.401727482863	-139.64994483017162
6615.368006070949	429.0938382115219
8477.421570490553	-888.9524320855825
1918.3975571954215	57.07359815062909
-11644.888442711765	-685.9483650447844
-5697.217059599306	403.3101018123629
-2866.3118212398326	175.8681294269256
14473.401709443091	1075.8617041459663
3604.631771251139	-223.97021445864252
-24663.26124100614	-3561.7918550847
-4117.682450136034	135.67902018101492
-3468.4751823960482	880.7777694347889
10170.80201751866	-1330.0817785807915
17417.740576159867	-210.16884390919972
-13569.540478488396	127.0603842749028
-5889.080749727192	457.3039391278206
-64.42588748190121	482.0259058556296
10557.186622671337	-567.0392781481
27030.86046702295	310.1119047069669
7136.544015827755	-941.5486164459676
-10320.39359692298	438.2563841910552
-6111.463581143148	209.88655855583542
15428.733865458975	741.9437878528323
-10239.1011341778	-512.587311978694
1750.354497252006	2448.778078608613
11241.641650052985	-882.1976872057594
-12093.092831089576	-454.1378141824681
2214.364488739005	150.59902430188384
30746.230647226057	2482.6704615661547
-2697.7177150816974	-216.48975602709308
11360.427270285863	871.9686132600173
-1066.3330147654333	-321.0394128661772
-23574.89595311235	111.05753294392454
-1865.575517828977	-15.984192390409468
-1314.604647119009	-510.0806097451857
-4390.087000038607	191.6213510418634
-19235.359363449366	61740.86050635806
-11772.257046585748	-256.07892996489346
4592.889867635446	827.404837395176
-5143.323236392387	623.9737815854138
-8616.460122387967	74.8131256524713
-2335.7360602175704	104.5596040033306
23269.3595391382	254.95303285776745
-9468.860994572735	396.83612702113044
-11455.128538248786	-1958.39636268293
-813.147436167241	-129.91035581076466
-16671.833486682277	-806.3569323122028
-296.94547350491007	-263.8902939280662
9205.457097516144	-17.92676811381018
-12438.00015830156	258.12413465161495
13207.150562299526	818.3786511073898
9831.851389684482	90.47755123900829
-4347.670785169471	1378.2460648502831
-8292.799805406914	417.82424722664257
-10729.50706988788	-470.1163124105586
16113.075859899736	-112.04746057958002
-7867.695740078971	790.258898261096
7851.7494750106935	194.10324007842638
-17193.55533025877	-2056.239540445643
13948.487827171748	97.1777457786327
-8486.405650773282	-288.33194584393
8655.096264197895	-359.53676231477317
-2890.5442619045402	93.43259705379324
-1958.9827858110386	330.06812600748225
21979.86070398913	-276.0147006246199
16635.146777960596	481.5043594592817
5100.438108595238	1347.1101979509892
83.3661889761591	843.8020704180276
-13122.727010502087	2684.807111583846
-9873.026456288077	449.94021814669037
4170.6306240667145	76.95678614352687
-1765.9820589104413	-366.51148155987926
9323.586715355608	-384.7324660972202
-1025.3350798385043	-721.1907643908246
-31700.08995599957	629.8787087617819
9194.285998777746	151.9097584099379
-15557.293383254779	1700.7480121594235
7499.1901374440395	-550.8673649325857
-9656.14111590659	-57.17253850104378
-12799.684376120926	-1336.6285927337644
10183.275824654882	-655.1587748417437
14648.936276562974	-984.2370864695256
8707.52720635823	1133.9701471904812
11583.811998427278	366.0517169309181
3421.5050917784115	24058.0278550089
8726.994547291342	308.5704469049119
-2608.9697210583913	-303.3576795463911
7336.444407069538	123.08416119704601
4466.370840161304	-722.3765568929206
13690.408473227457	-340.41892721344703
-13897.972357816578	13.689998390807082
15715.993309484427	21313.943913808467
-22333.816080231998	-1872.626780069083
9195.149235304976	-550.4062698877365
8913.354181858509	12.23203877885005
11347.718947472074	-2866.6215391948085
-971.8091071461342	-46.32597016478553
11413.164329372037	-479.86758985039603
-10715.971855949081	158.1890742054978
-1246.4389222378013	-688.0988063033154
-19889.459354999304	0.5546758365162526
5317.862019618054	90.32207872262876
-13298.63930733011	-1104.1790606995755
16028.547296577755	153.5256703989815
7319.811916816929	639.6006768413282
13256.198023325163	-227.1268829342179
-5643.1190860938705	2275.4192772209517
17530.79236984856	-2132.575969818977
8246.283596419335	-1327.2079274458083
-9052.443786034948	168.51004922204595
15551.445776138116	-569.9898700038381
27337.25515564016	-1063.6776074979766
2636.062871948395	105.9661877185701
5562.980731375885	222.73417133601134
4504.746233128033	1092.23390658809
16048.459512833046	485.2193553784392
2631.491027507454	-252.60669809543822
-13125.006949529434	12967.418814586685
-7427.9166008333095	616.677655254434
9671.444885318528	-712.9783070412484
-9095.88287981654	-425.29544706024274
13509.60721156021	-1012.9638625073892
235.80001455666132	-70.05088042929621
-9451.325761786835	-22.254761755202274
-6649.145723368597	-12205.154766411331
770.2973040744057	301.2945585984627
5223.951183730472	-679.692890533789
-1478.5304178298531	918.3521459190216
-9443.651092479338	651.0987945839089
-461.36867514267084	-5413.040677104498
-3771.7958903669196	-110.35249688633196
10765.763778400891	-126.40719590269894
104.41576459490184	-691.7426881753648
321.23449491721294	82.28462625857168
7520.64514886611	-612.8675702980937
10706.359787611867	-1056.2590465131316
1135.0061776797436	-185.8288036060638
-8624.608053193428	678.8594994203888
5526.843360808197	296.9039810007403
27097.77107789382	-113.68733138656819
14556.957936462346	3641.2683900326256
-18997.885398088	389.30039216823246
-952.8534702425718	-15946.757706347486
5784.0855651703105	-924.9679063875143
3349.4906095448837	-700.2636028352271
8056.234570488105	-284.5687878420353
-6958.649120697215	-1057.7861312368618
13918.995092925043	1115.5500591862567
7235.190580679412	-1852.9384317546464
17974.574689703975	93.91387760108258
-20558.501905476976	-1283.4097774893592
2795.814666942779	216.48187446002711
2575.282119722797	473.38595683728283
-6065.236725159192	-780.3674753309588
-12485.599763529352	-6210.678053710859
-556.1456633010847	150.53152994088003
1882.0974952134545	1516.4660778889408
1413.8100458767265	494.36718783412664
14189.686726752998	760.501080662015
-9789.367567027337	533.3150301614484
14317.733323748485	2494.3241760421747
14809.591039016048	1568.892767492034
-314.9961209554293	-13.244334187051864
4798.106103274835	-78.19416822944817
-3317.9630518697127	-2584.403321056257
-1696.2028589066208	-708.6893096308437
-2097.4640619833244	196.47836646098492
-22083.55925296874	-3902.138917073932
6911.044566153922	207.05606166046016
-4578.242450518196	-20.69001607100851
-2845.997920971501	-529.4449642359705
5130.695860313944	-303.0964224574423
17229.890871292126	4802.575497601148
2672.5759554266106	-673.1358964867164
14335.397402200164	-286.6151292601296
16263.704351379121	-145.36123681100463
-1268.0295085957505	-1184.1329718916759
-6409.456064867322	-345.4820162335349
4755.617153652251	291.38462077588275
-9551.406248891806	-148.3768947704224
121.00524436717266	411.1669931679062
12708.090411632684	-643.9122780662544
5521.822960167841	1279.2542652023178
-11992.357806656186	1041.0791055733432
24346.83039886155	-17005.892448881827
-11494.890499859692	301.34015399242736
231.10162204265868	-197.90932295194222
21996.77820148219	253.57349790682787
5593.630809256656	-595.8180061636758
-22137.11389805162	-2621.5055932928935
10918.020221010047	-1307.0422188699824
-4039.0426082344597	-206.92904334437358
-10099.073730083019	1759.750479976791
-2730.1442101397497	266.60383879674674
-6465.115256968166	301.71898300513493
-30822.244143311193	-1885.061767146023
6055.76802496454	683.3173083022048
-15197.072800854727	283.7608764990428
11733.779587060211	-5553.595900334626
8649.630624236754	176.26932358789276
-380.8352036262565	15600.717022402208
5144.910751061787	3166.1119555670134
10423.11548107588	-1164.178930078884
11173.603625443582	-489.2518943254781
4084.703027756	491.48454835356165
-11627.484714268474	739.330299842439
-299.5470126667933	-1082.8282994068577
16982.49430044221	188.26811576639594
-12963.376503821137	488.7152093183037
14223.11168986118	-410.9164714655833
1329.1889360694752	-2264.22414515129
3962.468527960424	-741.84599854364
26552.710311436047	75.91482473079878
26530.031531829674	498.5099133615162
-12659.130152363246	-368.8387901541945
-201.90304302744707	-236.3165955349554
3359.509632926399	-401.2248431662499
24844.700898650764	-2314.2636780498433
5222.840168743905	-414.0252694273103
571.9733008036923	-430.1400290846976
44.60381686727391	-1838.371273152864
11303.025352419862	481.25487174766414
8348.81803375152	-955.8869923114324
13550.623151605947	-2123.0151104683155
-9759.276845802355	233.13288420560087
8070.816313419033	1141.1945399757649
21611.289453505127	121.28161643264023
9467.443307950707	674.8462865256035
-10077.760768199234	-128.98301101594345
9963.569391927946	788.4446326602288
10196.604429045488	467.8574867775355
13798.934445925883	267.3505479958037
7810.250271449124	4623.174099340338
-1218.4507636434432	-385.3157643049025
-3063.311209747848	955.3441412276729
7833.086211642091	1099.6598674159934
-1080.1418889025028	1076.7906226898715
25355.60453690793	-55.10897304840132
-876.2804058631458	660.4390177788714
666.6341902291721	5741.758955254423
-9648.133357704954	-795.4815564453576
6786.120314692577	510.117123453533
-13873.216746310907	-328.0314774255438
18485.734872832978	-1423.5815962749657
-4617.5349758747325	-1925.5405019972286
-6868.497555795228	379.2934366567528
489.823203624539	-131.90794880229734
-20838.2783197882	1069.663373643497
8810.846406762845	406.2659606953721
-13764.250794295975	-271.06616049582254
-1549.3772091130202	251.63842109814857
-5825.491976376125	-160.51238704101505
-7207.724848887503	-3887.1742817340837
11379.923192948829	-595.3813264114651
2073.354930206507	5376.547060996969
-8111.475561351437	-888.4187847556469
12739.47870014965	260.1527356529905
-16648.95247443319	-138.49500212088066
-9847.10623388907	225.98392226432816
6572.835865170216	-280.63123005703636
19898.090850538276	-186.76795690242437
-2697.8569383773947	66.63520996578592
-6853.104100516413	-82.07881820157729
13152.08287208095	255.09896637946514
-829.0014025785093	1401.60689271245
-7829.128609779601	1429.7368782312449
-12762.267512856733	26921.193182482428
-10416.4919491215	3122.9238426599713
1029.5251777210078	-316.69832581676496
2757.4335205591988	696.5089669329445
-9829.94240044581	87.96771829122738
17071.951521537303	-1520.6119036936952
5521.1685988560175	872.0450099658447
-5328.667280619795	-1393.88914576697
6731.4815862888545	620.5002794278006
-533.0862250930242	-898.0553425817889
-439.95186525612655	420.5761783704483
4122.3316716725785	682.9240919972683
9971.863009084445	-11.17756530447091
-8418.471439527773	-1591.690740204083
-4499.508410813012	1253.5085883101676
-11691.523414040947	1313.1670024676343
18536.050948788772	-145.74179966016018
-1312.5976171920397	-4152.633265780675
6930.914679526514	-613.8908411653356
5388.794707753579	676.6488866033663
2657.747088282316	300.63202477040727
-1530.5781136810328	-1993.9432850956293
11187.857300052206	542.6283878105779
4586.62650142179	-3670.5223063908397
-16354.052080293874	382.3380791659274
-124.30521251361594	5.678225908070151
6975.664100746693	571.7783877655478
3949.9125409607386	235.9929357237207
12541.40439993191	668.9794909726526
5916.666837037829	954.2772173955269
-4543.445461504777	1043.9329658603922
2408.2121788828586	-2392.3618053196005
-760.7026694599897	705.6246253578906
1064.0512449355015	-4331.071184017869
-9675.093661099123	2240.282079016664
-7492.541853926232	-1656.2832885495493
15758.57407547214	-68.11916227364448
12581.484302175995	1222.0009857742928
8914.238953661232	268.9609921053241
8247.081073767991	-298.82271193389755
14127.803950205287	-557.8727372283587
13725.78330329787	-460.4454622757248
4708.550184974201	-48.086152037411736
-18377.288317982337	-2680.4438773465886
5544.027594234939	-70.49181251759855
1425.474257503839	575.6199830973719
6749.847149376645	-875.9276916601465
9940.580775998485	673.0292125526436
-1653.1471181427444	-12.513385078678226
-1067.8436890230105	-252.71643328086796
-4552.720440701939	49.81182073710365
-129.67870890550014	225.35661292422762
13844.350031574792	-4166.081164012734
1191.2437155067075	63.195536067143486
19205.287249101508	41.04479375767933
9888.803045311335	-1769.3152449463464
-11052.368860814502	2191.978231463673
-4378.745515329283	53.92199007766742
-8394.368964141735	-835.8373364636739
-14836.953469982467	568.8656562857793
15053.48094203156	656.8454095325541
-11762.471693022855	-619.8435520122393
-2386.9424819185347	-3873.0874453243905
8992.297623229519	-502.5636772899338
7035.916393610901	-51.116753533394736
837.5359581167907	-449.79730538587813
-4231.233333940625	178.7336659215351
-4798.223975307669	2087.9979008470295
4948.985693924664	1100.8357144342713
-3455.5816440090293	-623.1376500537086
8050.681457738692	-96.45557647707395
-2841.8793164961858	-719.4122052784562
6362.994122745214	198.0217723211408
-11031.86629804754	-3669.024142792782
-25685.561515849946	-6465.079607114491
-1862.0087458992289	19.010954172368326
7336.302151709864	1320.9310653920093
1911.3349056775005	-432.51338508464363
-7276.267223588723	28.16609935201475
2311.1454769967304	-14.99586903519738
29612.66380682196	1180.0831330913165
3876.007731891024	-25.32459595033161
7051.659819104995	19577.911446377573
-5884.660651877687	-405.8039004270916
10327.744365310074	1028.891848609481
16528.735907449372	-8838.986280977435
-8783.63809892912	2415.017773968503
-26023.50197503242	107.24336025429172
1228.307130719153	248.356576921827
-2437.903814795811	725.4590532224321
-5619.8252967764065	-876.8178763941035
-5520.228482002072	917.0483897287886
-18434.01094804388	-431.5516715266198
7443.52251738386	128.96616542258062
-10028.964353155106	283.36676697264664
11305.370414137336	-554.7490784359748
2169.9845939910406	-98.0541830597758
-7697.797577617468	-10219.113116439095
20541.40387930227	95.66392954683923
8261.410450631669	254.81096164453487
-6698.5964346528	-793.0505088514677
-7032.100764362337	-93.58196025241374
-6321.398607088053	215.59770480723287
3040.739729000636	1575.464707424764
-3592.4097447576737	-910.1356784262825
-8648.871412088265	-38.067118175934525
-2529.394862979476	-243.82393284724103
3470.102253371822	-118.01251159349556
-13659.734953365205	871.0734678129611
4074.885401188175	-315.92526586861635
-3613.516401130618	556.2559817798135
15927.614487315368	-556.8941332278506
-6685.993229926941	3540.935588066779
-14485.665070079534	78.69214017683404
5962.597326703781	415.78509022685927
-5084.05824384918	-13.033938169623646
-29288.138125804526	-1094.084430442319
7246.737555211725	237.3474188356483
-1476.3760477538804	-319.68461064593924
-8945.18910204981	-502.7383225167455
3180.8719620700945	2637.034059659418
-20078.90714077734	-529.3987759213413
-15320.737231508452	137.37175281855616
6415.078150346925	37.40495641032982
-10389.358045789084	1640.956558761822
-606.2681002235576	-3755.8561692863323
-11242.35316201375	59.597124516889
13732.306344610475	-564.9214416237635
12265.116620289902	653.0385894900783
11523.888045328555	482.65579577669274
19049.035590318264	-995.7918915193001
10623.158431677026	-1058.68032070248
-13954.74578322561	252.22767387873185
11290.090437924639	-467.9442405861149
-1035.0770793143645	239.9834626253765
2600.3839066257874	-6.458940731360965
-2361.5475716640376	31.659617532243807
1338.5268930793766	2409.5142691687656
5494.941043265177	-1187.0230703780987
-17294.73609381794	-166.80472491414122
5162.570345989506	44.44106679865944
1652.1908171021282	824.118598246771
-805.6387207505294	-30435.979418858788
-7675.22671789403	626.7355633939469
15685.715597430612	-415.30991083771937
-796.8869578490586	537.99470070084
-19231.980074871426	110.45035393843517
-3797.7325076293723	874.3233132472417
-164.6006663067719	24.91474052738536
-14707.02370574529	-105.18961081177801
-1358.6590897915937	-128.05005076511847
-8865.103702594479	-41.2377935143835
-13210.008318152464	747.2767429475977
-20715.255647871872	-294.1144845956281
14565.01880043509	-537.6711191765868
2119.6212280989234	4297.995881866873
-3022.748700288361	-255.72379484175696
50.21019497363341	-914.5523429778129
4461.89619069098	13074.384446528016
8985.708441180359	649.5668305480045
-5729.787042666913	207.67556449493281
-3210.7979241627677	-316.5725825415367
-9280.935922128472	-936.1154488816384
13667.790204288092	304.66205958902003
-4521.4322197884585	294.99386104956056
11136.031313358477	485.2046216960716
21550.498553900885	-856.0230516484712
95.69510708778047	1089.5124274974185
-4211.782415231627	-126.1501641509559
2610.7909329644485	-227.0734571763318
-7575.243331363445	-1948.292516924519
3531.0604337565355	595.2404275439839
-16735.864251547115	-243.03500470195468
-4244.946639026304	3842.108033008916
-892.0832709845741	81.25366421336247
-9687.320687855467	529.1836377455546
-11807.856811770946	-322.51637775637136
4886.219576732439	-461.9939789461122
3824.622423797123	-112.42847923074164
6218.423659526412	-1916.8487383994477
-8206.426383019401	-77.61629316108068
-3042.623130246389	584.4576109726585
-2862.3825847126095	-477.49953126487713
-25175.759016066317	865.4001703878284
-26651.52186748897	-4132.984308628531
3237.1873157721666	71.9602322116873
12999.337391725232	96.58629943347972
425.08373356757835	-294.6956043691095
5447.883431057944	-239.96167786755225
586.7083762949507	-760.7764167529015
-4494.233483168832	1492.873416791983
-6329.379530158669	-1260.3744816794633
-4279.791914789204	-445.2630268830037
6675.000595981126	-1465.2433961835077
3844.971279274426	69.91284617179437
689.6103126920932	-282.70574281120037
3565.3864402608156	-49.893052282749636
15830.74866651341	6.668348519945033
-5301.326811032125	3.089850851600313
-19170.55644781407	-634.7897803131227
4836.042936078187	1353.1593399274075
-16466.208492066507	136.34305589480755
-20447.88124577645	-335.789740631227
-6741.107137397734	-364.4268661882919
-15320.919652591823	-70.41885823086129
-9223.672817408484	1721.6882986107405
-17692.74311877828	1270.9369875333066
13837.90901181029	1985.0643598546728
-1455.5569818849292	-3409.571070999472
-6542.347971186662	30.74634689656113
-20712.520806374985	-171.90622358227935
6205.062264033332	-24.476157459132743
3234.2871514778494	-3026.7541533929575
-890.0617761036154	2457.6253951223543
7362.281269910203	540.5988586992617
-11959.956774971415	-2887.3516392840506
-6779.666037972357	63.799634408306424
182.60887304794522	1152.5262940826624
-1702.3866799019438	-460.8781752612694
12511.713738575198	10156.2617337222
-3117.6108150360333	5556.738728113784
-2092.825575264772	4546.626976744448
-4268.079445999133	-136.90918769490847
-12851.098245849822	7798.258710501469
-6303.675907894963	-299.10403745699716
17267.620536611317	250.91514509642042
-9305.044041478694	728.2623277830311
-15291.605868407103	-245.31266886876776
4662.109074806666	-312.0532976549005
12558.8301034755	280.16562501770295
-16157.559442314569	85.9234125028895
2784.9683529107388	-938.231551510541
1050.351275536876	402.92589972947513
9791.282347084936	156.88396531541602
16768.436741431353	-128.44161025951362
6078.431763304489	-451.9714738740189
-3587.951830110369	-1069.8636078154568
1193.5018607794073	-2666.981053518165
21950.26218007051	60.21958170065367
8758.084410112104	-337.8885720727684
-21720.437013686584	-308.7222633598802
-6178.346468624628	113.85682550740414
6196.611363929121	-109.94378387941507
-11383.664226084746	396.4403380174928
-8625.639158953943	346.8513022885619
-16690.099124597906	1626.4456971687716
15932.555881369999	-191.84912285494696
2681.4165765240436	-978.7161858560653
13189.270008457457	-1065.7938524435128
2185.306976491092	639.6127046368412
-15743.422949587199	-614.0678338608616
-11719.978164699201	-61.71243123494353
-12223.204331719904	-1325.5188996141233
2613.708747768109	1482.6595350468087
5822.695085090336	1176.093407678775
-10348.72129466529	751.2620202515942
-14003.08995141449	-272.106033398035
-10308.084878301252	-202.7063279138094
-4866.255435484683	-678.738986026391
-4073.2917505951677	652.4735056404525
9104.402734625322	13705.515486940034
-21169.685615557555	1102.5619182733137
-12076.75984947166	136.37216704110915
5486.781717025597	-906.3882421558186
-790.7545208636556	-660.7718638713708
-2532.834923986591	199.83859723148305
-10439.272590664901	1887.8652438680406
10500.535065568753	379.1727440455401
2669.0572557097676	498.21364083623314
-2981.9412529386495	-44264.185583000646
7918.872810913746	-239.98990170392543
1330.7152674664183	-26.44440306583294
12429.552018710046	-89.26526547751386
-10887.011513874575	300.1390445820842
18370.53676262968	-344.05736836297064
2030.5953941979103	-499.26272462936987
15163.46859379123	-21499.142423620753
1388.467481645891	1603.4755400923577
-6190.4318365111785	-183.53780155373926
10945.582751846081	317.1166212394064
10241.015761022287	-74.0263982468548
-4265.710851922862	-235.24303911714907
-2803.0095993129457	375.31018294418976
-4427.642906994378	-200.69139326333593
-6749.85171983941	-344.70143103303343
23591.568784283438	244.55790774713216
-1154.7339130513685	87.71565466861915
7287.753539340073	1208.5131302045015
-3042.1625806729394	-66.6309083008015
-7526.921827310693	-609.3927013194883
-5722.856852134688	-1602.1732032247414
3078.0454858858466	11992.625029219564
7749.603784145691	-1039.6960832963202
-3901.8506287009436	-11154.489303482202
3127.026024112245	18.384762625940713
-7614.716314330354	122.8717913302089
-8774.23270854009	272.7297269926417
2887.6577257493773	-245.1903475894103
-2181.4214977426163	788.774885538322
-10003.557837486862	-850.9569137268311
-10945.274905145	229.12103301021702
-5228.55057664303	89.5024329879454
13136.65870235095	780.8461723797025
6713.20852456925	-28.262961090504916
23784.39455699817	365.09674104839195
2354.757950957768	585.9299413839731
18379.469575295338	-108.99079437942343
-9410.057565343248	-129.29020748549243
4567.617660285687	99.13870194896799
2090.729511920405	779.095299437733
-17784.48264236458	-3074.361006544005
12512.165358479977	-5536.778001742371
1876.5327122018662	384.68584273744614
9561.882512741024	-64.21729251990972
4405.772953790272	-600.7061923113237
13728.599511675837	6.887457243057196
9690.15401467177	2341.049095092282
12825.725276251527	1349.3815776088443
-15249.315918247552	215.73329645940473
5634.120877392109	-1092.164061129282
16105.13132215428	-274.5932114478058
3940.791531107478	297.37327721748113
-8995.030278069533	-632.8658403221117
-17674.873057638644	75.59901342923416
-17776.016329510265	-119.06211081698747
-10284.23641583596	-595.0783284028448
-8258.62077560418	-43.59113070960115
11946.00288599965	-454.4082439431413
11690.351903733137	-1258.127140346191
-6951.145586694917	5545.021963478217
-10651.337060925935	316.8188987088361
3261.857454461642	-1313.8953859911571
-8023.4631663215905	-472.80485672603675
-8632.880842520777	-7418.156261792288
-11506.64865893764	-498.1169361159289
-7046.718283612243	1366.927626746866
1201.537976158892	-284.02407674182143
-2919.343508246888	-646.3282977932214
-9103.14132836838	-315.3890523892117
-5071.643968048007	-358.3658699729881
-7576.552732633004	1078.633396119691
8450.767368230634	2930.8039540449454
12757.152602508333	245.19545238464593
-21743.88245607944	1622.7821334576329
12861.927760115566	142.9607509243749
11980.66866481333	3291.725019681853
-8452.497495494572	371.7831687789373
1376.8064047608862	-383.26784760201576
-3453.154339160055	23.82240105558493
1249.257192488284	-657.1477965667034
-14249.202896447994	-49.46868627396903
6013.237928586082	-584.1926212396974
-8068.459721174819	17658.300056959328
7142.918623753014	490.7759646564435
12460.305757322427	-752.7189017240682
-9022.387549221066	268.27961931654283
-7090.801687889365	1551.9001745608734
-8935.746052876832	-314.45769831904323
-17773.30402412883	-3714.4946739301868
735.8070834817371	-161.68350356005408
-457.8127179455438	297.624746150247
22302.345562860537	-237.915242021541
-22010.961053109342	-225.54010678965344
-30815.615404872624	-275.8002325394313
-3615.7227249197663	210.10499384917244
1952.3152739872203	-438.98934740005444
22.455042997031452	146.41573220599324
12126.450191960079	-1776.7925509118809
-16757.869089625783	1009.2099660523779
-669.9516733058301	58.91509158398814
-1663.097878737772	-9646.043504657826
-21975.525518721795	266.8324307129917
4020.329352359933	-181.55878947813474
3576.953554980428	40749.53305292097
1484.9507900705623	-217.2584998528521
8416.53039887388	373.1078058024621
11549.51009644932	-271.9797515997272
498.973640644171	1272.6340905672566
-9642.886921940404	-535.7937750135768
3238.2239429817737	23811.128713512302
-10153.688974212853	-2491.358957256741
17588.375269991437	177.42381063875644
-11051.63503397978	1413.9227544323687
11251.483834715817	-142.56959008194383
-2936.548363083564	66.33481594879505
-7520.923993969722	-289.2500146976821
4971.9387282954995	-694.1140132582567
-15681.85571708025	1089.874758464172
-7179.4466090844335	-670.3190660326491
2909.4453384641747	278.6974657631223
-5103.694830197418	1336.441666838675
10649.45310832888	-1073.753402552899
-2166.270097628011	288.539787803064
6926.6207600181415	-1311.723766463805
-9203.317392955689	56.57458735743746
2093.112817464117	525.2340488951396
1505.5828190965747	-942.1824044314072
2387.6778164174207	467.01620611992627
-4853.653357667006	-3147.758117957851
-3147.4735552036977	-2491.6663581783905
-13259.38155771439	-525.7882078598625
-14886.875694833081	415.87059056240724
4034.8566016841005	645.8661065595011
-8389.615796144695	-412.5012029533621
-9674.640246903451	22.621990567941943
-6481.346419262961	92.43880198779233
4108.87824943061	-201.25692660671027
7600.18250636876	-1118.9300454163074
16404.460310339786	35.59377612515502
3337.4175786356077	155.72729620676196
791.1936527468205	98.0158914540773
-5932.723690032745	-528.6697416372538
2984.7011275184104	-425.46842610367685
-1308.3690195067345	-194.21298315827747
-14526.950012989611	-122.75679165175085
18062.492567434514	-1766.2737420832036
3099.089378040108	-34.42951914461913
-288.97396201615516	-1362.574191339073
3506.551882664208	-271.55527243619264
-1146.8909645574365	947.461906533924
-4006.6625002380433	655.4644608147903
3297.897936675654	25854.578815986737
-15481.577665176575	201.1355009324533
-12498.037351161694	-3176.0865725694807
-2256.9573118851295	-216.85409694713456
-13715.914030460679	381.86706401512896
-10452.595610407026	-268.3246310657128
-12702.315435444274	400.78995393300477
12380.749051874873	479.6262134098131
-5837.559315328643	980.0502228884499
-23613.473811608957	-1094.4739635295289
11325.273684533544	9.315615264978529
1667.4980951576274	-410.2443969763051
-10758.404270613404	9582.401073702198
14726.930973475022	-426.79645595601727
27.58170627934254	-138.2795038322708
-5932.234798653475	-797.9484778307218
-2705.297629949255	-297.4294162736389
7137.4879992348915	-168.86833719413136
4468.932285074076	-2221.0833240274073
4899.421042994754	-355.75215667193726
-5527.398960934206	3216.84449683704
10200.987050971697	6023.424645093452
5238.129363996217	719.509604530323
-16428.521254959596	-74.03129722472558
14342.139706000793	-379.5055727545877
3544.454062388953	26.46916248286784
14198.887356672101	820.1452218127835
-254.11379995503808	-59.92240177578056
-12711.701401789525	497.74444035375757
23662.506616859868	-302.2894403327666
7805.990459207707	611.1814308636291
-15952.852218711447	-837.8442641271832
1605.587090081709	-561.9620911811501
11172.685789632684	-461.16247728808696
13557.556164111696	169.96330699906116
-5066.281181736302	-212.80742676849243
-7613.411916236381	-850.5218544656333
-9251.434494953752	113.71015339560584
-3120.3446090144676	36.749044980221925
8011.797474358123	221.38933429537218
1101.0374515480446	255.54229890216817
-22629.64787748773	124.46193303460493
12960.212771918857	-128.16870076596425
-1211.5582718929502	-196.67218364479046
-7627.233115199904	-592.2405571443991
847.8347850004758	612.0760195348647
198.33454907622394	-545.6024052800769
-10854.81122590117	-312.5072833439345
7469.024184306743	240.37581612287016
-5890.505274923218	39.06727613997786
23130.237359264942	349.38036215997784
22013.219973130268	-509.9270552792211
-9104.265514841629	653.1195572629224
5110.289230752307	531.8914994093059
-17368.899368659528	-569.7221025749096
-3064.948563620784	-300.09986993849725
-1071.8460841357223	36.04942229333541
-241.81142311278833	123.11982605048526
-21310.164942969353	-71.64211826769147
29973.133175539424	-302.19146484460146
-3341.003177762913	-176.80160483110168
-19032.889512027294	257077.57300006942
-537.0632782852226	659.3498932462271
-8475.997388433727	208.63631451160123
5300.288813194672	43462.84495072657
-1846.9356086498644	-546.5995788758904
-595.7486162134812	-2486.1201517706436
-8944.572260071605	-185.98311929519664
-15918.68045956613	-452.4144905135741
-6972.609742662372	191.99662469470704
4151.7657447355095	-239.49605311530604
-9048.056051135183	1204.4233290327659
-15989.857975775809	2540.7123574278744
-24568.904729978094	-577.2003145959983
-3555.319575198888	-1348.7871600027668
-14608.950462724879	116.59054697763371
23504.361850953963	-346.1718914592753
-9471.564442291252	-1426.0561249053399
-4539.727632723045	-248.094877445356
-5599.846835005431	643.4687882142844
-11255.135856331683	-41.93092469486446
3742.9764330872686	688.2276565790112
3914.8407695967976	4136.56112624635
-13895.39313327961	1040.8377185740076
-2395.0311883187583	669.567210186374
-26519.65464048633	316.40328307033843
-17247.333143924814	278.2987432169484
-7009.288147873895	1906.6174278349868
9390.931763628765	3934.9544489931764
-14682.595857084127	899.2485340226439
-30089.60758914422	606.8285849648406
-7274.612684978955	-589.388899189599
9085.274774024065	-629.7961405701137
6738.597608627368	769.7234002801962
6606.039664298443	-395.5440328088479
219.35023176476705	1561.3833477793235
-12242.294146429485	5815.383875939474
-4584.63389101795	2432.403062699507
-5341.769731397587	-248.4145626358057
10875.678490729784	47.276875270277834
-9633.830043428023	-176.61307509742616
-9062.948760983094	-427.6145735166988
-15063.46260669247	66.32067364675831
-7834.234350667626	-795.1230957307167
10792.385990518123	246.3420851143336
-3286.840179696652	-12.946500514964427
21891.36101114734	371.84218015717283
-7250.9660837518395	291.4085647170133
-14332.20185574913	-725.2242143967492
-540.448046635737	35147.632425433476
2261.9795771506974	274.4612485341634
8523.450378956819	-3203.2811348651517
-3882.2848006907548	-1225.8713637866815
-6432.026084213664	346.7019118553977
-1334.8092595031292	576.5057981445781
18734.821885053363	-76.90505601792876
-4177.564874581832	316.32243328988363
-767.6397147652267	1711.5066780409745
-9670.806338446506	286.1532825345184
7585.384438843173	-74.4341046375632
-16504.634620640507	135.7561714308318
-4061.7406556590977	-153.9649254363471
-4729.018855757888	831.5377328357046
-15881.227247854058	-381.4652656517386
-4291.347726140947	-3586.2421990082566
20321.17515496139	299.47186361228154
-21744.903843283806	521.6529203340573
9515.483511220747	97.71993407779738
-11824.805656800974	-451.53710455823426
11148.505303053094	-234.16945156455668
7705.008273960119	-1628.4887544362116
-70.8631668679057	374.17168843470097
-8793.361505197263	-1185.1609316399722
8172.090627240227	34.01033546163622
-11732.145456698234	-421.4519625936829
-7761.368042632641	580.3706519198249
3987.276809370252	-429.84439572596
-8839.42512852502	133.91431324471105
3906.213753436317	-53.6286760085035
-465.8350077446947	-452.16612261227453
6316.637449867307	-176.74790813265517
-21754.121136174293	-8572.896231067392
10703.956921481005	-124.20935974847212
1961.3690513728263	-228.8222483346926
7765.510502396151	1080.2116727362104
24257.22833281393	-513.445097337988
-5182.734698706101	918.5096519458604
666.7789459905147	1664.8851138109062
-6283.968971743395	-60.00782399031957
10741.355647774057	619.3216617954852
-10449.12526205046	-2600.3775042915618
10871.249988635022	2443.208730678905
12979.268153136505	365.42753608103953
-23843.689686506947	-172.9790660104142
-5949.279464554164	-552.7947479407632
-7576.670095502626	338.9461930265772
-10308.25931409941	2416.2369582685574
5357.352235871979	5038.857916830283
4947.434625599884	-1873.5349571251534
6213.785405642467	-390.3590441495515
-11087.881151752355	-449.8162921029125
-21158.46413663249	1172.6122770794577
2280.7746095325483	170.97070839153963
11554.3830438913	17.910313632105165
7033.046156480949	507.4834927349834
-15207.315419709072	109.0337773707885
2876.2930235623317	245.6732418217795
8386.518648425588	165.36721629697774
-27912.19980814151	445.3110333067627
2050.1163262662376	716.9609651522015
-4838.645233414677	-534.53826858653
4103.170082484042	-488.1872957377091
6971.329159171007	-543.8209368337417
-5686.247716215837	-148.43350675671837
-1160.1649847598019	-3530.676876389755
-6740.563040056919	8608.716630242436
-2200.1104429806746	-582.2631143649761
-11396.943242918702	109.54654571184187
-8396.55747326274	-298.58539157761265
6042.405557868478	-2618.0730954423925
-213.576804558287	-61974.94190396089
-14798.537353380361	-260.58988650128447
4204.2459899028	108.51911743269571
-4684.783992250224	10524.576715577983
4773.917866849339	1593.7890874172995
10655.691711869127	-180.12343943724326
192.2939844644234	2016.8354778459932
-9125.859372685845	747.7326795092805
10054.29772452525	6412.940694619815
19176.19874924327	-1407.2879507900266
-3857.2873266609545	-8.324072751192869
-16688.24817157631	1349.4620129883742
-21684.667060177857	-21.701386232249824
4902.412713330927	-1665.7421504591198
-18666.714907580998	2549.2492108354836
1488.352237771723	-91.59472585981378
17673.342097176253	66.2044868160055
-10380.698195736284	193.65887799523773
-3860.588654448617	262.6126524305285
-2891.1469899544177	1608.2169694092518
-3097.122441016483	26.322454296007713
4673.803645842612	-495.5466728536519
12728.2830096809	2672.2672999620404
4667.139181543877	278.6298869989676
4430.510850959111	-619.4291163112816
-11304.445692120393	-35508.49350504291
-11158.273532280991	4408.7018103856735
-13380.943975662092	-1496.0886495223156
10798.494261812535	-182.0988477739502
15887.372683790429	-65.73102415070248
6399.842594315333	-75.76496411797096
-8463.313916033409	129.48655672979996
5460.955917191327	-764.5367169056677
4693.069769940258	326.1196832472288
-10865.33241872	-206.55779191305822
-2207.0464365505904	1731.631830928713
7675.837649237544	133.01135210017242
-12998.820172708169	-1595.1434481664385
-2645.220766980712	-220.9932258943561
-2865.357828035499	-474.7404301959234
-4979.009081049139	400.41446961774477
-4043.109048220294	894.5228436536935
2552.5456331453956	-380.01443546764534
2182.051906286607	-119.30161139451192
14257.994366569374	-82.70777245248762
6822.769304167052	-152.9520966976733
4102.601984417476	-8.023343146914067
7639.6440871449895	-616.893734470837
-5937.386036838752	-1150.0558209745102
-9112.416801993098	131.99829820472138
-2534.2138680387498	221.40515724363934
-20339.45692708366	461.58550203227423
2249.587396170694	-490.0491723214171
-9112.929117644742	133.79155105752292
7281.772001580547	-1211.9413616861405
-2665.23175797416	289.09629220480804
-8743.43134546489	-1202.098943546872
-3861.7056101949925	-507.71414950037035
-31393.74671119842	-840.3139544070217
-13869.397876619929	379.818874510962
-246.3015164018911	-631.7295318485714
15034.175351023443	-43.72042601386448
6979.903818343552	4652.651201698442
8425.184955165407	-961.4674677071383
-2019.1724840167906	-481.96206377427563
3090.005152341623	732.2461979134375
-4411.896632122791	3070.7269187220827
2098.6647062989587	-346.5611272979957
-12535.208218220472	-52.19200664666097
6680.046901367379	802.3717796293565
-24351.900926858412	2705.099060204074
3766.1363550791616	5.518633820937456
2104.113973274262	1700.6772127473935
-7249.673868095957	-1954.0076464315607
-1321.3949664971792	377.69539580654293
2808.210011747252	-216.99928167039957
6632.999781592808	770.4191876935045
6653.276466023757	-12327.251793174011
-6972.632433144223	-715.6412136598084
-14881.950202672479	-372.05163427186267
-4711.412183977681	-18.99934731153314
-1055.1490519114843	369.913438357
-22362.98608188238	100.1683436370693
-6646.284967773574	-61.548094146210275
6421.435934088558	487.76899544455324
3651.415229834612	713.4336137106436
9037.735244595973	208.71860071020419
-1497.6394404951336	17.17304394516351
13256.840053014952	-594.8869051019476
-8989.193535050157	-1535.8423352979496
22026.77392918192	-302.2675859800751
-14289.473910893352	61.71308315603405
-1859.357937189266	-586.1966144659248
66.07217806087068	223.40285921627697
-9013.994137951042	-622.197741198167
6258.383469677826	-530.075147883033
2405.922059853516	3870.988320689553
-8222.02624408668	75.85742341902038
1327.884662040609	6.25772573993865
11522.278238804434	-64.07135757497305
9290.28296752832	203.64323117511535
2707.545119866386	-202.17000258861728
-10830.671843365399	-238.93625327657855
9767.45233004984	1431.1759623603623
459.00345345589045	89.09834379941974
-5081.623417198933	460.2550065826897
7345.053166535865	-13778.350036723888
-14628.917392775693	-88.24501370548157
824.7962208721832	255.83818090188174
-9769.773376995423	-658.2361210248278
-1814.4396165556777	-2867.382472778849
1412.380664089581	-151.6976610713596
-17793.664798739268	-528.89260346185
-19696.325171327342	22943.379035517275
194.9683249576193	-1010.3781545416982
33538.20697452518	311.8953006594409
6064.016541370717	36.30379432875835
7602.9023667550555	-689.8272056187558
812.5895715025036	-151.08477920109354
-14756.6011541283	-151.09668918401044
3856.6687283570113	-445.58928175839606
2042.474975374427	418.739747069619
8011.102301421004	-222.5804846025964
15191.980523729366	-457.03960882416965
4017.417816977319	-192.07368155175746
2177.765318260735	838.9059353738618
14357.907125630254	966.0133165023442
9059.980818745185	137.73599171555767
711.9270927735598	25.0836354902005
20987.080120365867	-1243.5324160299128
-1409.9024655110466	-488.29965987252547
17930.66325611457	766.866966766324
-15691.23986484667	478.68411323710444
914.1372885113275	-1177.4993955431144
-2980.639166940024	-156.15378442441312
62.20167393770551	273.1642531714666
-7687.140906827326	-543.1449351349588
-11586.52493232028	-1561.58033135254
-9841.986402530636	638.1851578106141
-17977.560909886906	-7946.972591592554
6295.387765783066	353.9244894999045
6253.061758890038	194.83430064921163
4385.997227134956	3782.830185227514
907.6599041327154	-610.4140928703595
5559.756729407434	-110.65809036624272
1856.3394885987937	689.5148452957459
-11628.055742297334	-514.6205467380445
10441.480906335593	-757.7821126918725
11827.534351346783	443.130089894753
-9360.884864717475	-294.2536414126119
8748.75899001477	-505.02747358157666
3069.521581608919	-1164.5588352125199
3752.5726987775042	180.28081794471336
7558.842044368034	-150.92926589674772
-1179.5039425113398	396.9235670629247
-2318.2890716427178	-620.5581974032784
-2443.0159120708518	-665.3496804532247
19268.45806500528	5435.002340133831
-2934.7148298399693	-1366.1865447980426
-2429.8465572806012	636.3512215487514
-18004.74218167452	208.6837090357248
-5815.757657925913	-17.34798356702466
-20728.25907129821	356.72969319801723
817.2187184826722	-844.7181431997716
5381.6721457843105	-963.302739385411
-2870.532496550608	76.08776379472928
-2626.43358008732	234.58811827167736
2917.772973380009	-358.5391816328845
-6550.346431182551	16615.890127408944
-17464.48642339329	-858.5813988361401
7758.718122696624	821.7608403373131
-6973.7920225957405	524.1029823492113
2173.872092636556	166.22949014764433
4056.6969859455544	688.450569899025
7791.095167315696	124.4204027879342
9244.011525867161	11.58093500653894
9435.730237427362	-1341.7136557775318
6223.033503703259	-66.48052028066914
5897.137203309884	383.332853603703
15417.372223862532	-227.69356129132586
-5515.350545437985	120.6322257854693
-7960.034875521702	-979.0942333385284
11755.86032025743	-587.0258839977945
18622.355767001423	2178.6853957613334
2937.349483084221	250.62759094275958
-4423.202320955676	-1289.1025759475276
-2555.1897863800027	-74.18530661366384
-13010.942158504533	-62.87323296999822
-24337.939162893712	10264.137057216823
-9096.609340589122	-394.1192456132874
-5937.496345820241	-696.6597647321096
-9284.125850142213	871.6779855325573
-3533.14821976889	392.8462949071116
-8976.058211070384	-1202.5179946863216
-615.1570398264832	-624.8430281744111
15578.12110842723	186.1305895821102
-898.3275641797501	176.32570012958143
5842.574330531002	-1736.1160230903458
11675.734270729312	41.22828294252942
-15715.352580898672	-229.23744283712568
10107.506772847935	-690.542013469278
-6295.201366238703	-230.98034107383756
11673.312285429347	2426.0115772179215
-2305.941004243467	1092.0941076175548
7964.63720357575	625.2477286872682
-10501.46783680232	-299.7596497740463
16743.954343804322	-1330.7253640144675
-5432.825270911995	-1227.260635514995
-4036.642588704815	20.120677088169817
-8948.648396382861	-5524.079847585605
-9927.742136864867	3014.198602382966
10457.385088068258	36.092951259921406
5114.2583194710505	-293.807971598074
17178.693047974648	-954.5162677249183
-1494.12020863258	266.3144467681469
11352.184987694667	-18150.8145177796
10449.13916761899	883.8054490674263
-18507.147189283427	-131.08658253245554
-1550.0825406211177	-832.4675765864412
-9303.622366166284	-33.0983460479891
15374.520514898062	93.5070028162066
4789.623882368184	-330.11258308353086
-7707.722006588256	169.2071341787233
-13464.93906418946	-1419.8553587273655
-6513.511806946287	139.67027295537488
-3265.4388498134426	126.36858747486808
11112.14294834665	-3378.0673079902735
-4475.977937166404	103.91275467748521
-9207.556006651661	-247.60700142241257
508.583219442855	246.77955763905905
-23288.755776323844	885.6839509357657
21482.680691940484	-1037.9857700142281
-2398.9699508100607	445.95697992069836
-7944.647114577289	356.0899508724258
20290.11674002522	617.6167285408774
-2927.0894196505765	421.3406880636916
-4783.973074505984	-3839.9908729816384
-9321.128298146199	293.3320104422296
-1762.71680011382	-66.75461513128266
-2613.480446819861	-1695.2022640041885
-6227.110955962064	-662.2098989890414
7000.4897786700785	650.2549533240693
-7003.231583045743	-4486.197946675761
3473.108620871805	-438.44659464195433
-10294.072181924026	-2837.137540009425
-7964.472421303619	-1895.451707471978
5296.266470261294	234.75913198674496
-6566.4476927002015	-194.98703054741958
3197.800634037277	-220.9027669285054
-2608.474353497681	-61.988310536132666
-17844.001908137714	481.7997347158923
4832.004951682073	70.93470555507373
12302.400643449659	98.07547325492969
-10849.501278924607	-1326.9687813705398
-655.0526974425276	-1376.828013712625
-12368.061352651785	461.26425612315467
-14838.443134045705	514.080634399065
954.9989696918524	-2126.0153367438984
-9279.805754251942	605.1904724536702
-48.79885969226774	759.8224894163227
13035.267965539239	30.951496763976177
-7421.117736057482	-437.57845981728775
2094.9806208240175	139.48634084789404
653.8521531796373	-431.9135976763973
14425.359319070078	219.519359291639
-5686.891778752354	1745.4630536176662
4320.9272672539655	16646.926942334292
5169.399992751245	-1081.6216849604778
-283.3129239820752	4216.175564402368
713.2466126833962	745.7639660995238
22968.535820724534	-962.9212749654357
18590.00579602352	446.2812813383367
13725.11780984423	-1712.0555101492037
2505.2228337319348	-781.983680517047
14447.858521278553	-50.1831276205364
11044.653766611324	55.22271215873651
18236.833889542766	699.2312405346848
-1428.525844180547	226.39029862276675
9487.744422047617	1168.2974675510934
-5162.118764492897	-873.5339918862621
-4894.025229513186	-127.03849416326176
-7226.817931348729	2922.9013300965926
4526.37254629425	17.767115646883415
6706.443600678937	-1147.214403641766
2917.9298461211415	-3277.792885893354
8320.776248098233	1023.7608453683337
10900.85142432234	-319.3493977398442
-16476.416636504273	88.32898449051882
-49.09712225214986	248.48858036092795
731.2130241778436	-6295.86319044105
16790.716192549306	171.39663605292594
-18504.25333781401	-353.69966565837166
-743.3303980568138	174.49851266266404
-7926.252113585946	488.6144815506393
-466.4858672284702	1420.4940506085197
4978.498090831217	169.17157289024613
-2665.7978933718427	-495.38025278793776
7722.085320510383	-493.91311415911144
8371.339094988632	-149.05558919355008
-26010.64758501169	54.5043017178475
2088.9389617180004	-334.68147924158046
5334.236997764451	202.4772465710101
-8523.130737723966	-2528.8301608658517
-5907.534119886139	-47.16456374888758
-10750.393116285211	119.48809413752761
-7449.941550671928	13.494907559364032
-515.8959943570815	-6137.6685141986
2593.6500976273082	-240.88978469828874
-780.4549404358432	305.8261372224908
-13717.242101994556	-91.51555663473607
9937.576211395646	-176.30200829523983
695.7584945323671	7289.362921198739
668.9341520432315	256.5407914210736
-5122.437355592066	371.68553306064496
-8055.839760309248	-1610.487349120544
-3460.0112641080714	78.59893368874921
-19396.258440112866	16619.5856926894
-9391.20978670424	-24.68861013615921
1922.570287531543	77.54711094017115
12320.880333366775	-130.82607732763574
-72.39263771694885	13.501808417277633
7805.044304124497	-736.736263453034
19018.959756407232	1239.0909161939776
1471.612824196946	-270.2898709540298
7229.078612204481	700.0602993779667
2010.6254797370602	138718.05989233826
-7603.850609492893	-7.436979455104154
-2861.0101839505023	191.76962201925963
7124.15896315064	588.4795357728154
-2073.0739873457387	5146.907187339075
102.70552989171316	-888.8296786549843
17060.758864314263	-205.96520169021338
-1516.824468732935	27.252859663178988
10828.008862354118	-251.17747186522425
6669.675956783867	611.9838851633378
15451.234587393761	-91.63069586381418
3731.769609516546	113.30325447734324
9600.25767654794	-566.0058318590953
-12118.62553972766	307.19744476881465
18628.148616353188	1317.103309146096
9846.940542611872	53.75005757988804
5298.781377158432	-1001.4416777820036
-3144.7448683866974	-412.49299763147735
5131.387987008252	641.2240630582895
5977.687456764179	-5.205614564305349
13181.816056079992	-1521.7447004621229
2772.287863254105	-85.6681428479738
14652.682367117206	565.2782354256647
-3539.797345713922	448.03627916013426
-8913.553734255513	-164.48006415335115
-6490.053010841414	1795.2600892342336
-14659.695563240755	-555.2712834665248
-961.0929880150959	130.62962425088202
9899.126661938999	-92.07893668077074
215.34785433065878	320.40193938360574
-6636.423909606023	-596.1928768804271
-3861.8028293555876	472.9352088425814
-1682.6331015212345	-200.04511817592507
156.89094921506978	-286.63940692025557
-4406.265309338426	-3544.0361553609914
-11380.235192385275	927.1826237526506
2149.6190390132747	1854.782982432911
-8501.220997137196	-354.40782876071705
-7301.919769359039	344.8201933589397
3071.2201324926646	-345.27760327830174
4456.351872140715	-593.4971446707888
1816.013973607741	-1307.2087448923628
-3289.472299318875	-4.076760352957344
-11727.983527651242	-18984.79140498257
5976.266413814853	-299.1100819811415
12040.295975324023	198.0764165711664
17023.016848924115	292.08892571312373
-2585.567247285044	-131.52741728038163
2299.1101701788953	320.8114478128375
16818.734716496976	-135.07740917449178
2458.195560491971	-153.72820312229211
-3176.367209413727	1785.1294160753796
4876.919488797761	-428.5041310769053
2280.1199564324993	1622.566318127075
-8693.645742093993	1002.200525253879
-5216.196577365311	483.2915120632624
-6589.118216346163	-153.79661430363925
-18955.98615388768	843.4412369876752
-7828.537251348868	344.30938299587336
3958.8067187112783	-1774.889243731064
5220.343115614254	778.3900665702214
18647.230247179505	-738.2250599547887
10883.723104002758	-328.07387923140965
-4931.729301214355	7749.724169222868
-12767.426857806573	666.3346303564377
-151.17662228148228	-37.992560140350896
584.2589968362591	434.932986830169
51.60277599155849	117.37836382489628
11014.488271761156	28.830119382849354
13643.116979768407	-230664.89471342714
4380.5434397640975	235.67029470469683
6660.505503177892	-5266.4162479392835
4731.492470321111	952.6148723834722
-3672.61006902952	234.62727897971726
-3690.352101851589	-625.5728722857318
6488.325050996754	-354.2659153769772
17459.90763878494	-167.9206999328537
2619.108836471773	277.0751729800992
-10171.8415673814	533.0791980220293
9087.387667859963	-74.89536080086674
2066.5864125820412	-248.4338633534136
24461.088720100935	343.1383040890648
5706.83595248779	55.28892467428957
9654.484628501588	744.5807176391318
-6329.8246762833	976.6919472028641
-1742.4590783431208	-439.4911966212107
9572.361197351413	-710.080060899164
4303.354690159279	1717.125896685492
756.8965785195194	-95.84322405166048
11251.891895059434	-420.9388086498938
-7314.497866682481	-156.8010706393872
-20849.32767121343	711.1222851058322
-1716.5416976871484	-4836.915685557268
15940.696588092194	117.05517698780203
-13668.835369658174	1625.5959578953643
-3447.51732893314	3405.30198695418
14722.216974578587	-2066.94361352059
11509.495838570998	250.191098942489
5150.383447236307	150.32780774282833
-7599.557992724641	2821.131813803859
7284.7502234138465	-477.23191835759286
-8116.4160844931885	-704.8023878188502
6628.534064895409	818.8026325914996
7946.510692803704	-3256.9787917748968
19295.025037630196	-204.54092609810587
15300.16629620092	-6881.341923270995
16116.621648543687	811.722652158512
-2111.5242561912496	-170.06770637879063
6673.122284177219	604.7235609265335
-5282.966045625137	410.91469795905374
131.10588429174015	42.99549737161288
-3850.0343345442884	-1105.127365691877
1305.1563572494076	843.5297020111418
-366.8429744674831	-3480.2745171604874
-19696.4710733006	-115.6775448165687
2591.608537561425	57.69096610986104
-7508.4759278401225	-481.8175880697266
-505.7083158115835	-532.980477220423
-6056.079641426111	667.9519523701294
-76.78433009812208	9.433904435590078
-20984.413993927355	39.716508607005295
2949.1650218962664	627.1044728091546
6327.488883787406	-309.9584121092943
7048.251321441999	280.59051001639756
-1087.4857932547623	-22950.778330223333
-15414.369281451523	530.2693550236897
1746.8736584841356	-1521.0493222754487
17000.01970841275	1440.6958628507475
-11535.82862345171	-339.0127842896002
9011.955458812674	-2377.967987197252
-5833.989420692853	-429.24364376453997
618.4362426764321	225.15673909394195
-109.16049456581716	-272.3933312143564
16196.105386148305	-195.0743723507699
-6496.140091955901	-267.26758731742103
4201.391693586551	-561.112977483793
-779.2118035562953	476.0161254384005
428.46077613158735	-969.9577404253578
-19208.310980045964	-1952.3831194432098
-13144.113603799276	1111.079928443666
3920.97919736543	2605.0624006516864
9412.486468025949	-431.6745840746119
-1272.9133286206886	-2450.026747101615
-6300.101676592694	307.5612545276244
-11206.484385907821	-4389.120206631099
-8533.717381618602	1673.9494490889178
-7237.682779472115	432.05042338795147
9242.50233316507	3735.120508718919
32655.079029505578	1208.0915044569172
811.6990284628629	216.9239687902396
-982.054803557782	345.31997629442844
-5099.819056725258	616.8008978923535
3904.7818904658893	42.49055001771232
-5153.494504846319	-153.92838971024912
10340.6358429004	47.83955929312288
-5425.007917035517	436.0577642692296
-19871.428387471857	254.23656058448515
14684.346698796982	-505.1359700839615
-9592.108555022325	24.52179698148472
-8782.359614752153	397.65934978046073
9326.979029607915	-2887.9086303507984
7639.056309278826	-753.2549481724056
-1246.856689239389	1.8695032126559814
3264.4252370018917	402.5041923216323
17925.252013120018	-105.76583099376641
-5956.275237448166	-340.4169233116246
186.88611238110263	1379.9285354836888
1276.6700908859298	521.7643947098579
-1805.0598827878807	-346.71104446274586
11908.223291535975	872.4906819831242
-1822.2924988191132	318.66975649698605
-22986.141905999164	350.72255024281515
-5424.259113949422	1792.5638444767203
-2346.164996573905	137.04849234184286
10082.61691569205	693.8576058339997
-6996.628942868997	146.73296277244125
2868.5992301158044	-4533.828601940377
-12936.812069749789	-355.5199700276067
-23854.14191006113	208.06295711033397
-4075.587804688477	682.6431420222664
-7636.514972252583	-159.68555702358537
14518.692948186304	571.1039817458924
-4445.145010511379	-373.5122229549742
-19131.33027875026	33.08219103911308
14569.961019975122	307.9460280280538
-8546.048361166728	-728.6486071600083
-4606.584682692356	-1431.4841433099111
702.7402316946763	-752.662573641078
-256.31094665020197	-502.5864936444791
1649.9429851327538	215.56270939767094
-4404.50848720233	670.5684256005057
-4066.319581738303	-147.40197118772787
-5171.347446633807	-6714.769196892399
-1693.4185079915524	-220.2083676821717
8174.40306143911	307.5367962393027
-16062.021351923751	-1326.1784838292392
-16122.359218234611	728.5989238179778
-3099.4616678819125	842.9995860478607
-6612.0864208486755	-967.3987344762224
-7876.9225627572405	-501.6820486879045
-23122.303095732605	5373.259180859761
31726.141469299197	-44.85579662093059
14387.477190998336	609.132618417731
9541.04986906773	-158.34038580672873
17173.682209886247	192.2692544267741
-20397.058132142163	3.283030967314982
-17990.70329183486	359.70663888601706
1823.1188732512412	-287.4512451545167
13942.360518097114	-236.5677507632655
-119.89448168892278	730.4094413294466
-13485.16158294367	221.96814101186192
-6975.761254792448	329.90913266577763
11006.131005528197	742.5225591673506
-2545.9976929599957	-434.23705920711103
13219.787226404258	-361.3713957429603
-7822.471710934493	261.4982954737615
8979.875740913125	-565.7064127167367
-7241.128481502818	-470.412164852722
7605.593089109801	325.81303920380014
-6673.015566544258	-659.3921621253733
26256.01463884322	-25.68300858398796
20474.57500137507	-14340.321738864523
12670.129901963786	-828.1264301711162
7020.409906294383	-454.3405601371521
-18392.481943173636	711.5100170052854
-4579.51544961304	-2437.4835937383855
-363.7645327585548	-6965.947011812222
2506.852335165699	-91.96387259461595
6837.766631179675	1529.6413074162024
-15512.941551876467	572.0241693242698
15677.786818369914	111.36352691993275
-13.638603439589751	576.7671850329574
8897.056955647493	403.76550260271637
3649.1762755484274	2083.2438649266787
16032.762590068629	-493.957465984036
-1962.9938322080059	674.3360331035244
3558.0712464297108	-141.44423492442837
3258.775003152537	91.57981705621006
-8281.747399123295	844.1533783214554
-9023.166903656733	-1661.119009909778
5119.2728454967255	908.0862424776612
-3283.0722210506597	-167.01862461563763
13313.28179561365	-2774.7060151883197
-3770.24038382767	95.65236684524805
-4297.107340085144	49.339835965736775
431.8306438979683	508.76842154811527
-11755.289361477217	913.6442327495986
-6458.84482236792	1232.5190814787195
-17512.13451765144	-1306.8966670845005
-1529.4638090456276	222.61559084848946
-11469.827990269549	-147.28854503537548
3087.5850761308247	-1032.6396609442324
452.0473658938168	1076.051236194316
-11172.326614086542	154.53666897198283
-2864.374175470321	-1155.2629452732128
-14027.568180464943	178.3077388992989
10448.594922782686	-24.95880487175306
3096.1191060399788	-528.9824143726535
-7236.784708900894	436.34565628381495
5994.2924840330725	-3605.1407380941587
16287.051463670814	3775.9410370009873
5631.97875583258	-278.10148440772076
2530.4647441269485	5290.1363080463725
2339.533645764492	355.2598687194595
21511.266547814685	563.7099275913093
14089.24342624276	216.1649052840266
22957.454177948017	-664.836152525846
-4503.545247318902	-933.0134315850685
-15716.362250406037	-745.7470416034214
-5849.877483418853	1027.6886657960215
-11277.886600430855	-2229.2352255158034
21917.04398620725	2559.109456507445
315.3337687042894	67.6008120651726
-9187.87540246482	2712.26213966049
-5895.808645966549	-410.72644569753083
-7164.923800271096	522.2412907551961
-6990.963872261599	504.45467461597195
-4817.33892645911	-174.78307551973774
-14208.544622557942	-1514.1148956611762
-11239.013494596065	327.5414406573045
-7455.950309376843	-10582.992096384798
6022.348660426523	217.55097385644976
-3661.830759942915	-681.2964732273142
12751.80764171548	-2196.210413894388
5858.086591285728	451.39006169381526
-7426.023961584517	-557.4706303816691
-16143.777610353185	-361.74940416613225
-6625.779599393305	-359.2464355004095
10450.694561226697	152.3284860950767
3316.742957043251	-95.67202382033655
17227.562377084734	26.07667099902892
-1658.8092035724728	437.1386235151371
586.9690319963617	-752.7336097491872
8458.78970215385	-277.478754562732
-7091.33117317944	692.1185068565444
3493.261274356731	317.09198621522245
5031.842056680479	-240.805440533497
-11874.354371301963	-177.48362540653744
8518.654868041047	-6609.3608468436705
-33891.45507952006	4614.653114503461
-4883.40304587504	-8010.2382333296755
-19699.37185391864	241.12613296907065
-15874.201853338076	-50.80889812289193
-850.1926555651592	36.61569542029151
12947.376615138188	-50.0018022442621
3302.775523765913	-901.2013102284388
-6463.892075978353	-1087.939598297954
2468.2583938094212	-533.0747515176595
2142.1792489811705	85.35841260267426
2890.4331538868173	121.32607001944433
5672.208676104444	341.95203281916696
-7990.4282244019105	-2718.896404158228
-6770.654531067339	171.54050807371203
758.4444042573282	184.48438182667053
10238.517209559925	-323.51475442695744
1357.3078451109225	93.7296624437439
-9340.757955009534	-1021.3483857670923
209.68843625423844	-214.59882955461092
-8889.201196921842	-337.8679125284197
4905.266805012475	-4313.890043920863
17493.060826517813	310.3835625124549
-9192.474393181103	13.645002341604584
-16917.187638955213	485.93523655552275
8452.576429177177	304.3845426190599
-6727.677118999541	-8440.849052891444
-18843.14946718051	-113.31887151353484
3105.1174721388106	-307.761795965488
-14278.286367609184	-486.0537232547664
-13988.905406090063	704.5581785204187
6543.561051884488	-170.72153567829363
968.9423060110448	-1027.1029597042805
7992.869264465384	280.9888166414976
2504.8403773089935	-133.2975138789141
6482.328004317877	1569.3489020315417
25298.327769791063	472.90022980901296
-537.3042966200253	146.05802455168416
-6291.640242651209	-521.0800454982274
11354.986405908967	315.3525147852775
26370.04780202533	-144.82665187554105
-8813.646163098743	-225.39244343045203
-3190.466963777721	103.79977651155727
-18312.941916471525	281.2233157414804
6350.736975213428	616.6220668126573
-13612.332233586245	486.7010212227272
3588.7695236340687	11418.686945014651
-10606.20772108972	-66.00030614125032
-2310.808184457565	-459.20733798073474
-200.86856474430476	12.928478264088746
-6083.035743083512	-796.5663198455061
7759.1986867802325	-589.6452726739087
-15907.77892344059	-574.3096474465566
5585.75062922298	-95.19426252185423
-5358.9722747260985	17.656627535256064
10445.231196527422	-18093.975375683654
-6417.307414896843	-194.05103463999163
-18795.96405090585	-95.67401181239794
-2577.8764235759104	268.1671646275489
5984.630244067932	133.36296945812688
-6620.720464274265	336.45607413173417
-7082.905773300853	-64.36070450441584
-12303.030794872979	-61.51996202285245
-4703.576779562422	219.71723495660655
6942.634823345769	-871.4090257116479
16746.729714689995	1084.6845442975246
13030.893676241423	220.57256736316603
-140.21465729707302	536.1205672699592
-2856.6993931083425	345.7042300867399
1309.7161722773483	10798.518038764336
23059.250898820126	212.83868274111646
-15388.072043062997	681.4084068492533
-1154.5114163639644	-41401.391406774885
2122.307344424028	-232.38357894128208
-14840.901770418446	-345.3699541278393
17331.63295355599	322.34747283228637
3267.8363368873725	-421.89737561897044
-19702.186946468795	-462.79176043728484
-10411.443212424567	195.1083571964693
-16891.352648361844	-56.893161719835255
422.6043175662158	773.2150071026873
-20932.33663048941	-397.4896742748465
-12964.809817601381	-1055.7461639053379
-7459.336994004024	-70030.50778577909
-2385.3319544285814	33.8741121729666
3584.5031182791163	30.609258563763134
-8059.100632219622	208.92035743305698
-7059.121192894057	-639.796766760112
656.4340740230841	53.92028682167676
-15470.532370906749	-158.16486864702574
-981.2727882207247	305.04420646670314
-17869.310242731786	-297.53061229292746
-8404.610852361915	-528.6487085788519
-2731.2942499255273	420.53661068690576
7873.136775405701	-635.5093625641967
24096.88560010768	-313.90489814375945
7528.8825155450795	41838.75649166089
-10949.066034271047	387.77583952244487
-4314.216308623128	754.1182848579857
-8814.03142558254	-1664.9810286496727
-10506.325145952898	53.78393326720597
-1384.127438818205	-482.89414925001404
8063.280877338298	-767.084394428367
-7423.445484186341	-99.76692048107499
4717.122714014177	187.02513005898342
2854.179266153736	-547.6935758223259
4837.077560206997	173.16705590307419
-1153.3681666707866	-639.1191929496805
-11768.610070089913	159.59340438784213
1271.1928145474224	-521.562380154966
-5135.292904195583	-143.19002850467368
18869.679951794842	259.1743519017554
-5880.678249661763	-35.77095793283157
2324.0741619470914	845.3977834860011
5443.241316055889	-570.111795552481
-903.4346205085517	-157.9442375803236
9580.842232073606	199.12148831663868
1001.619111904789	-177.7489246190257
-14284.61527838013	-252.79493740946427
-10014.205629000164	-115.19915257683006
11170.637147400043	-1995.2745248249603
3658.1136832704806	-446.3743619638307
3888.1340249817476	-389.3195177690483
-1766.5954267491727	382.02374645068556
17831.87637769018	-1334.6171553578986
7071.666342311047	-13.469883538309324
-10573.461165482633	-277.8225895630872
-7705.296083201795	-1087.8663049904526
7990.699375903045	-275.2387102085553
-698.6438763965141	4169.005082305893
8817.621678501246	174.36507500386944
-11580.557687910423	476.2431608185891
-5217.917906893149	507.4055880251428
-6835.4000687595035	707.5929467367212
7187.975222812737	1172.5726142853966
781.0397897944874	742.2681729069411
-8256.43277386134	1230.350254918544
9430.43653032199	1098.7805527812502
15803.664650156337	-171.79871419010107
184.85339138118266	1097.143301673317
-2742.527412150398	-271.35407371465925
-12874.78933973977	275.92218130512356
-4886.003633301897	1570.8035011812358
-12926.489307668216	620.7511727104284
2141.101308768923	297.93074049849673
-3807.9545120287885	-1250.5379205404918
-3464.7020279168187	387.53818481784407
2788.898033881685	-543.7195491894425
-12403.022667930907	441.2592755510938
-11702.428108022714	-178.83052745466696
-13513.208362682808	-684.1581918429258
3469.3070862089608	339.7289702358448
-1080.758614702418	-1048.7729908812416
-299.14017375285744	-624.6047381958477
-1244.720162046037	-406.7870570207191
-3987.4892779801867	697.7227016379904
3640.3708467193733	-121.69951377673561
-10246.356723149114	110.20280352049345
9374.178947908684	666.7979309354172
-3486.402088283539	162.47621028480242
-13360.462460806188	-659.01242836054
-10461.21389494004	-696.2541616885335
-945.329407286756	-1496.1584924815704
15499.378237047968	-519.9186530561416
-9851.598219998732	-53.64452991177721
372.5131265859648	231.99752296151462
-9873.328070957541	-878.4403461516092
-702.6383415095746	725.4889736112438
4800.459386859056	27538.453723226627
8690.575917108472	128.846934019679
14500.742649116304	372.06708951288755
-11980.455198221907	591.8782114929975
1553.4426240800708	-826.7335596342444
4001.445636824028	246.0281569360755
635.3113370851895	929.4531801715306
15289.538855166038	-242.79184282737256
-21046.676821669305	-6241.758720879633
-15041.500549738648	2312.754354922157
-6293.657918563974	90.57280420319982
12998.720467686155	-531.7870089721897
-1871.2435019636243	592.7933576189433
-368.7561460285823	-322.53712180931063
-11895.33302001276	-867.6190118533963
-744.8571204611958	307.29495690344663
34.762814456936006	413.95733601138085
4953.755315258075	461.4415210818123
-6868.383177964742	-671.861709441622
-5840.268230057434	300.62036592403774
-13050.940919265646	317.7179437311985
16081.226862580423	395.5826165585195
-1260.914045881362	-876.3293269167833
-3595.2059635184855	-395.77065649038934
11480.64779861801	696.8172972346543
19622.37583898069	-409.6933896690004
12196.822634815431	374.9837089237437
15578.453097383654	-840.6744888179009
624.8925073365554	-897.5378668036435
8925.088078835852	-16.455610678563797
-9206.578884496752	16212.403733482079
-23105.937399160404	253.39677981281747
6581.378912351058	-2792.0595747753705
-326.1427625670573	-145.422050642147
388.45119999032704	-3358.166178401036
-6893.837777469805	139.72216807291565
-2779.980468469621	436.5584384610153
9151.617342663169	-64.65668360241807
9211.630496116277	-108.72708000952163
-2970.5277296889376	-183.00848911105533
12346.691553226308	607.253179177035
6556.579140233349	656.1487928987925
-9035.799081565803	-1395.9973700806293
-6859.985815337641	4192.786332184632
-123.10914987348383	-440.29618557923243
-2753.207140542129	891.7400963981216
-4807.783635761663	-993.9072100045368
-7540.243204929137	2953.0687813320023
20080.831808209663	434.1730292952422
13416.261912826072	789.1919090688659
-6869.480329782569	-232.7645430559037
-29928.417132607792	697.1895215797055
1994.4947757138032	66.10220967091142
7386.019161103043	1661.4803288728651
3474.4792730225727	1813.0487560953934
229.36388277516238	-2428.109336995636
-9868.173672377401	2503.330996748787
-11226.272064943336	-343.53386657976205
7018.529753498015	190.51105316197794
27099.11052675292	-106.29716076049048
-10059.656853756782	-552.4456588259629
-5986.882599367651	-200.38469561033307
-2224.794265860841	-142.9205546017094
-9344.53343664038	694.8454302936259
3595.372830870878	1841.5027428846174
10010.56597812866	-923.0889139293557
-1065.520200522262	-877.8000123682293
-2008.7869834912444	-581.2214011895488
-5165.633803839962	861.2524782596471
-736.6334769022096	922.9504467791163
178.4251991818755	-80.7931527074321
-8596.579808497869	595.0953006970299
-7784.337725673195	1474.5620236271934
-11518.47521433322	-4218.115203433367
-326.1532379875518	-558.3108457326757
-14696.801312667572	3588.499779082713
2056.99593074466	42.740399973562496
-9938.369322413813	425.9546509396076
-1514.4885896631022	-2486.909450902204
-6232.904095381126	335.5513832819778
13225.45898884784	142.83503399994277
-11198.430342465192	-768.2784503687367
-7037.073970170682	39.727561759614666
3336.479231533353	10938.234840332107
-3372.229584149176	454.20814159597217
2775.5421433459974	-751.5209696892186
10214.29391588063	-735.9153735366584
21912.36671212704	113484.9074755745
-18140.345709991187	189.22359085140556
-7624.296169957842	367.7213997279209
412.39188847060615	2122.5115214681173
16585.025026494302	2193.3484807343652
-8295.13090398266	2231.006147141593
-27964.625039740025	-11744.994870527653
5038.199188321046	-90.16319563463611
-13594.123332995765	-114.79573541809602
-4710.851708623884	240.3025919525492
21280.405644084385	-1030.5863569949925
4936.947096629208	1333.4656676510726
2068.218335413615	-135.38275132302178
-11938.9051237686	162334.57965841773
13798.963975368577	-222.90447470814144
5040.639240061223	222.9102280245297
-1466.0820179211207	56.887993850100614
-7159.797887269652	-206.67779533034016
6796.809884334372	-1192.8342817748687
-3719.623161799706	220.71935964679665
3906.484201107882	-264.21587588914423
10180.468088552332	-318.68410584088235
8895.918485585533	613.8000541977148
-512.4917782717737	-853.0071161102007
10955.55554433655	-6071.415169727614
6629.87359751052	607.2618472895085
18646.50117040783	100.572929207263
9194.430429490068	-4039.8888001539112
-469.5368714493127	-12.463161727984936
13612.161033653345	919.0757644988788
12664.128114866673	-1204.085338153062
-7985.532393003675	333.9717579477625
1503.246391229727	-2268.957040253372
-6508.44216736008	-108.0935860145938
5377.921476467912	-223.2987462592762
1853.105170539751	373.04838292018565
-5491.4340389899935	34.75060070967223
25669.68645795318	-145.34070345230734
-5219.757722483665	-75.99660817283764
-13256.069329733698	-207.86656150416133
-4374.480366299251	1.4695773354719972
178.58409640660042	-430.83629573896496
-24988.054650478563	-841.2060265763483
-3952.638099302541	-76.10976396684714
-11179.866973666227	147.91302883345517
3563.0922961860915	-2084.8348126642672
18073.26572313862	729.6076472797963
1179.5635430665095	1060.8132492427403
-4145.314768633857	-1517.1210421122566
1704.0341444349715	73.9427288387622
-5221.250582956858	-397.07569160510457
-1750.1964994737648	123.58555788538185
6667.209448341234	-516.3753859906445
3413.981083639243	278.53592330569273
-10379.01299781573	971.4683353663148
2826.489342634576	-86.41496113843147
5369.829360111512	-664.6710238004068
5153.096776812148	1062.1245314043742
-16219.361876016339	417.9916717755765
2277.1226625567997	-441.04740640532276
3199.193146420818	331.3899558555407
17583.512888410813	139.8203368567788
-29313.972944663838	-427.9953645210222
11198.938291234936	-130.26089211094202
10024.195013365374	34452.16414058263
13002.3019861203	205.2444462907676
-1317.8945833274531	1806.7737622237303
5315.986359080263	-129.97544120326899
5306.512917737679	370.5612677981701
-19906.925457398003	-230.70434604126606
-649.8350641933617	2823.161562074184
-17909.801202997103	-1173.852939379058
-8294.332864268521	489.5077252084961
418.8185238017309	-226.26433315350087
-7757.232807376387	757.008084151726
-5358.153920637785	-979.0466846586702
3863.511043181263	1958.3124703744006
4202.244683088273	-1392.819713354435
4724.217723836903	69.22413746630741
6651.593640327128	-577.9920168309285
2142.6481719032163	138.18649391912703
5304.883118953226	462.92542128504533
912.6987283171907	-363.0954508669386
2837.3010848625754	-1682.4182897847627
-6293.9199953107045	-318.98755638715534
-1166.3347723751704	-423.621967671757
-473.78707817997247	-180.01935822178112
-22737.698150345026	2190.2876591043314
116.90374647946305	1437.6964519189669
19133.623637880253	381.38754473940566
4678.567614830787	-4174.46258497714
-1130.3398895565078	-1504.3536444875683
-9023.22626660992	102.60842803935287
-14065.452140317966	-468.42705016709596
-9589.364779069465	-338.82500597537523
-21347.000346549306	367.3385583717197
-5999.898357980171	-1169.1159221461116
5834.151388566729	478.0463044871254
1182.511074027943	237.92294433964307
3383.3845689774407	-566.5456183410955
-2431.373891775256	664.1596309860299
-12331.656760857093	-102.74275613260454
11733.493184292036	-23.220423752163505
13383.342005070479	-129.9067976044183
370.5348876962669	1998.4516415668847
8666.756786484046	302.7318489744564
-3373.4150088704064	-1058.585740151605
-14181.154327619497	-95.19594974295268
-20994.540522700176	8.608610575283706
10816.349363261375	1413.0786846282824
4982.859873269673	-1538.781589161675
-1888.139178073178	236.52238989146278
18730.194890292285	805.528524226877
-9174.094801452198	-1178.5284679027645
-4973.317491843989	248.2141851866663
5520.647240127357	-99.5089094180419
-11412.246458359225	142.27400672919015
9714.117830368425	-4476.678630018547
-109.12948595918226	713.2023745165371
-2385.6914049790284	-886.1099988588666
7291.99603688551	-850.1345378710724
10441.75430273965	186.16329505178624
7045.698295667203	-110.98445696425026
854.2506414798282	521.9346983587072
-1712.737722416424	-342.86197557065884
6877.984924040406	-277.2167234464962
-205.9930576183142	-62.84301264780771
-9966.245331722548	6448.381129571307
5264.27601741983	415.55057535559473
-11688.88178318504	312.9975130916745
9289.398263870158	382.8598150903558
-13825.979968213825	1875.749573089303
9978.256968029127	-428.563380406099
-14939.78564336583	251.18337637846483
-3503.2063178813837	52.27940623206489
8810.920437441764	41.954629595079126
8630.349513837033	-1028.6742385486418
-5244.718728451219	-3236.0714905798336
-3544.527012363228	446.4090965054247
-1890.2517254698853	-511.4792756142839
-1479.259629221531	-14225.38653335937
10974.797235969052	402.0403567787762
3234.1562320459243	-532.9918776430586
-11012.695122868336	-329.1444342011551
3882.254669840963	-804.1983992555168
4482.667812214589	-6325.816549670461
-22969.173015762048	1713.027193307186
710.8460562874639	-161.61075968774654
-10604.072612212583	-117.75993396450062
-4843.243473905659	-130.70436131328603
4396.547462961729	-61.03675817503359
7816.037915877017	573.7826912197568
-875.113004640036	-241.5940017426748
-7300.9448221260545	1055.3294463045231
-10600.773743691576	-207.29156437325324
-2337.0326001656563	-1021.5666963828414
11624.101109108227	122.18469576983942
1457.3103568019233	-47.619151201729906
-12119.364323850552	237.42759074251896
-3535.399152565607	-36.89098844899138
-12127.083862739357	-7018.914183199771
10218.347377409089	1308.6129180057967
6287.206724810891	-653.8429721830969
-2894.405167033176	346.35587493801034
-13665.776211066528	6607.566015503678
3319.0878373911164	-6291.575052011272
11440.589485010654	25801.511823725996
-2128.006912947366	727.3586886661587
12821.138240364242	205.06818114297837
5193.003219923997	632.0446836451155
-5184.277131070364	331.2342304971365
-13128.607539976874	-733.1954894013311
8574.627760694708	1515.9539020786608
-1747.5852030452752	4464.44301073328
11675.704708767194	-805.1119081193361
-10.847958152717254	-84.60123087063931
15272.192583081986	-223.38498306824627
-2271.413074697043	57.31824081077567
-2876.091065902737	-97.74511881828319
-3532.7140480835665	-38.514155288254315
-12994.673753931724	-649.7799062508824
19046.485188869254	103.17313485661559
3099.9117487875324	59.268278752526925
-8579.842184768766	5092.538603532407
-4167.968502059554	-392.66658026489046
-9547.800042417257	-1391.1403098749638
-4500.848244074478	-5392.441625560746
-5070.237688101611	292.6711766101687
4474.6752141190545	-4946.447534679048
13988.18157998208	-228.87088973431435
-2062.317573502008	-166.65543675524694
6543.6440451401395	-180.66995159022585
-8073.367601022607	458.61880944298605
-31445.257869015026	-7.8279822083982795
-10812.934534203878	5211.0440033610885
90.22973621495262	-264.8422337489926
