x1	x2	x3	response	response+gaussian	response+slash
1.721585367876294	2.1438041728094	3.5095006041845807	-1.4278378125066533	6083.821925538642	1159.9174346013933
0.06428800553598357	-3.536600991632657	4.352640674123428	0.7573198460159498	6330.265509779223	3569.0318177077334
-4.8983444067401205	-2.508056439493014	-1.607745524390134	-4.923840437435407	13751.129259524307	1.6470339417860682
0.005862792579078402	-2.220477709875419	1.8417877909254905	0.5094857744212299	-14487.217325279838	63.394492481245614
-2.40107916490631	-4.885930643689836	4.8523526588524195	1.3277305778461972	-6374.844422138734	254.39004925951525
4.808897630915311	-3.561845008982407	3.4141183649106583	-4.1886057714169995	761.3631419022861	668.3836974139191
1.0283435208646887	2.6634289960853605	0.45646093749983496	0.007261911137675578	-13324.025432879744	972.7267736019568
-1.776253018828796	-0.6504993529378309	-2.962816837486103	-66.23437341210514	-12347.79456558381	593.589594199911
-1.0349454258487434	-1.2337011480657378	0.9694906641484637	-0.11089619562244704	8435.557797902244	582.7509987465634
2.2757719263268514	2.9353390791371154	0.9890630473833806	0.006289541465775399	-667.1059479771907	-344.05745242075113
0.39807954915665356	1.2402318864034543	0.6774031058773344	-0.3944179270903264	8861.89486138833	-32.919410489706934
0.13504606224768878	3.6502039454030744	1.959517977970263	0.1894253197742875	2530.495436751778	-819.9014984737437
1.107753822128398	-1.3731656315532934	3.114681364924145	-0.4077007864652415	834.230132099717	-120.96104895482239
2.1153792084365524	0.32070200636431867	-1.8174698556993638	116.25694670116636	1684.7106790599491	-1111.2482527126524
0.8970107248147032	-3.016295368722577	-0.3514820335797797	-0.050418714373928024	-5783.555803154011	1315.3758151624415
-0.49243000540238224	1.8926764431826637	-0.8385008399226788	-2.1900308115650753	3791.9919402342325	-624.3232867175324
2.4286828468959296	-3.607432344306991	-1.0881873740520498	0.9083615076155367	703.027813311416	134.6810968159287
-4.823767049962191	2.292258768967347	3.596146270592092	5.823291629811194	1309.3204250447789	442.34186512153804
4.803048494543878	4.9043789793207555	-2.0543911547602933	2.7877964613496595	15097.896871781584	-1352.1888745656913
-0.49694261930658534	0.7137963901616962	4.6185416949218165	30.384246550718565	-11891.162396024065	-83.62297140500314
-1.861601958178193	-4.778292885639117	-4.623789446503413	-1.7826687547434479	10621.444443181492	386.0239771685463
3.43764476520254	-4.2059896611440415	1.521546466409113	-0.32854021812647094	-586.9890312360795	-103.22287286300809
-2.3775159692320447	-4.027761679334296	2.1242219009333283	0.5672959468729912	867.9459294428362	-224.42543317811595
3.8095989763507205	3.2101165883130918	1.037051325811018	-0.048956340624916966	1121.477272138722	140.87360480871308
-0.04183195030600473	3.2067390382567638	-2.522768211342864	-1.0662592420593016	-14277.21360837046	-236.98747072237626
-2.5544983652460527	0.4863545940809981	-1.2918452550101565	-82.29613793880887	6473.952540832085	6104.130778812647
-2.6500229129645456	3.1059502710354465	-0.8463454356916333	-1.6567214469876026	9587.63954214845	-339.07355861968273
1.3987585985665287	-0.211506760181158	2.9070664621693734	-59.29082617834177	-11277.91610580294	-2146.176846619438
4.530947297330151	-3.2568599931005506	-1.1151045212866717	3.862193569647528	-17981.061453918926	254.3526555093122
4.209745521154423	-1.346750890359285	-4.919020874316299	54.27121368621456	-9272.878644476907	-216.63800116085926
0.5161558329641958	-3.8443958746986806	-1.4671039150831078	-0.2554898154465824	-8492.566884164286	661.7803177050462
3.632670637377192	1.7067357298070789	0.45715095305088216	2.3115696739925937	-11582.286096788688	-712.1838882726405
-3.660463132236156	-4.443765238209903	1.6702665802078656	0.34740035594232216	-6044.475637112034	444.7227794360868
-3.147688457726243	0.08440018547167494	2.8954187805588028	2518.235579215265	23547.121839318483	1738.162997467733
2.8765323869924666	-4.013935950976663	-2.4454957408508715	1.6900389181917987	-13762.269176818338	361.4122306525188
0.6202238263732562	3.4294574456144655	-3.875480152942771	-0.5035273330822339	4799.074012585362	505.73656996544065
3.713173909920478	-1.6150835816985953	-3.456239962702654	22.118007680102817	-4310.294126024318	-166.35037975665065
-2.188137255106637	-4.18355491146166	-4.885084670067851	-2.6386555235299882	-2747.1224468947667	-670.0691545700204
-1.0276164531357015	2.3481361541903976	1.0906240345272522	0.0906613644049853	-3219.6504413282287	-575.1339189496505
-0.9172305106247709	-2.136231684093989	-4.204053877592696	-6.007975957427103	-2844.1096968589927	399.56570776837617
-1.0255115385596114	2.7447743953996806	4.717485385395383	2.7195258450958195	-22404.988869375255	-47.67152620807972
0.11673212818985679	3.6503058008987708	-2.7164026540572186	-0.7477860967312391	-11363.025153401713	1975.2040562556726
-4.141299747874465	-3.007676912105791	2.8710598635611584	2.25595363808789	2683.3660559849036	-202.50815650420498
-3.461382481414482	1.1663914240263695	-2.094910819322089	-22.618330816685344	9784.345029672195	-1280.937621967187
-4.063030907101877	3.804506262081235	-3.332795073272896	-3.2331395061962	-3393.5556245399644	-296.86769282984716
-3.869933670583329	-2.917408100877604	-2.160090618746242	-3.910885346711758	-2405.712553046743	-508.34486449261937
2.0462682786095865	2.435014029812792	0.5065098149331435	0.32844976742499693	-7332.762876805158	-746.0120245321914
-3.6480863560278043	1.1282554511283562	-3.5105554394324967	-36.20252192859678	-14831.651418992138	-8559.615980581111
-0.19120816645310068	-3.7916846481113886	1.946434172166561	0.23083902775195583	-2893.273298138011	-20591.24594948108
0.2512385428703201	-2.3028659172416974	-0.3214687160143388	-0.5741625652692943	-3524.210936346218	-324.9503547114124
3.144386445379393	-2.0704582250187684	1.4807838520762484	-1.0524340908326841	6015.07218567899	-269.86747316613736
-4.884678835754794	-4.855451046974467	-0.4847859052113792	-0.7469804376229	7004.630841492418	-350.21439121420366
-3.9079463959823912	-1.336675617211942	-2.230337006006068	-19.14052465629259	7770.070565864132	492.0634346330764
1.3251804685210509	-0.8415664476726175	0.8167320460935388	0.29100132412778396	-25677.27889382735	2340.847531937954
0.8176902904430383	-2.4753858599925205	1.9940199341728668	0.09662475353775343	5455.5168488690415	-65.69743478538568
-2.0527450947813755	0.4676924998734533	1.1709562866115473	5.938682265945385	7877.946068408565	-565.5354484772519
-3.7128291312792747	4.2848646508978145	2.3336309138509925	0.7489232653821292	-395.8963986108812	1328.2109827691925
1.9663572420707007	-1.267986622658377	4.2576245784537345	-7.3116961368856686	-11291.500618051274	-757.3002322944857
1.48499551318515	0.6102027673113355	4.884622299547418	-17.82684742892333	16063.504782168868	654.72113525387
-1.4167560096665834	0.8176271797636101	-3.5890361142059692	-43.59354407010288	7162.80818341276	-183.24348890027449
-0.8796033236192589	0.05382870590658584	1.7850427086105896	1404.2350343662968	8019.603040437246	1833.3288725778186
-4.353307181967933	-0.27263501617612906	-3.433382248191741	-667.3648820085205	7810.056688482033	-1556.317314094103
-4.309964006846039	3.0560574538218592	-3.1091523028819825	-4.897827660251381	1913.4997295351702	52.17577049037771
-0.372666055286488	-0.5117253906334875	-2.2031067131820237	-48.561626902330154	-11693.450069614095	-734.5099919471146
-3.391883893595573	-3.7109007696847196	-2.629934922577725	-2.5934064462994684	-5699.810466045605	400.71669536606345
-1.7731760410260353	-4.5826173333219025	1.28869159278337	0.09714311062629696	-2866.2146781292063	175.9652725375519
-1.7365843727427266	-3.0594173811463063	-0.7663327272261187	-1.3200288666421387	14472.081680576448	1074.5416752793242
4.003255356602166	-0.15902302747292474	-1.3587573721609592	1401.3970378455658	5006.028809096705	1177.4268233869234
4.55478230815994	1.774399309743834	1.6153935782364748	-3.827976457363772	-24667.089217463505	-3565.6198315420634
-1.3723533074842464	1.8338821748680498	-2.8670536428807147	-7.1959413819555405	-4124.87839151799	128.48307879905937
3.272054065081221	-1.0521012767333646	-1.0892651096963055	19.122112979341306	-3449.353069416707	899.8998824141302
1.5064263195339214	-0.48482100054786237	2.5988629001413823	-12.167334363205198	10158.634683155455	-1342.2491129439966
-2.9479382495796824	2.1027353903770782	-0.6073602599282859	-3.3253316403015343	17414.415244519565	-213.49417554950125
3.54419226583615	3.372007118793924	1.837208089936647	-0.8705165768619779	-13570.410995065258	126.18986769804083
-3.6831444982412265	1.7784860032080498	1.1869979138971427	0.6070280476208251	-5888.473721679571	457.91096717544144
4.406677153865461	4.813565714720209	-1.81724513848161	2.2216373750986396	-62.204250106802576	484.24754323072824
4.20495472716868	-2.0870688752634328	1.4072333230023029	-1.551158103193542	10555.635464568144	-568.5904362512936
3.496449328870229	1.3570222221888475	0.7992974731729943	1.2550828723263387	27032.115549895276	311.36698757929327
-0.008718983327948848	-0.6261126729671425	-3.4493119101761236	-34.31632850613417	7102.227687321621	-975.8649449521017
3.2879145343483565	-3.466678437107854	-2.8020088132376166	3.2351138961503554	-10317.15848302683	441.49149808720557
1.6563639221019262	-4.008419011408756	4.029993337583075	-0.4450471762977695	-6111.908628319446	209.44151137953764
2.0918286064827196	1.6352027034257564	4.9229020915612445	-6.076645855026156	15422.657219603949	735.8671419978061
-3.7470337271225675	-4.601478660386677	-2.1258676890130888	-1.5293621604162824	-10240.630496338215	-514.1166741391103
-1.2652269351166323	-1.9828646814344375	-1.2073267843751765	-3.386674873001984	1746.967822379004	2445.391403735611
-0.4852115563894479	-0.2999199935868857	0.4539735326261338	-25.794982371505714	11215.846667681479	-907.9926695772651
-2.8584602837390882	2.8462303324615865	4.674813114008199	4.083583999461021	-12089.009247090115	-450.05423018300706
2.087468659230934	-4.748256390462656	-4.322971141105557	0.9734381210652784	2215.33792686007	151.57246242294912
-3.9123714610963347	0.3870222278324693	-4.282582046218638	-373.5818112748243	30372.648835951233	2109.0886502913304
-2.989481861640283	-4.13978984965537	3.9111380852499487	1.5651362025795374	-2696.1525788791178	-214.92461982451354
1.228234784548265	2.3177049302135817	-2.9133760498408536	0.5686583021358398	11360.995928588	872.5372715621531
2.1576881196430095	4.900859459094951	1.2355346564521899	-0.043428921314232025	-1066.3764436867475	-321.0828417874914
-0.7138267766466111	-1.1990112632797603	-3.5350574979237392	-15.13839491104203	-23590.034348023393	95.91913803288251
-2.3860865595698155	3.0931010714264	4.122881759758423	2.677025561902229	-1862.8984922670747	-13.307166828507238
0.4648476081869193	1.4930917972513624	-0.6421911861802734	-1.240285838420668	-1315.8449329574298	-511.3208955836064
4.134457745663271	-4.969115973908891	-1.186284947223296	1.4194627680151275	-4388.667537270591	193.04081380987853
-4.191911404333791	-2.862977040911602	-3.7711046853861774	-6.388381620402815	-19241.74774506977	61734.47212473766
-2.554946860758336	1.6551983601547517	3.285355129562431	7.085868535381883	-11765.171178050367	-248.99306142951158
3.51463118100129	-2.5373785769897763	-3.171567935010544	7.536846233678832	4600.426713869125	834.9416836288548
-0.9067451144426721	-3.6005895716885705	-0.4853905838327712	-0.6009137767450679	-5143.924150169132	623.3728678086687
-2.1168308815140016	-3.2391570933807667	1.0761594807752628	0.05601513655609109	-8616.404107251412	74.86914078902738
-2.4127625871754144	-2.948785501962309	-2.294982853822983	-3.1255444287346057	-2338.861604646305	101.434059574596
-1.5400136034216216	1.5123639123183183	4.388567723218889	9.782605376293798	23279.142144514495	264.73563823406124
0.7389279321683739	1.8650344027028058	0.15636825083299755	-0.20511603886227792	-9469.066110611597	396.63101098226815
-4.475411636047061	-2.026713036045722	3.3694327227574767	6.545863831560437	-11448.582674417225	-1951.8504988513696
-1.6124599850584795	-0.8721465484042348	-4.298219732344989	-47.01080677186779	-860.1582429391088	-176.92116258263246
2.8127398232015954	-0.360095346069393	-1.1221689922932834	123.83354664916621	-16547.99994003311	-682.5233856630366
3.2848020678026177	2.3253574112036706	1.174623061139977	-0.3296349017819309	-297.275108406692	-264.2199288298482
4.467819739370279	0.3601887818189482	2.3069658892793035	-189.44595396751717	9016.011143548627	-207.37272208132734
0.9858000021807358	4.963436860904038	1.58657671570589	0.0011252322195802814	-12437.99903306934	258.12525988383453
1.8511133263573605	3.7057485048712273	-4.297740762509705	1.208785344551939	13208.359347644078	819.5874364519418
-1.4355333849470608	-2.244331727903639	-2.164551219761852	-4.014180961070915	9827.837208723411	86.46337027793737
-3.1559428727779126	0.5820260339249872	1.463921772099198	12.97862778854787	-4334.692157380923	1391.224692638831
-1.8408476587949627	-2.3326179255058266	-0.6028799307750621	-2.120313995858112	-8294.920119402772	415.70393323078446
2.548708104118411	-4.702216268785696	-4.242897860755518	1.4785140183385037	-10728.028555869541	-468.6377983922201
-1.6059934092773753	0.6819839526063101	-0.9860102215215321	-28.763744093659977	16084.312115806077	-140.81120467323998
4.338804626170354	3.1425921383212145	-4.575109716749338	9.988068159865366	-7857.707671919105	800.2469664209614
3.102398328294786	4.189815809252092	-1.3599088558879147	1.229259332905447	7852.978734343599	195.33249941133184
4.628396675624144	-2.5181585517281135	-1.2070862366806745	7.053184446280524	-17186.502145812487	-2049.186355999362
-1.6706062793404985	-2.2477930132484203	-2.547987915480363	-4.8206677560567055	13943.66715941569	92.35707802257599
2.6976372962255546	1.3653857056223746	-0.01031994635253941	3.779644780490658	-8482.626005992792	-284.5523010634393
0.9852156025347316	3.41542782797562	-2.460063962290908	-0.01459363372346586	8655.081670564172	-359.5513559484966
-3.2708959961876936	2.394588956821295	-3.4013389747460474	-7.410762099509624	-2897.95502400405	86.02183495428362
3.778203059789597	-4.413267106627607	4.753359850837665	-2.58148249545665	-1961.5642683064953	327.4866435120256
2.7399598304695623	2.183374245528996	-4.985421556767209	9.027340633109702	21988.88804462224	-266.9873599915102
4.03542003173737	1.177006828843571	-2.7660941267440355	41.504328331766324	16676.65110629236	523.008687791048
4.316026583651153	-4.894305313123921	3.7993983807393708	-2.045360251188599	5098.392748344049	1345.0648376998006
-1.0732231185518213	-0.20507718262218688	3.409486634851591	321.79780972808373	405.16399870424283	1165.5998801461114
-3.4720838108014407	-0.5877686274821157	-4.281146753182899	-152.23406543965083	-13274.961075941737	2532.5730461441954
-3.506816823234611	1.3729190733364636	2.9799334416789547	10.514747921689944	-9862.511708366386	460.4549660683803
-3.2050731844413027	-3.6655869602765643	-4.3226186409215925	-3.784358729590401	4166.846265337124	73.17242741393648
3.133409308594244	0.9364341207343907	-3.132054890554582	43.920361168705966	-1722.0616977417353	-322.59112039117326
-1.988561215203414	-4.070888322250461	-2.7586502436328564	-1.696171975951747	9321.890543379657	-386.42863807317195
1.064322459668153	2.1091263950421366	-4.241614141791433	0.25445807879073545	-1025.0806217597135	-720.9363063120338
4.308708183270829	-1.5485675595741188	1.2243232931396015	-1.631484393033664	-31701.721440392605	628.2472243687482
-1.684922571012545	-1.71352399931755	-2.935090404032963	-9.238501058789666	9185.047497718957	142.67125735114823
-4.668253640856552	-4.381531020447733	-1.6253915978415145	-1.5853838461867484	-15558.878767100965	1699.1626283132368
3.4714778309631438	2.710163434885362	-0.34930911138021337	2.0863327751446588	7501.276470219184	-548.781032157441
-0.10043405765047453	0.730040520143219	-4.381177394700351	-33.001115306652984	-9689.142231213244	-90.17365380769677
4.419701986264023	1.531639884993612	-3.061476050313847	31.828977320687233	-12767.855398800239	-1304.7996154130772
-2.9855698651572657	1.0733878738910452	3.734014336708311	21.849328094423022	10205.125152749304	-633.3094467473206
-3.639805867541698	1.554822418055359	-2.9327172796623713	-16.601373254597988	14632.334903308376	-1000.8384597241236
0.11257260225266297	1.0313550990222753	-0.5031759544001924	-3.8050832205979357	8703.722123137633	1130.1650639698832
-1.6721353083696053	1.9780304466171774	3.223057389875457	3.902241264752044	11587.71423969203	369.9539581956701
-3.48040198576261	2.8553400794823407	-0.8629393516040267	-2.278339430546807	3419.2267523478645	24055.74951557835
-1.837367052517723	-4.0088727737540575	-4.72572714001095	-2.5619329673916393	8724.43261432395	306.00851393752026
-3.3033502455058494	2.0165844478249264	2.744297422052721	4.162503730702891	-2604.8072173276882	-299.19517581568823
4.467377456538472	-1.5039986155118723	2.2945590477422817	-10.76014999546399	7325.684257074074	112.32401120158202
-0.9596262851592243	0.6172408621692451	2.672892241559164	23.55360535973088	4489.924445521035	-698.8229515331897
-3.4451633971166284	4.071497107225387	3.73269849725674	1.635032375564965	13692.043505603022	-338.7838948378821
3.826444862784676	0.5749692743431947	-1.9098499250546763	120.89483807517972	-13777.077519741399	134.5848364659868
3.051032843650102	-0.7441211545536506	-1.0030894270002202	32.03219109652708	15748.025500580954	21345.976104904996
1.0523729585434918	-4.415872062206264	3.8348687393593632	-0.025528216789007414	-22333.841608448787	-1872.652308285872
-0.1358251111758193	3.5228379278529136	2.5161567348660183	0.41070726472078345	9195.559942569696	-549.9955626230156
-0.7762832984729933	-0.5607276250916051	4.513717788778653	55.26210946173582	8968.616291320244	67.49414824058587
4.162336595238573	-1.6733698071913814	-4.777133830547415	33.52886631418772	11381.247813786262	-2833.0926728806207
-3.084388437508135	-2.2372624031984367	-4.831030676033561	-10.909537550819078	-982.7186446969533	-57.23550771560461
3.191805452948495	-3.772378409179952	-2.4879124806459982	2.367153267067851	11415.531482639106	-477.50043658332817
3.6994061062997687	-0.06861555282406329	2.405002262108588	-3835.658049899601	-14551.629905848682	-3677.468975694103
2.9159624874766106	-3.5854784877085875	1.557887860239866	-0.35211138950495846	-1246.7910336273062	-688.4509176928204
-2.183374985334642	-0.18428799368200366	-4.841564510308697	-1348.268958870124	-21237.72831386943	-1347.7142830336077
-0.8893187583267252	-3.4591561446866406	-1.7610834044065662	-1.201060746307585	5316.660958871746	89.12101797632117
1.9676522337650013	4.438809903148629	1.5271579092682295	-0.0966953721530046	-13298.736002702262	-1104.2757560717284
2.609130769015584	-2.588624228479328	1.5152736918926824	-0.5022466189853724	16028.04504995877	153.02342377999614
-3.487590136001253	2.7881171628368753	-2.479871826927975	-4.46828934088781	7315.343627476041	635.1323875004404
-4.41715436561806	-0.9959219112496953	-1.074269619722763	-23.573688979931884	13232.624334345232	-250.70057191414978
-1.899412987906203	-3.431490911006405	-0.8704457029786994	-1.1611416324114578	-5644.280227726282	2274.2581355885404
-0.8429388586967743	-2.997870365010119	3.799288786082375	1.5882072694990614	17532.38057711806	-2130.987762549478
-3.3008796956676614	-3.1865906849618817	0.7306541028498161	-0.25730959659586117	8246.026286822738	-1327.4652370424042
-3.7895473020301895	-4.558326906826724	3.003097950426337	1.0045162417333353	-9051.439269793214	169.5145654637793
1.6978236522163792	-4.04223011897823	-0.953930983129526	0.30153806123490456	15551.74731419935	-569.6883319426032
1.1701060174944722	-3.6510392202821915	3.6287081740988327	-0.11397112144813362	27337.14118451871	-1063.7915786194249
-1.6227085176933755	2.5529394800804663	2.4303926312681075	1.485724072478159	2637.548596020873	107.45191179104826
0.09316012137633933	3.035467559055432	-4.656880331553016	-1.6859415778368925	5561.2947897980475	221.04822975817444
-4.2628706845648265	3.4424875172083222	3.287097024850839	2.136371864143839	4506.882604992177	1094.3702784522338
-4.217879135103251	2.824335996324134	-0.5636177050442805	-2.1581335128010752	16046.301379320244	483.0612218656381
0.3216749724807144	-3.5624620584474807	-3.6288651243330152	-0.7668897340194134	2630.7241377734344	-253.37358782945762
0.41023830528336	3.7732254612320553	-4.5362761960562015	-0.7174344661459859	-13125.724383995579	12966.70138012054
4.152853089422782	0.691435862989688	-4.504914134647652	186.26348743140625	-7241.653113401903	802.9411426858402
0.7790841373076338	0.9079108625875953	-3.7688553711353414	-4.158166006407283	9667.28671931212	-717.1364730476557
-2.312384817372737	4.7816746842106035	4.778121881159841	1.3336312741179306	-9094.549248542422	-423.9618157861248
2.3789495403052463	1.6523218193315126	-1.5233049222411865	5.016897766237186	13514.624109326447	-1007.946964741152
-3.5437448006606864	-3.4891880735469782	0.682240509299092	-0.2626916062702698	235.53732295039106	-70.31357203556648
-1.2960693023474592	-0.30771281078020873	1.5665772491771097	36.4877325356972	-9414.838029251137	14.232970780494924
-3.102789787176825	-1.4698565826384726	-3.610148728673815	-20.044801508757136	-6669.190524877354	-12225.199567920088
2.461448491585675	-2.8059613806304684	-1.1891331192090715	1.6170582116832006	771.9143622860889	302.91161681014586
-1.8330332250934966	-0.19345632036724503	-2.0946387011179377	-593.9104201521893	4630.040763578282	-1273.6033106859782
-1.5719835764646515	-1.039785702678404	4.406857651595912	21.011058990017396	-1457.5193588398358	939.363204909039
1.2473394947141871	1.774173913865667	0.019092516777881485	0.2641863102208912	-9443.386906169117	651.3629808941298
1.600659882349186	-0.8148436496889175	4.681362870680413	-11.895008889410938	-473.26368403208176	-5424.935685993909
-0.5326200989142436	-3.337449069969952	1.956615887503811	0.3749105371643634	-3771.420979829755	-109.9775863491676
4.181582812281055	3.500896745184436	1.213114009335512	-0.28524170566124124	10765.47853669523	-126.69243760836018
-0.8320402782197531	3.2383227089057076	-4.753858888382378	-2.7839726351072396	101.63179195979461	-694.5266608104721
-4.138703881772676	1.1123605134063421	-1.0972722370453614	-18.481147286481576	302.75334763073135	63.803478972090105
0.3218557959156545	-3.8486458732343767	-3.2396334760458565	-0.601677302792363	7520.043471563317	-613.4692476008861
1.2250497356241565	-4.7743481706639725	-2.7055871222832373	0.12507887111428131	10706.484866482982	-1056.1339676420173
2.732907698493592	0.6914566072924391	-4.189595333449743	77.64967494112665	1212.6558526208703	-108.17912866493714
-1.8646260478979118	4.491299728031477	3.958240664666258	1.0622446731107256	-8623.545808520317	679.9217440934996
-1.6797945549938467	-3.6608723617317795	-3.0349917495122503	-2.072340086730487	5524.771020721467	294.8316409140098
1.2199065563939442	4.72323505723161	4.87571523612592	-0.13053682227399727	27097.640541071545	-113.81786820884219
-3.1132322748675314	3.674584173828544	-2.5909950649274007	-2.5026098149087703	14554.455326647438	3638.765780217717
4.542299891710995	3.2159729187467008	-3.760345434295609	8.962117114726892	-18988.923280973275	398.26250928295934
-4.2900126732968635	-1.5195024324924677	-4.794904958649434	-27.873330958591794	-980.7268012011637	-15974.631037306077
-1.0775601762642828	-1.8372676993486934	2.4308342540604606	2.384927589206157	5786.470492759517	-922.5829787983081
-0.09980507274315453	0.06525332370098624	-0.058846809820845	-812.3661873481794	2537.1244221967045	-1512.6297901834064
-1.188211350018733	2.1654413307235467	-3.938937559410495	-6.18002954767582	8050.054540940429	-290.7488173897111
4.474734046370616	3.6190883844093253	0.6828658274453545	0.4568086298170039	-6958.192312067398	-1057.3293226070448
-4.924528553955247	1.9069955920666457	2.6116297785665505	5.277646960323864	13924.272739885366	1120.8277061465806
2.8024160570282755	-3.18731806981111	4.754631385877596	-2.7765535904949195	7232.4140270889175	-1855.7149853451413
-2.7164078983005666	-0.39630462140205935	-3.572457652220505	-255.25343628892603	17719.321253415048	-161.33955868784346
2.8953044427585386	1.7180251690554833	0.07960689238061924	2.495566094181113	-20556.006339382795	-1280.914211395178
-1.6872475978387937	-4.157826565178167	-1.4246139258027988	-0.9674455895108799	2794.8472213532677	215.51442887051624
-0.03655126588139446	4.679740310503783	0.15579651515916026	-0.11943487706426686	2575.1626848457327	473.26652196021854
-3.8087899092726585	-3.60517008590298	4.6036827324571625	2.8966529640583842	-6062.340072195134	-777.4708223669004
3.79913708624383	-0.9597021185197976	4.356114547143902	-49.34659160222334	-12534.946355131575	-6260.024645313082
1.5175944010793616	-2.741026801726556	0.6705108523523755	0.08027981077835027	-556.0653834903063	150.6118097516584
4.609917169107661	1.0173611764505583	3.337095628976309	-45.36795617110364	1836.7295390423508	1471.098121717837
1.6174633022173337	-4.270485780989906	-3.7209483192497173	0.572046889362969	1414.3820927660895	494.9392347234896
3.65724939540954	4.782106897579579	4.737851997057682	-2.0542792409807906	14187.632447512016	758.4468014210343
-4.608213764798444	0.13886151761908572	-2.713592725211189	-2218.0899598827327	-12007.45752691007	-1684.7749297212845
1.8571674687076865	3.473903863009056	3.9561651036580443	-0.7735787420894902	14316.959745006396	2493.5505973000854
0.9180088793346837	4.920065967752876	2.567116163706878	0.017533408154192427	14809.608572424202	1568.910300900188
2.831419468737165	2.9329981209755047	-1.89577741582342	2.5799870146311212	-312.4161339407982	-10.664347172420744
3.992788933589951	-0.09650741033153754	-4.793434124950506	9296.922311163291	14095.028414438126	9218.728142933844
-2.173290611291799	1.1064511863409212	3.868160879778163	18.321545350876836	-3299.6415065188357	-2566.08177570538
2.504585083921298	-4.129729070581148	-4.798920567765882	2.047605871918727	-1694.1552530347021	-706.641703758925
0.6040512199267738	-0.005187591400845015	-3.8872917301199017	-229591.79499561462	-231689.25905759796	-229395.31662915365
3.6866579025847415	1.0782328396322463	-3.975366409838168	54.63541700095904	-22028.92383596778	-3847.503500072973
-3.4081510726182005	-2.3870266945507845	-1.0319561708698135	-3.5172935397000917	6907.527272614221	203.53876812076007
-1.3370302926328224	3.062418583753878	-4.895448636142796	-3.887532620701615	-4582.129983138898	-24.577548691710128
4.140813546894615	3.53716955352205	3.6874488062218234	-3.45425611779396	-2849.452177089295	-532.8992203537645
-1.658904620876267	4.9007243751829535	-3.9085882141910053	-1.3983062821799184	5129.297554031764	-304.49472873962225
-2.944306237394858	4.343745720155548	2.742127181236249	0.8440422195616749	17230.734913511686	4803.419539820709
3.5513469071584662	-2.672155169325375	4.016924093619993	-5.014905920956115	2667.5610495056544	-678.1508024076726
-1.7587870749222811	0.6004110074512958	0.9881738124149644	-0.23090023936203258	14335.166501960803	-286.84602949949164
-0.35251354137187896	-4.326989434516398	-1.9435523301081883	-0.6161935683624067	16263.088157810758	-145.97743037936704
-0.585450622897639	-1.622642414823713	-3.0417323543195307	-6.897417712729869	-1274.9269263084805	-1191.0303896044059
-4.317026506819495	0.2786120597636019	-1.9572240476496718	-424.44523097395216	-6833.901295841274	-769.9272472074871
2.624843844249126	-1.3223682121559577	-1.3507877950400324	8.885263045546363	4764.502416697797	300.2698838214291
2.212728019295099	-1.3891730620428797	2.35107820819377	-3.27089878987672	-9554.677147681683	-151.64779356029914
-4.403950673207263	3.261106757036904	2.941658485288742	2.054914789746369	123.06015915691903	413.22190795765255
1.0427438968569671	-1.9232256224751687	-4.12841987740701	0.1984922151763211	12708.28890384786	-643.7137858510781
-4.418864066486037	-4.584368339912239	-1.0603497160376527	-1.105300577426697	5520.717659590415	1278.148964624891
-1.4988879357184182	-1.9137659901356976	-3.069506423845759	-7.2439637294314165	-11999.601770385618	1033.8351418439117
-0.014811230978247991	-2.982475914612186	-2.9117327117596337	-1.3368387741346945	24345.493560087416	-17007.229287655962
-0.4795480340471592	4.2040130422909066	2.978449760713967	0.47413791823947876	-11494.416361941452	301.81429191066684
-2.9220039122650885	-3.729679514445073	-4.45547803625138	-3.570994574796776	227.5306274678619	-201.480317526739
-1.1665239752159664	3.489850268408528	3.2505917622563043	1.0755977579622127	21997.85379924015	254.64909566479008
-4.137236170921436	3.708228086054449	-3.3394695422068352	-3.4402502881258314	5590.19055896853	-599.2582564518017
3.5642553687649077	-0.931753123368483	-3.63140046670696	63.766759226908555	-22073.34713882471	-2557.738834065985
0.8798205227102702	2.1353167701202924	1.9032530987142469	0.07831284811905145	10918.098533858167	-1306.9639060218633
-3.534710139002434	0.4565219572089383	-4.198908481195984	-250.73251605646735	-4289.775124290927	-457.66155940084093
-0.7204584286330267	1.2232588950460528	-3.5099967310130262	-14.51080623895475	-10113.584536321974	1745.2396737378363
3.8660477761445513	-0.35484081438073645	2.3676640974685013	-152.25676677866656	-2882.4009769184163	114.34707201808018
3.867932896579358	1.4331782096358046	2.4654045741555333	-10.010147837843645	-6475.12540480601	291.7088351672913
-2.7327016857996123	-2.0966594245008996	1.549583064897048	1.099515950465841	-30821.144627360725	-1883.9622511955572
-4.424181839391666	-0.9715001984852067	3.9792349068249493	35.610925995063624	6091.378950959604	718.9282342972684
2.486148380377852	4.901400743574035	2.5869584081488908	-0.3919637759178517	-15197.464764630644	283.36891272312494
1.5865785202294642	3.316910180809707	2.8350892014702946	-0.3488707198518487	11733.43071634036	-5553.944771054478
-2.2782060148724215	-3.778496794581586	4.3718934917698125	1.891726350195499	8651.522350586949	178.16104993808827
4.4298488141546635	-4.644257552511805	-1.249776358532022	1.9267971949961313	-378.90840643126035	15602.643819597204
-0.8920776580312539	2.4825676570442736	0.5072254935047766	-0.41667316225791956	5144.494077899529	3165.6952824047553
2.055188227249852	0.47509836281777407	3.574265046747179	-45.44161644175511	10377.673864634125	-1209.620546520639
3.824547246140101	-0.9564178465079589	-2.047651243934098	45.71631531364496	11219.319940757227	-443.53557901183314
-2.820038998447738	3.7594071855912112	4.429376622452967	2.1690829153372495	4086.8721106713374	493.6536312688989
1.083647193658578	-0.9271277594127554	3.126366191692698	-0.6962164406419953	-11628.180930709115	738.6340834017969
-4.907303816532279	1.5672154275987191	-1.5785634942974012	-12.48049736988784	-312.0275100366811	-1095.3087967767456
-2.953128125795855	0.2753542568160583	-1.266784703803788	-273.72481297344433	16708.769487468766	-85.45669720704839
-4.7860094481959905	4.090882523105233	3.3889861075433174	1.6758263769316892	-12961.700677444205	490.3910356952354
2.591145334057172	0.9447566408891728	-1.1939002792981435	15.836419788931275	14238.948109650111	-395.08005167665203
1.7922828445733021	4.536356918990066	0.8561204908769717	0.020247137757936087	1329.209183207233	-2264.203898013532
1.7642611654071771	-0.4635851931176118	-1.7241877494951865	35.28892299517798	3997.757450955602	-706.5570755484621
0.4560121605879459	2.755903161055996	0.7828035197524148	-0.048899615690707894	26552.661411820358	75.86592511510807
2.566403017394884	2.515528657816594	3.829455514901973	-2.8266372999874063	26527.20489452969	495.68327606152883
-1.635015364758651	2.9548609000878088	3.3007661185607677	1.7903413245904038	-12657.339811038655	-367.04844882960407
1.4974816031394926	2.7963803914844787	1.8664818141238406	-0.1944991265749484	-202.09754215402202	-236.51109466153036
-1.5958454403000655	1.6223357708723736	1.9183789700310507	2.343355126837897	3361.852988053237	-398.88148803941203
-4.889395493869603	-0.7855769852009544	-3.7545452549724265	-91.42108913667388	24753.27980951409	-2405.684767186517
0.3381947817488271	-1.8460282455963983	0.8006431833771224	-0.1202119302288299	5222.719956813677	-414.14548135753915
-1.0610408438944474	0.8235635343099634	-2.641185266969872	-30.009614491514686	541.9636863121776	-460.14964357621227
0.7846320819862873	4.135193832175258	-3.098595691454137	-0.16804783509465915	44.43576903217925	-1838.5393209879587
-0.20929545622980505	-3.3626766183865753	-3.6707135384334357	-1.4678136674688256	11301.557538752393	479.7870580801953
-2.9498439911128935	0.1719120368733833	-4.241459084931157	-1622.8421858945037	6725.975847857017	-2578.729178205936
-2.9482436494924045	-3.91942136944221	-4.910774586017047	-3.5197743515407525	13547.103377254407	-2126.5348848198564
-1.3140603487907878	1.0726642889628302	-1.4326188663608672	-12.972505708668287	-9772.249351511024	220.1603784969326
2.660875659815436	0.8277085312196686	-1.5742600284868793	25.510071737998413	8096.326385157031	1166.7046117137634
2.5241247496914383	0.525425995425385	2.224950581334224	-27.13783398020142	21584.151619524924	94.14378245243881
-4.469619220710514	-1.0935813003674122	-3.763821169546009	-45.17254346531825	9422.270764485389	629.6737430602853
-1.9765057136981334	-3.058630185455474	3.9835131660225134	2.377781082314289	-10075.38298711692	-126.60522993362916
1.9278632744637134	4.571208777681582	-0.9293900457326476	0.3184011666161152	9963.887793094562	788.7630338268449
-2.864037847303563	-0.5319336074163061	-2.644269531481891	-116.05956744962984	10080.54486159586	351.7979193279057
-1.3978722356345976	-3.782880504831022	3.214072638057173	0.9764952354323302	13799.910941161315	268.327043231236
-2.6411678120832702	1.2610546194317234	-3.741204566446754	-25.762953655989712	7784.487317793134	4597.411145684348
4.966484671391472	1.8274958149165688	1.0992385796993425	-0.7024629082584096	-1219.1532265517017	-386.01822721316086
-4.993507976950936	-0.2558063750085928	3.948080367428018	540.276004061859	-2523.035205685989	1495.620145289532
-3.475394883547888	0.5372043595438383	1.6009790858466975	20.748725114008693	7853.8349367560995	1120.4085925300021
3.4587978459452824	-3.0716739243255944	2.0428586904645005	-1.246412369321399	-1081.3883012718243	1075.54421032055
-4.137784582546424	-3.152951632431058	2.9533196266102077	2.142172711107338	25357.746709619038	-52.96680033729398
4.755032929768618	-2.119132844322386	1.4519811892197465	-2.1617040387512456	-878.4421099018971	658.2773137401201
4.199548826007005	3.9416856960980002	-1.3048414683478504	2.454851906920386	669.0890421360924	5744.2138071613435
2.5289905188000557	0.476044877638099	0.9241970588842694	2.0537000945689665	-9646.079657610384	-793.4278563507886
4.816005615437701	-3.868329988786904	-3.4134679794204836	6.513264099644654	6792.633578792222	516.6303875531777
-3.856899013151814	2.7805024979148127	3.528086567403129	3.4384256529078865	-13869.778320657999	-324.59305177263593
-3.9250144364527575	0.4434705172215967	-0.9215425785917164	-103.67012351214856	18382.06474932083	-1527.2517197871143
4.792060461434975	-3.6405960443198504	-4.044006442507718	8.313065858735946	-4609.221910015996	-1917.2274361384927
2.5921733812642556	0.19646251268141235	-3.753463066192327	794.0933150132731	-6074.404240781955	1173.386751670026
2.2173523787135307	-0.21462181659511792	-1.9156261444883613	297.0258854494445	786.8490890739836	165.11793664714716
-3.052747623050891	1.5036033932216943	2.535403987643302	6.325938179792109	-20831.95238160841	1075.989311823289
-2.9947217692104844	-0.5983070406727462	-0.2571705122996164	-32.38819643191795	8778.458210330928	373.87776426345414
4.723427583716241	-1.9227171490510808	3.9753119090143745	-17.03781759699555	-13781.288611892971	-288.10397809281807
-4.171588736592757	-3.5192225969604785	0.7726972868448261	-0.20092678702464162	-1549.5781359000448	251.43749431112394
3.4013414768524335	2.6718494300832827	4.3350238996331765	-5.100285796833354	-5830.592262172959	-165.6126728378484
1.6231246947518576	-3.777804368807228	-2.085856129308553	0.4825151036145175	-7207.242333783888	-3886.6917666304694
1.4077687223375088	0.7015461785865824	-4.078239716137779	14.690273375329804	11394.61346632416	-580.6910530361354
0.8573113359109286	4.286750842580705	-4.837287469916074	-0.14872753961010998	2073.206202666897	5376.398333457359
0.4424835978615853	4.882707065537499	2.2280959876780324	0.09014566031681923	-8111.38541569112	-888.3286390953301
2.609480126868058	-2.1543752339870115	1.3903909674461303	-0.5495268905699481	12738.92917325908	259.60320876242054
-0.05976941652035439	-0.3984416804009765	-3.5000213938384404	-89.5838376581851	-16738.536312091375	-228.07883977906576
2.1238549562343065	-2.6408065204813216	2.234466307032471	-0.7577464113699526	-9847.863980300439	225.2261758529582
2.373842146792903	1.6370112195933562	-1.4542250659340583	4.949523326002323	6577.785388496218	-275.681706731034
-3.6096812548418358	1.7569456604210432	0.615414106492369	-1.2659626366264698	19896.82488790165	-188.03391953905086
-2.881881396307384	4.998396197534241	-4.946477580097069	-2.15170461569738	-2700.008642993092	64.48350535008854
3.7812708359492326	-2.52087330885118	-1.5577224329417327	5.400254982049022	-6847.7038455343645	-76.67856321952827
-3.835356277671437	3.191870725135658	-0.4937933647527881	-1.5373024721927997	13150.545569608757	253.56166390727233
2.111641441629092	2.417400085447788	-1.1163567130788676	1.5310562422534808	-827.4703463362558	1403.1379489547035
-0.6583935337027675	2.0206767710604314	2.0004643335984698	1.1437339475352981	-7827.984875832066	1430.8806121787802
4.019133409007564	0.45478538192296725	-4.598637709208612	409.92916217374636	-12352.338350682987	27331.122344656174
-0.5699818339359553	0.9617576446002918	-2.756027983953271	-18.094190832091176	-10434.586139953592	3104.8296518278803
-1.771291131241993	4.696989648964612	-1.9667128332943227	-0.9497637939375403	1028.5754139270703	-317.6480896107025
-1.8977388776719195	-4.253613323533272	-1.5640127915415358	-1.0354288019751452	2756.3980917572235	695.4735381309694
4.101577647665529	-3.90569065607607	-4.765017543945552	5.961739479929494	-9823.98066096588	93.92945777115688
3.7082817095319065	-0.3988519194861837	3.172888999256198	-176.38432635012296	16895.56719518718	-1696.9962300438183
2.501466818149801	4.805633056163778	-1.893214051873373	0.7525580906172955	5521.921156946635	872.797568056462
-1.7897380811715315	4.867273916831888	4.858715121791695	1.1562497979305035	-5327.511030821865	-1392.7328959690394
2.160433067547384	0.02754197991748697	3.7937285086690746	-16354.721885220944	-9623.24029893209	-15734.221605793144
-3.0266563597066365	0.6941908507705472	4.075914822377989	59.19014444748491	-473.89608064553926	-838.8651981343039
-0.2926213568208862	-1.8803334630472976	3.097354171986254	2.2349541078803896	-437.71691114824614	422.8111324783287
-4.543212534288761	0.074126466673472	1.06392849959623	133.03635792082707	4255.3680295934055	815.9604499180954
-3.2570354512237163	1.5636441185638015	-0.6801280974549195	-6.619857904489577	9965.243151179955	-17.79742320896049
-2.7406263825658828	0.6194552021725492	4.786586929908868	86.91664009194717	-8331.554799435826	-1504.774100112136
-4.193284392709634	2.802305076389878	-2.39447154727201	-4.744842504265404	-4504.253253317278	1248.7637458059023
-0.5587556904849666	-3.252405414168212	0.311274426481015	-0.2883523028122982	-11691.811766343759	1312.8786501648221
1.8814982818023518	-2.6330695774096844	-3.321447261462873	2.0303522200420456	18538.081301008813	-143.71144744011815
1.9018206567950626	-4.0121053090019885	3.484647374468553	-0.5156727201294227	-1313.1132899121692	-4153.148938500804
-1.0933252136434946	2.306141790393811	4.1222150742506685	3.3234336945265306	6934.23811322104	-610.567407470809
-3.986282478593377	2.2130418872168462	-3.3734747315513003	-9.550875656330447	5379.243832097249	667.0980109470358
4.407280198293305	-3.983455457891032	-2.9861027600524634	4.591288702793926	2662.33837698511	305.2233134732012
4.213323196802891	3.0697340490548104	-2.525802314901211	6.2330827540780644	-1524.3450309269547	-1987.7102023415512
-3.830468124078216	-1.2772917960849082	-2.2651984982386084	-20.970217639278665	11166.887082412928	521.6581701712993
2.191223324800493	-4.320764475088791	4.536400256939515	-0.8669053178934537	4585.759596103896	-3671.389211708733
-4.626501375898715	3.4862837490140173	-0.3880163982938978	-1.3179179156816796	-16355.369998209555	381.02016125024574
1.4150078950362222	2.831067292001598	-1.1540652353289103	0.38975902519552513	-123.91545348842041	6.067984933265676
1.7963558483846356	2.5085792639095903	4.320485093849786	-1.5366235813327949	6974.127477165361	570.241764184215
4.5020490608579	4.029516606626917	-4.337588244750968	6.281766494303883	3956.1943074550427	242.2747022180246
0.7824771118951528	4.2390997692861845	-3.1360911175661563	-0.16295016797696968	12541.241449763933	668.8165408046756
4.333126055357543	0.5935373378077582	0.6457217724062145	17.745074030013278	5934.411911067843	972.0222914255402
4.391647100803006	2.369454150488516	-0.2539574199523775	4.052124216196783	-4539.39333728858	1047.985090076589
-0.5043313326914873	-1.1295815980939707	-3.5858430639556893	-15.441173925287066	2392.7710049575717	-2407.8029792448874
2.3296249099091	-3.0235109049051268	4.521031871067585	-2.0029987262051123	-762.7056681861948	703.6216266316856
0.74792755108259	-1.08946133780662	-4.920051848206408	-4.076706774741061	1059.9745381607604	-4335.14789079261
2.3755832619013297	2.023098645209286	1.2358439617021304	-0.3118833240682955	-9675.40554442319	2239.9701956925956
2.626423172566529	-0.3334701366645252	-4.475579535818564	325.83129542992583	-7166.7105584963065	-1330.4519931196235
-3.4181962829643844	-1.88379495234837	-2.0791993526910044	-8.57122052931565	15750.002854942824	-76.69038280296013
0.346130539850499	4.020967078459698	-4.116157951355342	-0.6429745683792719	12580.841327607615	1221.3580112059135
3.6593916249301053	-1.8110092828778592	-2.100004840680713	11.893060840285392	8926.132014501518	280.8540529456095
-1.1226381095107927	4.401727206779194	-0.6420815229799803	-0.48521908124035706	8246.595854686751	-299.3079310151379
0.9003588734133681	-0.2075829887154157	0.5353942809493937	-3.5419028879005214	14124.262047317387	-561.4146401162592
-0.01970940300222157	0.1966173059421683	-2.737905278062974	-295.20748326692984	13430.575820030941	-755.6529455426546
0.5356878662204299	-3.533041739865336	-4.567931886909652	-0.6565058649435762	4707.893679109257	-48.74265790235531
-4.663659240452262	3.005728282108178	-3.197545869534731	-5.3835905949436444	-18382.671908577282	-2685.827467941532
-3.500869293407013	2.580648163182886	4.056746475502257	4.590476268072396	5548.618070503011	-65.90133624952615
3.3778359717305673	2.4419091211357413	1.7818650664454179	-1.4124595809494747	1424.0617979228896	574.2075235164224
2.659453970665301	-1.230941088758141	0.19095736405342567	3.6212205055386573	6753.468369882184	-872.3064711546078
2.4696772032406864	-0.22875079895966355	4.115719853912072	-348.6284152472486	9591.952360751236	324.400797305395
3.295344053162669	-3.7544729214359096	-0.7196642335050409	1.2529630270000842	-1651.8941551157443	-11.260422051678141
-0.4305226958212831	-3.665303713446384	-0.7435682677499109	-0.533984876924534	-1068.377673899935	-253.2504181577925
0.10665519047254524	-2.34160335314105	0.27398109969282736	-0.3586893578741419	-4553.079130059813	49.45313137922951
-2.94063206657045	-0.8391285016302685	3.352926080600195	30.52692017799788	-99.15178872750226	255.8835331022255
-2.3336449398614354	4.5925916917157235	4.286464304516111	1.2634626353360336	13845.613494210127	-4164.817701377398
-0.8788354120491952	4.314497751038433	-1.9965344077632396	-0.8340390031078404	1190.4096765035997	62.361497064035646
4.7963234159162536	-0.6744701646620719	-4.231581485548098	251.69910380773	19456.986352909236	292.7438975654093
-4.321928520316222	4.764058006836388	-4.0601049867028145	-2.4853882230470457	9886.317657088288	-1771.8006331693934
2.8678048517403623	2.976085643408492	0.8415698229212145	0.14053244239947382	-11052.228328372103	2192.1187639060727
-3.2442910462181676	0.429560840446638	-1.1049008269151086	-109.66801129215595	-4488.413526621439	-55.746021214488536
2.0482619404185707	-2.002425608296774	-2.8637394960923523	3.810869380743174	-8390.558094760992	-832.0264670829307
3.171769664929638	3.713584090966094	-4.416794383267958	3.7478541352615067	-14833.205615847206	572.6135104210408
2.6988164964822463	-0.827110273218226	1.5534460577555151	-5.647066845277612	15047.833875186281	651.1983426872764
3.139643277713539	0.44675066466021285	1.3376689987396073	-15.829846558870532	-11778.301539581726	-635.6733985711098
4.722356790318658	0.327060175995765	-0.35797934283967336	268.6192038299118	-2118.323278088623	-3604.4682414944787
-4.096781468885597	-1.393027602035093	2.02343738274741	5.720567746329015	8998.018190975848	-496.8431095436048
2.0174440814097006	0.17843898027553529	-0.8869265659933365	226.60285042080812	7262.519244031709	175.4860968874134
-2.5121498780856246	1.3083341688291288	-1.2727867791175127	-11.181078189999914	826.3548799267908	-460.97838357587807
0.24680481352701822	-1.252947757142977	2.8760389317209265	2.768584578608436	-4228.464749362017	181.50225050014353
4.480004680198364	-4.097640972852346	-0.8604965457758693	2.0956725933775964	-4796.128302714292	2090.093573440407
2.914662350498877	-0.9863271257271355	4.942091410308544	-32.85017120270975	4916.135522721954	1067.9855432315615
-3.797065031511747	3.1873082899481595	-0.9774885122390042	-2.0303736757619824	-3457.612017684791	-625.1680237294706
-4.108597710010678	-2.093998714861015	-2.244216576337954	-8.03703993377905	8042.644417804913	-104.492616410853
-4.6507726462290595	3.869534376092794	-2.398476413799744	-2.6262459868681147	-2844.505562483054	-722.0384512653243
2.747762308929399	-3.1472274385739505	-2.261227241608934	2.380435388888401	6365.374558134102	200.4022077100292
1.0182788783557148	-1.1520034196872206	3.8606515154992316	-0.1316038667583617	-11031.9979019143	-3669.1557466595405
-0.1216434543285958	-1.8897591895153312	-1.094763302375533	-1.9500559468501757	-25687.511571796796	-6467.029663061342
4.986526103663374	4.475741916567705	3.6466409214452966	-3.1516795955142336	-1865.160425494743	15.859274576854093
-0.185898029113285	-3.310356760773926	2.7766818364094643	0.5662775428324809	7336.868429252697	1321.4973429348418
3.053156720670364	-1.338780651990219	-2.8891852909476867	19.23958209039291	1930.5744877678935	-413.27380299425073
-4.653076869552129	4.204001352917823	-1.9824710455910766	-1.9531151989970987	-7278.22033878772	26.21298415301765
4.4403817191210635	2.0721364436476053	1.61663351404807	-2.6660809936732925	2308.479396003057	-17.661950028870674
4.213729684004637	-4.643201225956651	0.3590401208577587	0.4953677339644129	29613.159174555927	1180.578500825281
-3.184739662324719	-4.546580099317767	0.9201754890409308	-0.036769245153475745	3875.9709626458703	-25.361365195485085
0.7994881533703646	-2.493735350467541	3.698562511236064	0.28371419272575804	7051.943533297721	19578.1951605703
-4.286682068862322	-2.5793613296230555	-1.3518673390528493	-3.9242938525156683	-5888.584945730203	-409.7281942796073
-4.595514336713799	0.9935140147192199	-3.4318670288156152	-51.63932892582587	10276.105036384248	977.2525196836551
0.5004195413392134	1.3867066935861239	4.151510782205822	2.585662549561728	16531.321569998934	-8836.400618427873
4.4555524206640165	2.3007375267199723	-4.6305566340196975	19.888298851201206	-8763.749800077918	2434.9060728197046
4.869834785335069	-1.5377555866210346	-4.6542927654182185	54.11105378905649	-25969.390921243365	161.3544140433482
4.095756768322245	3.0308083093141054	1.3729372305813348	-0.6386201954444074	1227.6685105237086	247.7179567263826
-4.058735298691927	-0.7281495393867949	4.645319960351875	74.21837672110402	-2363.685438074707	799.6774299435361
0.9263945846067321	-3.0603283621243413	3.073121641772559	0.053869117953462727	-5619.771427658453	-876.76400727615
-0.14339002881856366	-0.723316314682033	-3.604972937417583	-29.764808356821668	-5549.993290358894	887.283581371967
4.457146518695579	1.4190317473863203	-1.730536792479176	25.372861629851673	-18408.63808641403	-406.17880989676814
3.2460321173839084	3.1088522771429297	2.959958534187461	-2.0231353414881603	7441.4993820423715	126.94303008109246
-3.2029759105147573	2.8742153150686427	1.4857150011047624	0.5614993308272276	-10028.40285382428	283.9282663034739
3.8037030256901385	-4.080356345599468	-0.1122228154856133	0.9068107403713942	11306.277224877707	-553.8422676956034
3.1358916968737898	1.1695233166067833	-4.072857434191493	34.62192751115637	2204.6065215021968	-63.43225554861942
1.5456627707628536	-2.7702210732296626	1.1514926145225282	-0.03822333838092757	-7697.835800955849	-10219.151339777476
-2.936638524450453	2.8634314146958975	-4.924431757442025	-6.596270856548393	20534.80760844572	89.06765869029084
-2.9537930735851736	2.24760347480244	3.631937818521406	4.770616111475944	8266.181066743145	259.5815777560108
4.281941567221843	-2.684980012637961	-4.199084705937373	12.41790374319566	-6686.178530909604	-780.6326051082721
-1.6682003213407692	0.18613742647446063	-4.249315946247024	-1039.372239341275	-8071.4730037036115	-1132.9541995936886
-3.0785907642549026	2.2410723544022684	2.183184672237358	2.2039980905334797	-6319.194608997519	217.80170289776635
3.263989352776484	0.4516554872390195	0.9105093451909676	4.4233975583296665	3045.163126558966	1579.8881049830936
4.672190263021124	4.114190453136594	0.34250164675095984	0.8031998292922449	-3591.6065449283815	-909.3324785969903
-4.379758811889012	-1.5218618898109728	-0.6222821716060967	-7.861553434823708	-8656.73296552309	-45.92867161075823
3.1415092576397434	4.433654313268592	-1.1872632331372857	1.0422935482438391	-2528.352569431232	-242.7816392989972
-3.0171313351632123	-0.17948437641022164	-2.9712952042518124	-1141.3027641538454	2328.7994892179768	-1259.3152757473408
0.10543231073714221	0.7338802364963373	4.305669078689014	16.647408236713645	-13643.087545128492	887.7208760496748
1.6138629481550844	-3.634220101626051	0.40598853601373275	0.09876500590752739	4074.9841661940823	-315.8265008627088
-3.815396447129177	3.925324846076151	-1.8690543201646612	-1.947051841866953	-3615.463452972485	554.3089299379466
1.2137802557904305	3.2392534903459307	1.5540932578209121	-0.03854604119446626	15927.575941274174	-556.932679269045
3.5071902078158264	3.73834886751499	-3.3108635774755	3.5733905198836062	-6682.419839407057	3544.5089785866626
1.665970905471731	1.3317603863552634	4.74446470470758	-5.061264745979932	-14490.726334825515	73.63087543085412
-1.6712458249913387	-3.4455249254083986	-0.9383039137039315	-1.1210603053802253	5961.4762663984	414.664029921479
-4.772819592414982	4.104100446741596	-0.5938760510129875	-1.1093393750930676	-5085.167583224274	-14.143277544716714
-3.361361235200909	4.497988530119258	3.0970817909501402	1.0150122651351234	-29287.12311353939	-1093.069418177184
2.1595063781849237	0.28379920439951434	-1.8461456422690703	156.77823232820225	7403.515787539927	394.12565116385053
4.372995124784694	-1.5960048428092142	-3.055167533190455	28.62859721064199	-1447.7474505432383	-291.05601343529725
3.3681489904537525	-3.304976624139595	-3.1090798277254206	4.02998389317407	-8941.159118156636	-498.7083386235714
0.9464304190684034	-2.899284654608011	-2.2789480276273477	-0.06924245846596018	3180.8027196116286	2636.964817200952
-4.580531766084537	-0.710962425478737	1.5449942974200228	12.380042523035938	-20066.527098254304	-517.0187333983054
-0.028077766827328432	0.6115321054824943	0.9951568472054708	-0.03983081331124017	-15320.777062321764	137.33192200524493
-3.586651234395033	0.5965805356049518	-3.595819181143942	-130.77638233716112	6284.301768009764	-93.37142592683131
-1.0796931601122992	-0.4925739751112932	0.7583955724398894	-5.6073123524094886	-10394.965358141493	1635.3492464094124
2.965381896175322	-0.47424647606535775	-4.5714059297619265	207.62720500868573	-398.6408952148718	-3548.2289642776464
-1.671741234541566	-1.8219460993018655	-2.7472664703738903	-7.752174237034092	-11250.105336250783	51.844950279854906
-2.745796098102713	4.493898953793684	-4.160518044283079	-2.252916605417625	13730.053428005058	-567.1743582291812
-4.657048985455498	-2.4613812501370647	0.881176970526437	-0.2270949619727743	12264.88952532793	652.8114945281055
-1.71241273658709	4.217717220350917	3.0936661143475774	0.8176796097720476	11524.705724938327	483.47347538646477
-1.1680463726836718	-3.7075157421043414	1.8581742606944642	0.36359850628439205	19049.399188824547	-995.4282930130157
2.6613637672735067	-3.4055504796935807	-4.258773481364823	3.0795017032593104	10626.237933380286	-1055.6008189992208
-1.9783734549213108	-2.18752231882981	3.3558463388982958	3.6723539481018026	-13951.073429277507	255.90002782683365
-1.1044216723623537	-4.415919769887275	-4.812326376900553	-1.694594215907748	11288.395843708731	-469.63883480202264
1.2832064224325137	-2.1828798707087573	-2.183332328946934	0.6511632749297258	-1034.4259160394347	240.63462590030622
2.5437212961229028	-1.9623847652795923	-1.0690658465604033	3.3371367374911247	2603.7210433632786	-3.12180399386984
-0.01628714588440694	1.975424420226041	2.587778126595243	1.2385110887185553	-2360.309060575319	32.89812862096236
0.6385771182931856	-2.707224627281982	1.154639103178237	0.024438006343579403	1338.5513310857202	2409.5387071751093
-3.4268643172359035	0.3930016300336927	-1.0679179973866204	-132.43033424422453	5362.510709020952	-1319.4534046223232
-2.5390403943046467	1.9528833688648328	3.712534256217614	6.022337504980794	-17288.71375631296	-160.78238740916044
-0.301662955590265	0.4743422553587635	3.2261153966578426	37.503906586477534	5200.074252575983	81.94497338513698
-4.762022719019884	-3.4520158386313926	-4.541850337472906	-5.445773639617954	1646.7450434625102	818.672824607153
-0.8803639831364096	1.1263519899529593	-2.702439816398028	-15.13071674130375	-820.7694374918332	-30451.11013560009
4.181797544539313	4.3138145429084656	2.82675441255381	-1.6105054261957366	-7676.837223320226	625.1250579677512
2.6538728277704084	-0.2846144953602945	-3.486818301920759	374.1014378739256	16059.817035304537	-41.20847296379378
4.5982469376579935	0.772300022268686	-1.3255937615589373	77.91826102109214	-718.9686968279665	615.9129617219321
-2.032698218552753	1.0066658839991653	-4.37840497670782	-40.13009844615013	-19272.110173317575	70.32025549228504
-2.1991813564395146	3.408775328887309	-3.923327164059213	-3.3334302152389643	-3801.065937844611	870.9898830320027
-3.423842982365075	1.737484039807673	-1.7009417302449306	-8.845403768683912	-173.44607007545582	16.069336758701446
2.777334378920515	-3.138197241539781	-4.6138387671334655	4.2081610232497635	-14702.815544722042	-100.98144978852825
2.2591150204402144	0.08396722683821523	2.748656931072074	-1210.2665733130455	-2568.925663104639	-1338.3166240781638
-2.665040088308377	2.61074333721138	4.985939884422798	5.0768671963404834	-8860.02683539814	-36.16092631804301
3.7148544328900925	0.4993594315743701	2.065743851520204	-55.383294222526516	-13265.391612374991	691.8934487250712
-1.5004292213838397	-3.8026734408303	2.341599182068049	0.6051548145220061	-20714.65049305735	-293.5093297811061
2.773933934436956	-2.0027785765614015	0.00101955107265006	1.8342050417507174	14566.85300547684	-535.8369141348361
-0.18355150144580357	-3.82267090144489	2.9781351123602455	0.47198835291009633	2120.0932164518335	4298.4678702197825
-3.04452193074249	3.5370721734771298	4.416649701630147	2.540229136558061	-3020.2084711518028	-253.1835657051989
-2.2164806059053124	-4.012205490596776	1.5629077530524969	0.27620210015684965	50.486397073790265	-914.2761408776561
4.397635702806268	2.6978320633475352	-2.5764868592354793	8.940329610588861	4470.836520301569	13083.324776138605
-4.3178277937096174	0.04847732528848869	4.380177275187817	16026.569365350093	25012.277806530452	16676.136195898096
2.0321482740597885	2.09482373889308	1.786005278561154	-0.6960694781097438	-5730.483112145023	206.97949501682308
-2.36582623283611	-2.8984397627820213	3.9975017626103018	2.913538057635629	-3207.884386105132	-313.6590444839011
4.757105058739869	3.1516104672331604	2.6555053326945792	-3.583182714241695	-9284.519104842713	-939.6986315958801
-4.269824221367441	-0.9668494866998962	0.05465806417935681	-11.20391853607033	13656.586285752022	293.4581410529497
-4.178742076097327	-3.135064646735477	-4.390917955549344	-6.010042666951016	-4527.44226245541	288.98381838260957
-2.1866430696641137	0.3092810887604429	-0.09944454100994271	-90.16483268341008	11045.866480675068	395.0397890126616
1.795080063465761	-0.5704456507066604	0.9844955443264114	0.13851147309449832	21550.63706537398	-855.8845401753767
-2.927824881810903	-1.6123872080056998	-3.3445771727269555	-15.231993268569347	80.46311381921112	1074.2804342288491
0.5887819243138264	0.1936343083328982	-1.132032552410871	-74.5378443028842	-4286.320259534511	-200.6880084538401
-1.5458646546405994	-3.1830759039934984	2.4207077771678343	0.927557565451257	2611.7184905299	-226.14589961088055
-2.1997992209044437	-4.087766860829514	3.1532808532847287	1.013957475314826	-7574.22937388813	-1947.2785594492043
2.3566903879742345	1.5867725583957535	0.3776746210672224	1.3161600383389815	3532.3765937948747	596.5565875823229
-3.8559478795041127	-0.9825212622950481	-0.2110463096977515	-13.189728800828293	-16749.053980347944	-256.22473350278295
-3.2754984202508854	-4.889916103218046	0.8315072385004898	-0.06808251680482333	-4245.014721543109	3842.0399504921115
-0.6695680966508855	0.3345191314876885	-2.3022659907600582	-138.53154672836567	-1030.6148177129398	-57.2778825150032
