-5.860657613380575	2.4953453864127173
-0.9848908043354412	0.5535266308707116
0.17236825591526245	-0.007454247720275163
1.6108761008787864	-0.02776490210779432
-4.309951977620988	-0.14369344644389737
8.046079370211222	0.11894871652654797
-1.4090832879168056	0.20037127445791234
1.970450794198391	-0.04342271391987302
-0.4047564315419792	-0.08536134719448651
-1.5292521622726296	0.06455143692048515
1.6850340006406117	0.04528700396401513
0.6121501236425392	0.24747423853517686
6.92859247418634	-0.14205671718504137
1.3511126397741315	-1.8592414437434202
4.962306566455137	0.10265774786484975
-1.8273970590593562	0.029765799416240246
2.578869309269018	-0.131909975950814
-1.6021572124684145	0.08912098944194528
0.5192135653405715	-0.10576502342485126
-0.9167122497816119	-0.013239037083867413
-6.065964104256074	-0.18843824190560599
-2.610662709761452	-2.905669238409625E-4
0.9074004881219312	-0.05610031465134188
-2.349838317428382	-0.01893443273510997
0.1200984822376261	0.07652239617355654
-0.1442194811902099	-0.024535215566738062
-1.6484522111107656	-0.021490140091052833
-2.0031954521076054	0.024138217872807836
-0.7530022757717116	-0.07150487478413921
-0.7401766657219815	0.08120124081512257
-2.2017637718532055	-0.006893540466489017
-3.998356673737862	-0.02484850866633831
-6.956976509006697	-0.09853858219360839
0.7408619826816718	6.498210759352156E-4
-2.031016293700775	0.10374273170600154
2.6079146011794254	0.032950190843591784
-1.4096121342049561	-0.05688042174089676
-3.6687552665610013	-0.0966050910791624
1.848456959355957	-0.06482340586302589
0.6229262529158124	-0.12571571935451786
1.0819073320605384	-0.15392572391270284
-0.05724141611806965	0.03262692448876768
-1.8031005753886695	-0.009314152619809436
-2.8298762644666344	-0.0521500006083108
3.436618397288293	0.2909727525918226
-0.6893478460070398	-0.10865493331440901
4.000110832692713	-0.11532572871378755
3.676678415766094	-0.1922176609374159
-2.9737732009808386	-0.07521420772336232
-1.9484943947006477	-0.4339026608781905
-1.9668353738442437	0.04748304438079539
-2.646266317509691	0.09583697573385098
-3.9406310611565365	0.09769450162090666
-2.879842032396131	-0.09824946214863764
0.341907844428208	0.00790592487446932
-1.9813738473050688	0.10976643427167507
5.055487705530212	0.21682932306063815
3.294530062942418	0.01878606957930311
-2.7464751375242464	0.12191580363462853
-1.3137381497535368	-0.014918058496235885
-2.08986031844073	0.3150925710784567
0.5836910883638488	-0.04133837876958784
3.7178655640421523	0.34170771323537513
-2.0425870867312175	-0.03388142425373367
0.012278947175920913	0.04126263801885975
-2.417254846752886	-0.3796144432478697
4.404279760915327	0.08557115863718308
-3.0797297454252712	0.13545135802617345
2.990954179321366	-0.07097790552814458
1.5923466357859117	-0.04158938004058324
-0.21313432064000157	-0.048284239370071695
6.487173267372918	-0.13460719736546375
0.7600294421337647	0.29370886405801155
2.458133358305483	0.0487847196235072
-4.799751859309158	-0.1270867750076911
-0.8241546723606495	-0.03081335086340219
-1.9675912963976818	0.011769509645399872
3.8418136679880144	0.019432432885770096
0.6681905206157442	-0.1141480646143229
0.6844301577275841	-0.02009415543951494
2.7291852878321663	0.27961700729223987
1.2730752300698878	0.12493786722253049
-0.8843683937536398	-0.06753958937469189
3.647347130557536	0.03371216433482844
1.5615639293340893	3.3077772256896614
-0.17647501265331053	-0.06564765519294313
0.8499967180880612	51.36925330068363
0.6374688197103221	-0.06334420209767533
1.3803311611617501	0.021687095180592898
-1.9138901406877555	-0.21613962138640258
0.9045927901236497	-0.0252001156008044
-2.318548138937959	0.16277535383294503
0.5442762624203085	0.021691711629916552
-0.08535631892443502	-0.02217203409580465
6.555558830418015	0.07610096672026133
-2.261167352032034	-0.02267852147110276
2.2282802127900525	0.022570856987366304
-0.2287959366320286	-3.6542583255186436
-5.49829414512539	-0.08684264148801421
2.189218674647549	0.02899600912193175
2.445491817825296	0.1090790003841315
1.4896714058589255	-0.14309650921356007
-0.19491025457806524	-0.10798755863039161
-2.8057289503008005	0.022492303144987038
-3.510109221242982	0.029566229990793284
2.6968623802447733	-0.023526979722279014
-3.9273335397904776	-0.08953104878891843
5.458096520665704	0.1181169720609976
-0.25180712000526384	-0.17932031964266576
4.951098807721505	-0.003879158231904933
-1.4766266183826697	-0.2770634813936465
3.7738259325551673	-0.023250659746143525
1.4336390784191284	-0.017632862767303432
0.5627328227819889	-1.6839750188453133
2.189759046521824	0.24587196961479799
-3.8883619753295564	0.09104733725872073
-0.08931745232958653	-0.06199214431095043
3.4259940580665083	-0.048671508896888656
2.781638625267994	0.14336372335034708
2.415256066906059	-0.03196251068275323
0.44823243420709125	-0.10179371718671577
-0.8316915152783424	0.012621380223783679
-1.6108718711606318	0.028078409017251674
1.3911043148575346	0.14244343289229716
3.2465305911678506	-0.005719833301895328
-8.07206927065088	0.111695656679393
4.230882241048213	-0.003124183263365099
0.9396559081640681	-0.04466011050912916
-2.234586817491214	-0.019768534048217372
-0.07031049144214516	0.2335634577182479
0.2138508593580966	-3.5292586733718534
2.957933384364043	0.8108619153434371
1.1856704176933708	-0.0037981973006012823
-3.529783940679161	-0.05269377334237813
2.3252948855328217	-0.3440028328370645
-6.234307256313142	-0.11241971601482083
-1.7951285113511561	-0.07140674857377549
1.8786699138839087	0.44376245075392173
2.845181946298044	-0.03345024565799289
-0.043151551353224966	-0.007645693608133764
-1.5449849808235576	0.0998321501241257
-1.5058085801018113	-0.009750051625359883
-2.803559449777592	0.045628134259939855
1.9433355003624397	-0.07446922860316686
1.0845978442515594	-0.1233278822575903
-2.444296746798637	-0.06549260536439526
4.147990758469334	0.4026333887028326
3.944202760043225	-0.0314910842814151
3.092190974977018	-0.04335628755834108
5.298480669980988	0.08928283478442106
-0.825652003924977	0.051244735702113096
-0.04371452234290078	0.08860318310896692
2.5628839062817983	-0.022454761442244342
1.7002171329300162	0.07606121183608892
-3.0463320872888136	-0.1107243496302028
-0.9910108625907427	-0.18184059098190847
4.361819287746381	0.06664712363350758
0.9805546770216232	-0.10293767718726554
0.4597226953452977	-0.15979387332970105
-10.113106498839235	0.48318889066810156
-3.4563497716249314	-0.24162787626758334
0.6368499352914982	0.0380799341360284
-1.538677912007079	-2.6618908821291376E-4
0.9405900600018439	-0.02907981167817969
-0.12067690641764116	-0.14907909664223856
8.017713019115554	-0.027433956015682118
-2.091947521870752	-0.03367727912565441
2.1304345543952232	0.04754978125303133
1.4139414825658778	-0.26981086972038604
2.888748833382456	0.014212381183354774
0.10071414670739835	0.08540355036744922
-0.7028746894012846	-0.1124559022091266
2.8354727531476174	-0.2525066304803273
-3.1895899605586377	-0.05123601638500652
-3.572032467169243	0.07891847465944979
-0.9082471899873468	0.029369277613251532
1.5987845121676396	4.500767761211007
1.9244518976750098	0.13537048429042656
-2.6913802307452985	0.07144947560532053
3.3760395583016773	-0.004862022948717706
-4.136553399129562	-0.11255668786439503
-1.100692171506811	-0.06840362396463893
-1.3234619386744018	-0.008939754675611441
-0.5609979059571197	-0.019935383769383464
-2.513238598800847	0.027397869468235397
-1.991832352717654	-0.09386387367721971
-0.6500056707826732	0.05785744777102775
-1.4449835210447939	0.022458347248619392
5.221988780266758	-0.319325200305093
-1.5202036613572398	0.014121755971657464
-0.6291280379913482	-0.21094517980041325
2.7699597997782015	0.06303190805502203
0.3410821212529444	0.047858554029867925
-6.139057039997643	0.2826530466279636
-1.0790079195987368	0.05806713542822018
4.373864586516937	-0.011248906181237498
0.37503730598906965	0.09789364328316802
-1.3801374279853953	-0.00455066995102095
-2.5653680933759633	-0.14536459816711506
-0.6124675828182277	-0.11476318843171437
0.6388675790547338	0.022296334694677466
6.073633467386297	-0.024974665554924107
1.424775882099114	0.16869604700724763
-3.131557489669848	0.03359323710828618
-2.539314303103901	-0.024763748916954733
-1.039181352195372	0.017043967458556162
4.980222334283652	0.02616498360365589
-6.17783146893849	-2.931229857874856
4.102428325606165	0.019539149592989694
-0.19818052346491177	0.13741943537659337
-2.2490232094308373	0.08045005473033191
-0.38547142626333525	-0.049526028523006714
-2.170037705940142	-0.0745013791691431
0.5609463027051004	0.03691320895920742
-0.7095421894927232	-0.017578197242648304
2.231253619249938	-0.03573716543718496
-3.4572320571608812	-0.01635249125832588
3.495437955270651	-0.08077570164776096
-3.6028270855546345	-0.1398218794707717
5.436664350514587	-0.011598111764212594
3.5896978416695147	-0.0268239739350025
-1.3803743789077996	0.11777732609305518
7.177950914499917	-0.19432933854160528
4.406779209504464	-0.02155364565533201
0.6569797678302141	1.1422208161327776
2.6591193440725296	0.007570988027281513
4.764850878265437	0.07544438291991232
-1.8240928381582835	-0.023169986944744377
-0.3267063405341817	0.06138634973678779
3.3771519597819766	0.02260625703714217
1.5174359233523342	0.0028591891822172246
-1.5409732238258662	0.01752731227121089
-0.7498518515452945	0.2604192106296703
0.5502627954565729	-0.01678037528132562
0.5844143968539708	-0.09683672908238193
-3.2165158654814445	0.033074540042382396
1.2829706215662133	0.5912646370613053
3.8278866533541125	-0.06402991757297337
1.3257880090858642	0.8649978606955757
3.070378312497245	-0.6060684522683973
-0.8292863960147699	-0.6491086088790254
-1.7114640828234124	-0.31586069986066934
1.3986073679482676	-0.0264791766907651
-0.658927568469861	0.07045382492502303
2.9984798675085913	0.0577619417119696
0.7124039683732725	0.06896709339055503
1.6914529934477525	0.034231298265271715
2.2514957156747175	0.02713347151274862
-1.1373424755055277	-0.026047710622852296
-2.596994384099326	-0.009925897155979618
3.856580867171579	0.016653290161728628
2.5473529373524184	-0.1282899830192595
-0.3156163090668293	-0.0022640208822704783
1.3055699099768308	-0.17257994676851962
-2.5693957598593276	0.05785938574603981
-0.9897266959841146	-0.21924728634809731
-2.1428993232315046	-0.1316096197065186
1.2526601656140721	-0.7459766004387778
1.334011305510993	-0.09391848948379886
2.940868522362467	0.014244639566781675
-2.4638717248467707	-0.6799795174776571
4.574760736496602	-0.03583008036808986
-6.682124687015456	0.03162188365751188
3.298544544392643	1.2220598483873266
-2.701483681281602	0.058389679784290834
0.9881820252464606	0.0646124909683619
2.5769896197226108	-0.022373596894212505
-0.16425054418872628	0.012359170996812316
0.17229716625581365	-0.31849277646487834
3.743778725568099	0.014334548434787901
3.527087006026036	-0.027631449561029423
-0.8993617178221966	0.11102198745999152
1.1246752713156032	-0.030974714854396443
5.212256103130506	0.08643945684814468
-2.847034046003671	0.5572880767451363
5.5897306012431205	0.032222012101678736
1.3607068649331358	0.07101244999739408
-1.0887442980047803	0.22009416664243003
0.8331893468850109	0.08298004729480445
-3.7724835757556883	0.28492859590088887
-2.03307777770637	2.0835828168330752
2.6685849993351214	0.04400027977790986
2.367101742218764	-0.06716521950197266
4.609373724942373	-0.05723547944825499
-2.139546684364043	0.0714002288637543
-5.621773220597062	-0.2683789194042427
-1.5201339126789186	-0.0024503334724177823
-3.185441849306085	0.020148439958772545
2.716972622662063	0.0037674768031364793
-0.06748412533229928	0.04577571662572046
-1.694233621980771	0.07733197185707458
-0.7957935419128515	-0.045437092703517146
1.3677039031783773	-0.27547041650538534
1.708701364875866	0.013534486221368443
0.003367546334379866	0.020906891248084036
-0.7112177661204284	-0.03532731894484341
-2.2313623059428656	-0.07633476418691872
4.415381243620652	-0.00840544817856056
2.288141237933803	-0.03298757137068353
3.7839981739559967	0.03933200542409732
0.8327344067359199	-0.09118920790744166
-2.940229191953199	-0.02143625152866524
-1.434776689640286	-0.2240428182944628
-4.447942953313287	0.0098573379875889
5.639856601073175	-0.044712432459475336
2.606285515294707	0.10216894178897631
-6.056193951864068	-0.07118772371670427
-0.3905872965202952	-0.13589853387508014
-0.46510578807137365	-0.0067026319757520466
-2.2231087816016237	0.013632637063178679
0.34124105535918164	-0.0688300057075715
5.230582381344459	0.07291577019663648
-0.3956373298890015	-0.013367625234227737
-2.369952900409176	0.023775296944893023
2.0413248543596674	-0.0652064898877826
-0.15522680813988235	-0.19247688400148613
2.005038480367553	-0.121474966462199
-2.8990687848896313	0.014755677898367476
-2.143379845061782	-0.36203488575525755
2.3099029516776413	0.013738289394016888
2.920821633365832	-0.0720097873375595
2.1264997417136913	0.0922149629470728
-1.5202410091659126	0.10968202955999001
-3.607902074702265	-0.017042449096995555
1.5639450154901868	-0.010748514755453145
-1.4492329545145608	-0.2571514306685796
1.8782903339818489	-0.2229852094720156
3.4326856321232273	-0.4036063602648375
0.4758338306391776	0.04132069717310512
-7.481965185295905	0.039530939681302765
-3.385583324353797	-0.006221001171995621
1.841759114104253	-0.061970589512349926
-2.5666237298939354	-0.13142018910289743
-2.1016799442441076	0.003761940813071014
-1.4343925374413977	-0.10741164257734355
-1.9831264596410505	-2.632087486524641
-0.37253043435295335	-0.6064085020471683
-3.175315408513103	-0.035846131568404264
0.949232056712759	0.01754731128946555
-2.9379638863031774	0.012936512064790979
0.6622762386406266	-0.008818566632174125
-0.3937660862748677	-0.0563732867118341
0.3095317736966152	-0.010767471708665453
1.895182086903947	0.09949855850679615
3.3814138178194075	0.14084591108929717
0.052914611193394884	0.4002174912564901
2.5474793166055947	0.007968835157667652
1.1883228583647079	-0.06026931581073125
3.1447722408932086	-0.025967279272818788
-6.194732006967818	-0.006934290959510294
-5.383512206409857	-0.05845881879043398
5.630212379433757	0.06134730274350626
1.102858550479154	-0.0364609081077918
-1.5519269895805199	-0.09289498178196075
-3.9331774531771173	-0.031187308568919027
-3.951165163620597	-0.09034339637176642
-1.443248613242206	-0.10613422869753346
-1.0838897745618614	-0.253340389503078
3.8426842961679197	-0.12355614433784305
-1.4693189495042227	0.06524167076220948
4.709529878082495	0.006155575232980786
-1.4338513319485875	0.032135783634169364
-2.6788543554759565	0.313988644882503
3.901097714485929	0.10662677133473798
1.750858368988446	0.16309367846244308
-1.0473523001515097	-0.18270098752366878
-4.052683861195663	0.02686888686909588
-0.1967657810278422	-0.14737088908190216
0.5527116485840589	-0.07408007141536321
-1.518004852702867	-0.017823898788665346
0.7387786610035425	0.004154788874950806
-8.595439998806095	-0.1160108802100789
0.8504170692600601	0.05699839402885347
7.322070350270926	-0.05762813096660361
0.8879042008246845	0.03609177504157613
4.596419843009001	0.01563579973827811
-3.1885860950360474	0.022460942469019154
-0.20525465348669547	-0.03502533011644647
-2.337289086504539	0.050188712338391936
2.40426904237998	-0.13658505671611612
-3.2417060327994256	0.050684855041581885
0.4534298518540757	-0.011599581075517933
-4.471423054214681	0.11080643308300063
0.9785400735996657	0.21828635429324567
3.5810580373377756	0.17740531100583962
-1.668506463332663	0.7469186266099627
0.29848827626533736	0.016693078717896284
2.6192811554368975	0.00377755131430708
-4.1064049449450435	0.010656472132363426
1.2352505874073365	0.20830063373477337
1.5562059147416936	-0.01041785076168098
1.3689552529898508	0.6521410526896821
-5.495419264202824	-0.02996160174420476
3.2552937960237402	-0.04902891965641531
4.393006140493533	-0.06261727252429408
-1.9521470996975836	0.0307999054032038
-3.425980246630432	0.14751798729151497
-4.106862297506772	0.026028507877120816
-0.19545851580350823	0.013477468170589597
5.62282320878291	-0.04137741571839073
-1.0360491527061582	0.0073879261594859014
6.503866008184198	0.0933792836754406
-0.3447240488003869	-0.1865673826425232
-3.271925410150216	0.04241153140455962
-4.329313596058738	-0.08444053867863083
-0.5163526887402996	0.26753658304669714
-0.5358111023115164	-0.028281313360499934
0.7981208279297934	-0.001863534789998243
0.8768754562061792	-0.09164776143074878
-1.6019778337786215	-0.04692578621728983
-5.037371955430735	0.07505515964657748
-3.4181264771210054	-0.3466349522169785
-0.5525319854070435	0.0713264047227739
5.566478488676002	0.08210595274205516
4.327040732998835	-0.12833283390860437
0.695475665367905	0.07737875160525934
-0.21149150108836978	0.08464494319345789
0.25524549886095504	0.08390282935164237
1.4835596768104533	0.04452303085597385
0.17993773714096542	-19.15773219317992
2.3917304249060884	-0.1008758522807488
10.01812214163306	-0.05524896516468898
-2.0960255116354967	0.022800211309539003
-2.9775677417213426	-0.013932551978167496
2.3363355310169673	0.11633244796877246
0.9551772100219416	0.057048720000683235
0.7978647726804908	0.023172091804171034
3.285545305163453	0.011454179408405664
3.2180608443748007	-0.006037629591046523
1.1148873958397731	0.06280536935560142
-4.139096167639843	0.0578400305049457
5.187198972014827	0.025189521221389632
-1.1283684273995636	-0.09908472641128663
1.601313914872345	-0.45634248781813264
1.349039834884078	-0.07320196436704365
-2.6656031936278723	0.01385383035631632
-2.757306613392721	0.883357712797139
-5.635097687191676	0.0017507774122215007
-3.530680179039852	0.05562944814888059
-1.7226853373300905	0.08531740292048237
2.2139672447039835	1.3728999890435045
1.9546008657261338	-0.007427979152312233
1.458653713086736	-0.02211636942477649
0.1545421150765055	-0.037112845419670595
0.2746375337408544	-0.3154674500556744
-2.6750640135060073	0.03223646239357654
-0.9337488850358356	0.10593668732923048
-0.8589142481574337	-0.10036456097882679
-5.057131033401579	0.02553139298811235
-0.48418361006840827	0.10464407913929966
0.4203443210034569	-0.0014527242546330686
-3.5855682901722243	0.08684687598951037
-2.199799732199812	-0.05390799818688124
1.9943724905799778	0.058816692740964
-3.612162152303255	-0.013761981213287934
-0.9320622659963113	-0.07716687344759819
1.6595494115492904	-0.05199159045427065
-0.4084177081586466	-0.034468250256061296
-0.9402022658760935	-0.015021432914132353
-0.3851256466263479	0.05684475005289969
-0.14298469677228587	0.21166572042675072
-5.9983801473695175	0.02633934597048158
-0.5245174398610438	0.3257490153381725
0.7985433686122172	-0.17287725394098546
0.9189372146726643	-0.004224156226351225
-3.86404334243886	-0.027015953852302318
4.255304011366448	0.36702128071653173
-0.7231882756798177	0.006973994945459607
3.305522905281238	0.016902835230090216
-1.241700398410614	-0.0531040879847295
5.609603185829946	-0.04477143856960336
1.401670645314558	-0.11692632335671112
5.320449021906346	-0.011742756072287652
-1.0652625994231883	-0.011219719268683988
-3.067809385604871	0.011947998020936084
-2.540215593943831	-0.03190630206266033
3.4057434267193014	-0.12623974471954288
-3.4773250219383063	-0.0071280525505524215
3.881118985296359	0.5468151045707977
-4.004405189562647	-0.019402205679001062
1.7107173196269567	-0.0015876279720562234
4.241251541533688	-1.029546993559138
-0.7856636943436495	-0.3586616678167213
-2.1321103046410155	0.3305902650564728
0.11682646872549797	0.02897319629259027
-1.6387425898771517	-0.010158230230778786
-3.446541404316143	-0.0011499531882676122
-3.8407557309168627	-0.25243519093015954
1.2041607619884342	-0.17825908515551642
4.277775142812745	-0.012438675964833406
2.9403608962547847	0.13164279560159392
3.0200468886475926	0.05415214529446753
-1.339211878853604	0.1272220536914152
-1.1252596487961066	0.09121016047359895
-0.4416993209846001	-0.16319847638802976
1.0215694487046607	-0.1633873449301007
-3.51724161364926	0.07794660475718991
0.6978325610920891	-0.0010237134700209012
0.5854484526821061	-0.06790567979142884
0.8836463085278072	0.2730984046051298
-0.5585454271112718	-0.07663138210046049
3.3119215619501077	0.09195990042532481
-1.3801925354271225	0.22708937740198332
-0.8062583489548777	-0.12786256214338587
1.658378535073729	0.20476972820351144
0.2926453888205946	-0.33230427246410466
-2.0031475134553456	1.8750040447886505
1.9496730252834396	-0.04610422415072575
-2.1750705844464053	-0.06449078129923218
0.11973550085298217	0.08427516368872438
-2.073751840512601	0.08228397450809896
-3.7158232176318706	-0.07519820772406384
1.792900556139054	0.1105095858001307
-0.7274374078509802	0.3278544380908921
-1.7794080601523048	-0.05775851203628768
-0.8653462735529482	0.07248569660082947
2.0139481052900754	-0.3660750419726525
-7.150626944923218	0.19824399213736454
1.7569990098020802	-0.2770960249216683
3.803549116577766	0.01403215528705371
-1.6154307285053642	0.03868445618072443
-0.39253302188406236	-0.05701064904224144
2.2634876821071055	-0.021511071049926573
-1.3255616145979414	-0.533102888496579
0.8100831397911862	-0.15634617576193452
1.1837630268591175	0.31981319550667664
-2.6350948597002457	0.45335393360600196
-0.38273939531713724	-0.1587639878624069
1.7220190305397338	-0.01843734511273762
-2.488240888468239	0.10340110052823606
2.89122421031285	-7.617987007645609E-4
-2.2386245014508304	0.022082617310730485
3.2623621923309534	-0.07247892710632024
5.280507196606685	-0.031578661017897226
1.6388452141349183	-0.03915511290837285
2.52690318550563	0.546526863183325
1.0560877891696407	-0.09616922996094927
0.8700965273762231	-0.053396797609506996
0.5778968285368078	-0.023622109193757932
-1.8133394535794263	-0.14764041692923882
1.3003644820060554	-0.20536229742691348
-1.132826250361866	0.1304268382497146
1.1039448001610621	0.035996749765892684
-2.5342060011830685	0.049029649373559164
-2.759249212801696	-0.04389432402115369
-1.5361378049742054	0.10128512784695776
-2.11404163482973	-0.026047341965351446
-1.1585377115764204	-0.02478250414527624
-0.3288830043049577	0.4469914400203865
-0.18937371388972102	0.22747728437669895
-0.3722790838312619	0.3213531647305188
3.0188542894809025	0.03940442662859888
0.16570323126740602	0.02134104000353241
3.961919931708791	-0.08678276138966715
2.0706335654902506	0.23704666629335003
-0.6862257703979066	0.05349760285922047
-1.7314901559298013	-0.07400345719660334
2.26982856726399	0.03932419380056593
2.562917529523708	-0.017127362004138606
3.5906250044792403	-0.060225450389000165
1.3022673518521266	0.027692905794049847
-4.398301563943304	0.06464902539946116
1.7903311570744103	0.013174060399213242
3.4153971399091834	6.909109817811269E-4
-3.4080387796703384	0.05807204076017509
-3.695277004721234	-0.27751714266235855
2.020587906282536	0.07997853142955724
-1.000250021724275	0.10949663906337966
4.115627499548858	0.006308750727286751
-3.2005118469281673	-0.026816888784727516
-2.583865651697177	0.0017579600743386989
0.19006104580486052	0.08229941356523574
3.0111726549343723	0.003794492035733737
-0.956276628023258	0.003800565833441206
-3.3707141389000905	0.014732939797323267
-2.8626649281562506	-0.07485633540917354
-6.204009267208458	0.08570175508411088
-1.9080607231355708	-0.07571931607237976
1.9133185498859357	-0.05743488478429404
3.810477737141517	-0.013555084007739075
2.408112586291839	0.06019777398358833
-2.455130039635523	-0.05042942095362659
-1.1348509219819194	-0.02993527864175078
-5.502038228358537	0.012087096603633088
-5.142006651304153	-0.025094886233855997
-4.3938125547744145	1.2220906396072833
1.2004727771798627	-1.6985566221182418
0.5653183943384611	0.026140955789643452
0.8391832277994061	-0.08534330557426827
5.903268739410337	0.0573695215221508
2.5202602925758018	-0.7243842874463892
0.9675939703468486	-0.011090483288080981
1.722965131104485	-0.04051166098073264
-2.9836967506939676	0.1186696722607444
0.5153094103061385	-0.14340922195003364
-0.6680400666609013	0.4821319644773869
-5.562753624642227	-0.12229130830189162
2.012794877763574	0.10930273240965825
4.970218986526968	-0.14637628928470484
1.500486045840545	-0.05249671401333806
3.596138351131868	0.0324697746333694
-7.9089141229633935	0.04743395153822387
0.13540249303393223	0.4146582453159107
-1.3447829105156976	0.007674802195859253
1.461205011810105	-0.11878399708372048
0.3410694300844627	0.03250377682627166
-2.181627006935909	0.010226256843893777
-0.2173818018365766	-0.0030885015787125206
3.569922211269543	0.1367968619601707
-0.19248402657473548	-0.01985581035849985
6.646244789937632	-0.5844068502177454
-2.269555944722435	0.5763725823908433
0.34134389462820597	0.02007222384108666
-2.873456156538644	-0.020951941207671736
3.3099406327932157	0.05931540407422731
-2.757176370883552	-0.24273129922824888
4.3266149927884	-0.02720253523699763
-1.1128224396548014	-0.006177333198974405
2.2861628365735496	0.03232433800667067
-0.6878921376855949	-0.07367966639431672
-1.307272499841983	-0.07577598738381164
-4.553576568330827	0.013089511611558243
0.302964929916914	-0.01393839647341452
-2.110076299806094	-0.03143534616592606
-1.1513575138331449	-0.11329551232480824
3.821397044683372	-0.032782866997819876
-3.1522438724353132	0.4526178588636355
-1.8586156852603637	-0.12474445517163048
-3.9170156117001853	-0.04358801954758496
-3.0961918944949027	-0.015640095741244576
-3.8434546419067943	0.05806486021980936
-1.3449259118180208	-0.04045022381106221
8.056496829798244	0.05866194114977075
0.7593197160924323	-0.12265515291101887
-1.1635752128839414	-0.015780869526275904
3.64993922009356	0.05400733529181252
-0.6785737065368175	-0.0016081433939911887
-4.5274794146538415	-0.10392328434461383
0.25749427422727317	0.024823377082988034
-0.7430989378258368	-0.03360554839752815
2.017466559911742	-0.020394490568989246
1.0075343407240402	0.9654565435726629
-0.0996919371374799	0.1475298401219913
0.9745099326498874	-0.005770659526070858
0.35524023247890835	-10.337844971287613
1.5747967385945287	0.012815309620960669
-2.2556784886946537	0.05703264985050769
-1.9165550880607287	-0.011993155375493341
-6.179355858964245	-4.5268601191994495
-0.530329762229756	-0.04525762922115791
-4.178414530283445	-0.5953171588272279
1.7781787358401535	-0.06410640912539271
-1.1296023579181529	-0.030003007083309666
1.8509302646084966	0.03908102324089656
0.6217031155055331	-0.016572127763874386
-3.4847959485056164	-0.09404516018664387
1.44152850835049	0.09855083561685854
-1.7248052438140788	-0.04020621444023367
1.9648344882355353	-0.034650069889933695
-2.9622336600020294	0.05769442687298072
-1.375035386105583	0.021765164646777177
-2.730138008091736	0.0025619892344778943
-3.1242055539358513	0.034507444291678305
-2.2364942756853496	0.024118472863219474
2.45247218468559	-0.061423180359236294
0.13665301609749247	0.02009749625833715
1.5536949130233086	-0.011107946120702919
-2.3102533972928603	0.21563397978029117
-3.624031437080566	-0.4202946715297038
-0.46387339419987217	0.06110718724734228
1.5739300159038225	0.05022890170391568
-1.8545345068944363	-0.012061328276128852
-1.814484740544314	1.042239302971152
-5.303196704203318	-0.014817467984813757
-0.5319579744454015	0.06848794888489339
3.0546333231372884	-0.0239842978607822
2.6716686051839553	-0.0119027196483843
-0.16276546320234953	0.025968689449034504
-1.307383259902874	-0.04478706969206086
2.393811486367352	-0.046220195062623474
3.0167066355064147	2.9234412201338884
-2.306168550795242	0.2502412163385114
3.7078433483047304	0.26221480705677636
2.2693566429766663	-0.0019592717138564174
0.1428881247137465	0.16614004361000884
-1.9675347742742664	-0.021633821838469538
3.15797790723396	0.06649902993174231
4.818621338806238	-0.06567459111906936
-1.630859138236907	-0.06441044123315832
-0.20656824775602461	-0.015820668436769655
-1.160194735693619	0.03409816411966999
1.4395280371152557	-0.04460712754664527
0.5021149733178674	0.01794665083762338
7.272928623963492	0.2362344022316504
-2.2221995817955458	-0.04185207847288748
0.7454750320096756	0.005750743176626288
4.5685695526221215	0.6325697795864137
-1.5710631689496726	0.03745882236311993
0.4843902866902556	-0.00770896041035712
-1.8931253326877844	-0.4027931948180821
-0.8356057894577045	-0.05710290133765543
-3.852683765162795	-0.040841136559084966
-1.776708167049141	0.005739811723437249
2.6482086128072573	0.08793612876645454
0.0903086225309285	0.08427430106773369
4.296201061910421	0.26080515512721325
4.596607300563953	-0.01941369065375686
-6.131435365560152	0.9739123407177741
-1.98400520294395	0.018426750930076428
-0.11442115785029693	0.012496770741794398
4.152355642322891	-0.03579267581950119
-0.1455941618115576	-0.012932585382011466
-0.17307340171245647	0.004943526396788416
-1.2706653845941738	-0.31662776356174105
6.932211126998895	0.01568578478817748
3.5610467208557406	-0.022781156904471467
0.012279906802142844	0.10488793787121432
-1.9520771792023	0.0314518013931258
0.5864389986456018	0.05294255855856325
-1.5038294297331307	0.07165374088334205
-2.719793695772999	0.10302486539321185
-0.4032646075743338	-0.08451994334225359
-1.471036248036226	-0.7990607786842552
1.2882578546577743	-0.01827876958678609
-3.32180171967509	0.05489897604098906
-2.915832661235619	-0.6090704773035153
0.10170207693152754	-0.01559178531450995
1.190169263222299	0.0068615254302415935
3.9150676446673613	-0.4514283442448925
-0.9156129310945849	-0.04035941782575808
-1.9117246549656606	-0.6068316262726874
-1.4368262798677116	0.04635066781140343
-7.469392938946582	-0.09428589586224664
-0.3902846703389696	-0.025894923649712357
0.7697149346853714	-0.028258429160267114
-4.29791063376719	-0.11144464177024543
-7.107179682131246	0.013086829531478755
-2.8822561890570824	-0.0845208262184919
0.8819286648853556	0.4515248489835834
0.12815502525389658	-0.1322580806474574
-1.5399866406459748	0.09497757693570226
1.5269243265417243	0.015241881381325073
-0.4544054112875845	0.04613573450692491
-2.293796058269855	0.149521558822776
0.44851931211692303	-0.003868001369285538
1.2484837651102854	-0.015186463206325692
-3.6795038363474	-0.03478166706392308
-1.7904264784128956	0.001871803928267524
-0.25904892181666506	0.040990271284501216
-3.5812740577914375	-0.7885656957734302
2.8152157433825193	-0.19445973285507423
1.0963524731270664	-0.07925828785027796
-3.186338165986956	0.03521880792274006
3.133704116403088	-1.2861423731362135E-4
-1.0864720949788993	-0.08910515196473338
3.765475371480963	0.17915767228220522
1.2536237340595475	-0.12624768204278958
-3.5071753401802725	-0.06195519888551739
-4.734426800945133	0.006041251448802888
1.1235885241754746	-0.017546286359520154
0.2771865194128289	0.01362517044954536
2.981616235975343	0.08292090628352432
2.350530635363215	-0.040581698578949776
0.42980915942888887	0.02579096155147859
-1.5401261376980353	0.015552021607665847
7.757800439043232	-0.057256228155439064
0.11381787884095067	0.24905604369427792
-1.2917651109031911	-0.022190160653950925
-0.21538744569006896	-0.15044146600355632
-4.426857611030334	-0.7996372165677197
0.19081771338806758	-0.021455219882535563
4.70930054175517	0.15116158095078266
-0.5918057178371744	-0.05506992908160564
-3.740798017992653	0.024586699159815345
-3.7925588395216447	-8.848575694512306
-0.17091813550754623	-0.38543369672622263
3.5344051162342045	0.03227956342606303
1.820250540201413	0.16029846283664728
2.4747017335533443	0.11721283832668981
-0.6506224615508837	-0.4218599802375603
-1.4005065869721378	0.07100238162362563
0.3878826034371873	0.10300619542617738
-3.830311183514883	1.2614594111684099
3.4866891266145577	0.08729303658597996
-1.3759329539166556	-0.42001689410829746
-0.5115316689268696	-3.1550360933186052
-0.4802506526471498	0.17104535803557058
3.820253902938004	0.12100929648498751
-3.1354886461628046	0.04581540351702681
-2.796868711701643	-0.08279970251796896
-5.462766100288007	-0.0449529816788754
0.7749456708787247	0.24602829673601
2.378390610417498	0.03214838864986675
0.11285517196646785	-0.15454946057345362
2.960797767077559	-0.46850637577732057
1.3576747000232403	0.014071916980815818
0.3711525302301819	-0.0036511661481255448
3.88132837891605	-0.12851929904906184
4.0365428280534275	-0.0314315374013953
0.7900438358867918	-0.05178857616270781
-5.261524210279277	0.04301410947939787
5.198168356613286	-0.042043557320724845
5.019815832316404	0.0212943414518001
0.04136862195922793	-0.050280405601888706
-3.28181017242824	0.10143482810579796
1.8022513404751903	-0.032370029720072094
-1.036056894116388	0.07445011679549611
-4.162224292235034	0.05431293134048627
-2.448912386347357	0.005982784718435823
2.1684444630284285	-0.05360392539872879
-2.9490027418378886	0.044281463826258666
4.823642809373004	0.06377680491754352
4.9079585294045165	0.036873412203733184
4.088743432682432	-0.19299608621728
1.0518305089369557	-0.6137546175347335
-4.51610626197897	1.39253823702093
-0.7147397951633091	-0.05011219726156306
-6.642053934008642	0.03008926324805088
1.2643018698927868	-0.0164093413184058
2.6013564068615724	-0.46516954807850674
-1.796965222034728	-0.3236505403580824
-3.234604072904269	0.07334829499258824
-0.47402054524931647	0.0016251777081658422
1.013317828801931	0.12156568154397339
-4.655024927487855	-0.5019678947081873
-1.6760437297543747	-0.10765676716111446
-0.6344800675725772	-0.060803712274769474
1.359577571322284	0.012427759243609865
4.559002054523538	1.9172114537896958
2.55410985464884	0.07234355266183257
1.1708335954413465	0.08106660922658165
-1.0976269130914562	-1.4540131379214918
-0.2846239961582915	-0.02921539772145505
5.201131357247301	-0.08682718107255095
3.7914855359385227	0.4010187380116972
-1.2813749584620815	-0.04627224438758104
1.4788083084099617	-0.0502005403801357
-4.9891863853853735	-0.035090433351048084
-0.15560183304350508	-0.06175289522735493
4.944351608727543	-0.03891087261064956
-0.026459691588687256	0.04482589650683478
-1.7860462787014215	-0.044233811569726826
3.074258132358066	0.01570834724735761
2.0550303254012032	0.11412577539251664
0.5285950512942797	0.05001130126466508
0.026873533885544514	-0.04863661398797904
-4.617914174632348	-0.35341779370629384
-1.3716576303109163	0.021535266036650947
0.567595686616786	0.5862435584496075
0.3438045581806997	0.0030725951604792137
-3.8592505905840153	-0.08286165283260276
-0.4091878088861716	0.24989827027000805
-3.1004256869092086	-0.14155266572580133
1.6140474925342452	-0.03581903828222328
3.557036123441936	-0.08444380513270827
-1.9121537549828267	0.01182523764225304
2.0720575688565672	0.0129585591206021
-5.288325287767101	-0.2052266027004437
3.0600298201330927	0.025218225796335245
-3.6837956805024383	-0.08504503441122874
-0.4217362678404357	-0.04881360692816304
0.264329843947867	-0.027043482043686187
0.9606462571427085	0.3042290981469153
2.2084370507961344	0.05667947751058037
-4.984824313080838	-0.7182614189094756
-0.09727413576152544	0.03975947460401766
2.091254556089544	0.0245953151162408
-1.5112118467230906	-0.15074066827265706
-2.3272942735975564	-0.13791840250645804
-2.1478381658758052	-0.26283103254768164
-0.6497657942375815	0.3034063951412412
4.578884701514414	-0.058776266911328444
2.4509266214104515	0.008018164462250095
-0.10699918291694505	0.03965750175448131
-2.0874188356024015	-0.1072171174872662
-2.8304875104207152	0.278435835346837
0.23358371940992884	0.02438205613544113
3.5515966771633685	-0.3393417981390325
-5.368768251504698	-0.07475392661415321
-3.111840701130873	0.11299693928639738
5.105915248342141	-0.27919848300296013
-4.5804617412687945	0.04666090385411989
-2.2792995364709228	-0.09323394677663807
-2.286846890574842	-0.06433098366641199
-3.398220869592002	-0.08550338330647675
-2.867253052572562	-0.017885826299032088
2.5228196169604664	-0.047701418716390866
-0.030785073352615835	-0.030390307309712268
-1.1262972920478858	0.339183281167501
1.6025087281397454	-1.964680145506294
4.949646365619916	-0.02266015553336102
0.6429265729098665	0.04634560195352236
-4.179274927222588	0.04944906158670727
-1.5569937490983417	-0.02305508882296844
-2.8686454415465867	-0.005775992685356776
-2.947237170063949	-0.31071645844718926
0.08135645097256772	0.09874316933465606
-2.5403751370198058	0.15294349838552146
-1.1846444747517357	0.2312060680075984
4.443634346266943	-0.08557466384645945
-6.23674051868299	-0.2069230068610111
5.868796135848044	0.16839331769632
0.6516172079963545	-0.05489993734888978
2.950130849025362	0.033549371586894416
0.27864911227092976	0.12330292329113789
-1.0963138666171035	-0.18116774150180165
2.7769399090185964	-0.028232281323797643
0.4553151482773345	0.11969618513716039
-2.240461999086178	-0.032365362157846266
2.828594855724429	0.04787857744729679
5.340527806672865	0.01373861577498599
-2.229298850081603	0.18774365339170848
-2.6918015295408395	0.02787688019661413
-5.496427888103743	-0.11982796976219122
1.5616001840488685	0.06059897767961637
1.3129197961297916	0.036954953745622104
-0.4370148611358061	0.18845865232493786
-0.0419414100320965	0.02860688597322569
3.2742142003505625	0.13685714428276877
0.7004784390035141	-0.04240117220752907
-1.5898218775161352	0.014503346877742226
-1.5982484868482516	-0.0944749087111347
0.5125555931236345	0.10299315637932847
5.650981709376859	0.1082668440694776
-0.7119763643536314	-8.64680016081313E-4
-1.506323288856091	0.01644414735854456
0.5009983709389123	0.07966378171994268
6.106328203121953	0.048537467088925874
-4.223577986708763	0.015586004187058545
-6.363943116093184	-0.032452687048662755
-4.897185161264036	0.03667577117437553
0.7661189954721225	0.4863463673045349
1.852296492326035	0.06604252632011773
0.25884604313393317	0.054161601253265274
-0.9764415538694505	0.34959339991667293
-2.05176157600953	0.09212628882811817
0.261899162982213	-0.7231095081709702
-0.5090334132634012	-0.6754876484254535
0.6889048582355057	0.21293108304705063
3.7891383505815934	-0.017042688866768883
1.6095265508277308	-0.7356549031051888
2.342867767442998	0.14042528000759089
6.015454943942207	-0.029878606976196785
-1.0616042484862604	0.10899748677460279
-0.3248082336388495	-0.03612527669263423
0.1508395815141839	0.04207414734767239
2.3929260831252632	-8.3302644744915
-3.232477174044075	-0.04211925526193785
-0.24855755475468216	-0.11448092826865862
6.039401519872757	-0.0310406236225853
-2.4750210588136277	0.27842073062089495
-6.124605577254595	0.0348453714188345
-3.9924999618478996	0.06334445763798595
1.0510035177957822	-0.040669622539732775
1.8852735775614704	-0.03941392077482941
0.5201253961798274	-0.21696853420354215
1.6548516747569342	-0.008029166365087688
4.121833864551921	0.11019218389498604
-1.0556126522565266	-0.012227484056329646
-6.747604218583832	-0.06770970028472431
-2.8408149479917673	-0.08491238036485539
-2.465716286877218	0.1760591057977886
3.5233559067881037	-0.013425443886074454
2.485992832039496	0.04317286250167258
-0.06315818609752867	-0.05726024358481485
2.988283662508485	-0.012356035638308059
-1.2226604162119703	-0.07147451519907363
3.5352440483525713	-2.744745147550169
-3.4868982932552472	-0.10121046722098329
0.6167793831005157	0.003492360955682026
-6.048162469347867	-0.028825806079154317
-3.235656407120773	-0.08000331770093783
-0.20074884237715623	0.027475774066471503
-0.14072065654781396	-0.2491139799270254
-5.841544105613083	0.3910897072113301
5.136105394277511	-0.3698209591398178
0.23115609715287325	0.10250690775064543
-0.030517640064932076	0.11230273531149619
-0.29423578679517565	0.09759575943233793
-3.883488143050525	0.053338856568128076
-1.7266022967766892	0.0800677221456243
-0.8129218616479938	-0.09431902209439612
-1.853307809941101	0.13765258892745805
5.283741216245084	0.01773050167479625
4.782524385313705	-0.05394520001302479
2.138704637832043	0.1519165546601233
-1.594435112870155	0.09026028995687285
-4.460213585618473	0.021370204542844565
-2.2645986373619644	-0.3435681473544039
-1.6536767732918416	0.17293358128655156
-5.122337280118723	0.0719633392455159
4.336322621629616	0.05375392583244631
0.3615665369851682	-0.18725701172705356
4.343636155713131	0.19906093789958704
-5.3760560695901685	-0.13654001858389464
3.3407018173270853	-0.08719794262312186
-2.4495251703028367	-0.15043827934919135
-1.1472218532510277	0.030667400604735134
0.24209578331765008	0.16633068735244463
2.109202358670025	-0.0011432433429368115
0.344653232479835	0.009632702762782629
-1.3068410012490945	-0.050548984763083046
1.8113413081261716	-0.08867877240015533
-0.1747267406317322	-0.01729999322511763
0.6273347224977893	-0.043395728923215214
1.1546558507444253	-0.058046691490883276
2.762301874598987	-0.5796181329277994
2.675213214125278	0.013670697757485044
-1.3480727650235032	0.002652878416226588
-1.993967023431716	0.045445647724616116
-4.928217173888206	-0.06174446685465275
-5.00658357075363	0.040879670974972526
6.401226806581361	0.10555269358859666
-1.491413481368757	-8.723067603897091E-4
0.24596204068582808	-19.289690297410154
-0.34669793165225604	-0.06330981293861448
-1.7522080891706928	-0.37727407277431374
-0.17331589387384072	0.17612516760249103
1.1214387962926562	0.15525388154983225
-1.6754209356374299	-0.003358396644215224
-2.1901942529702407	0.03703120050051087
4.595941108242575	-0.4732593593370369
-5.2366921268994675	-0.036893698694481135
1.29826989308125	-0.03860095975612267
-0.42869105503686256	0.03465210042749675
-2.56211483794365	0.09680532826721062
3.3479414982272973	-0.05512363379207071
-4.373547199426501	-0.10978160027920733
3.564095323375057	-0.06667169761364461
-6.237530276264295	0.004226418050008104
-0.060259123409667124	-0.17084669040099112
1.7163932600616334	0.03887939522522564
1.5249071682530306	0.02348195752394967
4.879259042190309	-0.01782981516600222
1.6296592675908292	-0.04865394332822306
-1.2205847936617868	-0.13774062076595986
-4.434551773822904	0.02559777798246407
2.0196108021330876	0.07629787407971422
-3.314928371643225	-0.01445516541491129
1.2799102894845404	0.03768253704396302
0.34971558283630194	0.013538038517950166
-4.705537686757966	0.1382459975730551
0.43041313490773025	-0.07091040213760504
-1.0581983999758329	-0.09987799158930624
-0.6263092201455404	-0.21887428176695914
-1.961158694352433	-0.10996247687953253
-9.409628322028924	0.030047412231685805
-0.09360071762696019	4.857697966212066
4.007738662189846	0.03348580031605647
-0.3930209959569824	-0.03817949459236892
7.689219153296282	-0.04826746035097717
-2.6175365495804	-0.02575470663124335
-4.329133628411436	0.049630706371188556
-2.8252985053691626	0.060036053796829504
-6.574147737057256	0.1502561662422251
-2.777881075574678	-0.639439196567502
-1.6152234876946305	0.0877924999193946
0.4532606616853709	-0.01666496066110072
-2.0718776100523923	0.08249183501340385
-6.171218655049446	0.04565445218654867
-0.18206155087109308	0.09116322838628244
2.6367496078530652	-0.007445328943703258
3.322768435764304	0.028570661590729907
-0.41635164102117306	-0.15379498452479806
-1.217716381091049	0.09677867289568647
-0.8548442954821033	-0.4696640330110911
-0.30724573097132	0.011346795112835853
-1.4051989936797746	-0.09591541084162525
-1.8233752540613133	-0.006040706111367843
0.6105037877500893	0.03149689949607616
-1.6224122128659142	0.48608886225479214
5.490959593031025	-0.02815893612008248
0.10056038898311047	0.15781360814597561
-5.354121183748865	0.44216725737182994
-1.0423404433126313	0.22170733542449017
3.968666537886365	-0.03701525571871736
-1.0388927680624933	0.10977427236704485
3.826228314671463	0.052180002492383734
0.12314292398311379	0.40328728711584927
-5.459372574756788	0.01507446562018397
-4.91172221828708	0.26333427405405513
-0.1777688511905614	-0.024529147292283036
-2.3551743496626174	0.22998610135673606
-5.035696239684972	-0.10815871847793895
-2.2151418496830884	0.05284734579183579
5.0817183677032025	0.022164397173842696
0.6151905640060555	0.08459808694054086
-1.7962993364700333	0.18354481389446536
1.3132717938523635	0.08484968744059342
-3.2818394574707663	-0.03398194168620213
-2.869295588717027	0.03475531479100761
1.3726411315841764	0.23617326302243574
-1.6129615563652608	-0.06801998642127714
-0.6089895173733026	0.05488418217225309
7.297530714670032	0.02306079741601602
1.0890143874372253	-0.11465814414996797
-2.2567576089093766	0.10100350675138439
-1.8289537707893637	-0.20863053549168772
-1.7839779497136359	-0.0890161900847722
-1.1704314338089348	0.02607267692250449
-1.4839683654111218	0.09579947727157735
-1.8360032313543169	-0.18179280835898998
-3.219723497735778	0.5230563876176526
-1.3139472511400405	0.1781766921359901
2.353456210891616	-0.037144338353316576
1.1505380255122968	-0.0285781542833149
9.507855014985317	-0.0053816572779955855
-0.26958736057423915	0.07571821523536003
7.1023381517641555	0.30011129807976084
-0.8119963557495558	0.20040855244609235
3.2095865425211323	0.018309308792474475
-1.166384305612087	0.3145052754659329
-0.42392436127487787	-0.004548706380258768
-1.728275452976567	0.005078532591479408
-0.22339986787454952	0.2810755771609203
1.7331114377342824	0.0036501646815323852
-0.3499336547884322	0.17945894881492255
-2.5755189271086336	3.7156781549961673E-4
-3.752486412889979	-0.0421623196626992
8.301522651976589	-0.004963313617614499
-3.4005489942039815	-0.08197493661943538
3.820498371839101	0.44301795464358024
-1.6647703129306883	0.03227705711069985
-2.0328812842404007	-0.09929756654918183
0.011396197805216089	-0.07678752374690179
-4.825458568504453	-0.011932832678171107
0.9943548911577668	-0.10796109494943971
-0.8712867395977761	-0.004283345653380522
3.058891185995544	-0.31520036549918123
-0.918796838360141	-0.055523669301992574
-0.22148251719859446	0.01002363165112765
2.690828225963242	0.14815118749273243
-2.864386415490256	-0.03364329365989653
-2.2467205151848066	0.16170657990118298
-5.920677426247581	-0.2681147220117841
4.249282852500729	-0.11550186902875394
0.28234846581703654	-0.02105544333521982
2.370226590451867	0.15355708747212804
2.669623861447888	-1.427007632742685
-1.4189009193307087	6.111862164788459E-4
0.2991353391192661	-0.0757708464585948
-1.9480833149483736	-0.03631506428270805
-3.999105293887556	-0.03533281488237375
-2.015074996311645	0.24373986911005557
-7.157095069248962	-0.05334392629879534
-2.5235481636045183	1.3977663324605274
7.264916681961261	0.19866215152802322
2.2606506929794814	-0.570834368148306
-5.655687513097876	-0.1892805372874654
-4.070636208053177	-0.17361884894834825
5.144063784857931	-0.6535786227365342
0.5774596925615749	-0.024910778767564676
2.393964631275205	-0.18708518626080003
2.254653300514498	0.001803350994735176
-1.95414267594243	-0.025032865702252806
-0.17125247057012008	-0.09508114417497956
-1.2142820748749503	0.3030938969438713
-5.029022418513354	0.005678872971573557
-0.474877079943234	0.048413579140738836
2.1265288225987877	-0.0069982666983952726
1.7883545477952174	0.06889408416815639
1.5945430335556017	-0.0037636344511730894
0.6433496215782711	0.1512369929130962
-6.100108637461457	-0.008167558962436035
-1.3328719187652154	0.02731915344820967
-5.484595435195927	-0.05239849103273504
2.0561834049596808	-0.032388158334268266
2.1679016128882793	-0.014145741094043162
1.066374485522833	-0.34918834990682723
2.7879881487361096	-0.5566290090018218
-1.297263927551685	-0.10445329651882133
1.5729439736441269	-0.07249166147652766
1.7269781766234649	0.009597012802913887
-5.5848029315453225	-0.008980598226299276
0.4182623281292736	0.005402067562126005
0.16375144695592275	-0.07351035166617935
-1.4268315873659452	0.0060557252864094704
-0.16448795655445647	-0.006135026267729709
-0.18657171061882416	0.08851203987903723
-1.9618781218027734	-0.10015072116696397
1.4873940461471422	0.006269275785346021
3.4233378653819826	0.08380218378807125
-0.08597466219442639	-0.144800191959594
-4.709233167641365	0.020164137180968496
1.0174482858496554	0.059601905940836634
-1.4776498825082638	-0.05729422690215495
2.1699772272182782	0.025215659947926457
2.4518330724870334	0.49632799416381623
-3.940947033541948	0.033592698328083426
-0.7675490324128451	0.07149434586949792
-6.5611383812317	-0.02169134937330538
-2.1683781785809892	0.18404133891495775
0.08202525573146105	-0.019036225551315254
-3.1669190816681065	0.02756655089447861
-4.366600740684557	0.12701899549673956
-0.7614692317666446	-0.038311534074086384
1.920382245417626	-0.01887095832473667
-0.8086277165548923	-0.03787788109182734
3.6957639774441673	0.04117230457081138
1.3133070505985198	-0.031138280686179947
-1.2227940879745343	0.026914281934631037
0.6396395745018518	-0.01602056615260356
-1.463990089993923	-0.015326286994631223
0.1306304278529901	-0.03436802480760835
-0.019913181187762877	0.10954164620809625
-8.626288235735815	0.04157870035462758
1.9043932952401266	0.019354535392045954
4.151076886860205	-0.1046593191079403
4.749481237878422	-0.14631980997127975
0.8896519317294241	-0.04707682093064402
4.4445615624091515	-0.0032850258435935496
0.929084281805541	0.0045039337373762355
-5.0023504135511985	0.03522326009179488
-3.2494789185660338	-1.7290424206196624
2.5529499735309256	0.30852164497248147
5.563567920149943	-0.047392532953920215
0.021584331491059018	-0.08179577175918754
-0.22413799634196246	-0.029877021839290738
-4.040349936997644	0.06004174174154992
6.531260240165248	-0.01794075031578169
-0.4456832234034235	0.024131456540381437
-8.270621868264952	-0.06318066806871787
5.133385543590339	-0.018945690841409853
-5.733004637222427	0.141862392228783
4.731541424341228	1.3510363426321579
-0.7099226399620301	0.017962929859142104
-1.1644137091990259	-0.10421493836413329
4.1607596446247	-0.05833923645831312
2.1438671610360296	-0.42448647689990104
5.999357266202292	0.14379009742162974
5.072860244742535	-0.7121881936343285
-1.964205134651561	0.06466396734725355
1.098446382052782	-0.03385990988324606
-6.3064955231454185	-0.05512535246082189
-3.019826020715847	0.04991164182527771
-7.66182578932323	0.5873835939325882
-0.7132157578172127	-0.2729512022065445
-1.9855031777065872	0.07410987297614292
-0.9302581800529512	0.006434539300572336
1.0915522455314377	0.039221787160669465
3.672331479259894	-0.22488726226126443
-1.6618850533014715	-1.9754819343251238
3.2712212707580126	-0.0553364351987828
7.517073744590676	0.1116616380898244
3.9288540816524766	0.12499646006228642
1.693593872625882	-0.040890322921344764
5.45022570325035	0.11023255495572577
2.8131771547886735	-0.12930686874700079
2.7970402844118674	-0.0823291798056026
-3.45555663568538	0.05232285549044985
1.5889131568969945	0.024055226366156916
-2.5667409672200114	-0.04020056134001027
-1.8674751068857174	-1.4099181912701857
1.3005504829427532	-0.03470272935873197
-0.538311011778747	-0.03497206491080267
3.31565418757134	0.012943254586282938
-1.171605136580042	0.1646920326657247
0.7229348637011268	0.5292413761870833
-0.4392207296187402	0.06333977390042413
2.167805941088561	-0.020964110145677946
6.602299384942991	-0.003102601018853464
-3.2253838494630473	-1.0490041332110793
11.491262873145416	-0.010749914949822362
-6.812421374135436	0.04955922115729337
-1.5182685193858043	0.1513573355372112
-5.312617327894367	-0.02465521790587204
0.06632514107297557	-0.02746920001561482
-3.4177563326467455	0.002557875219223369
-3.8867123719136862	0.08646637366198906
-1.4975835161060107	0.054246835648654707
-0.41457198223677827	-0.06571003032711321
2.758268130152876	0.10391973915463762
0.9041265234630406	-0.16689049738425035
0.23390836184337602	0.016696392034318067
7.491074069866578	0.4473534265588329
-1.3476300473140401	1.305932610634358
2.413819806818558	0.013128239211716977
-2.646454039955123	0.08346058205128819
5.315629719700717	0.08814724139331317
-0.8264477501908558	-0.07301446136860046
-2.3172803063574174	-0.0772042107054665
3.653176675709944	0.02418499969977865
-1.6761604536359433	-0.01651947040346588
-4.47212432492828	0.14346880369898093
1.525523644388018	0.13889947477660664
0.4964781310719116	-0.004795303768959129
-0.6972267331706689	0.031652299618078555
-1.7416414936157791	-0.04448926107058193
-0.3002418212019707	0.013137301582167273
4.025144002086058	-0.005384739457405998
1.3099108503489103	0.39924701093910664
1.0848864747460853	0.10277081107450534
1.314280615954107	0.09738952215047171
1.1417537240932458	0.0329353183008398
1.461469920312707	0.1292259465793715
1.317137657692775	0.061456360644923734
1.8284108893337838	0.033604495280125074
-0.08885111437030495	-0.056021250258620696
1.0546218020031157	0.026986190656021918
1.3924859968134553	0.2535483782703499
4.248241155217566	-0.02327207676612177
2.992195685495789	-0.0029438723291065963
4.054723023120691	-0.09773462381978854
-4.581873104302039	0.015989430400837393
0.6783288410329689	-0.050685763453332186
3.2074373116143464	-0.035312536031922366
-2.8159056223090713	-4.3198292507281135E-4
-0.8734476565526491	0.002630424648181866
-4.472188086837862	0.02960814210888054
3.1928632230521825	-0.46414232618260226
-3.822906232636475	-1.86417154868457
-2.4704361378845188	0.4568758931914348
-2.973478445280719	-0.08797836410032249
-1.938584515853706	0.03638995158406387
-0.3114696922254109	0.20105130314783773
0.10320480073062847	0.028410786300402262
-2.8011048247199692	-0.05494381427979777
-5.384019011709031	0.025107397001997652
-4.63846904599514	0.08489132101955559
-3.916708606709055	-0.13869916480837294
0.43971023559376365	9.248622428376769E-4
0.3346487366733068	0.07774678682344531
-0.019044555731705503	0.16119093648344204
-2.408934479768672	0.07028002793752575
-0.6600917974824322	-0.44276040137890915
0.8793520652979215	-0.024371781906057776
4.962456241300655	0.0063808147411797385
2.127986521305936	-0.06468682874803
6.036472259105762	0.07936013767701205
-0.7521425747466305	0.20743135531626478
-0.93471757833354	0.4576571450429528
-2.905795484396599	0.0932061176580863
-3.9813080310772637	-0.0029576685604093887
-0.08973853733461343	0.10377728055679383
7.665817216123095	0.11517800174648114
-0.9368936535538374	-0.026453401360786253
3.2263239757728006	-0.12112779310445766
-3.5984950267486995	0.04581460602430215
-2.8051874384696327	0.2399662414611891
-7.304582096477345	0.10553852129429908
-3.3259110493153363	0.16285599669213296
-1.5079876498526221	0.006803676575084148
-1.7114149371975047	-0.0034066711113520057
0.8560047489875068	-0.11419124513657543
-5.723640569456163	0.028014982791078065
3.8988426540000645	-0.028902233189421977
0.2121143957767594	-0.0381037695952351
-1.261064764070515	-0.15050777595576945
2.7891680453897263	-3.777322010858139
4.656933215014327	0.07413994739740343
1.5861068958533648	0.11289475085223293
0.35340121324587775	-0.2564232504375104
0.05431357519922208	-0.11432841506898772
-0.3140708509667691	0.15031581083818674
2.3974171014468633	-0.011179535596214676
2.9682791500278642	-0.05318390449714697
3.959682977151694	-0.0679125626702581
-1.2206651357587905	82.1332402011376
-1.1170284178939145	-0.1041270926397277
-5.1425540564790655	0.030992773824780967
-1.9164266838700421	-0.1808311752113228
-4.939171891324694	-0.001942222034719657
-1.0100934565392534	0.05323865869619602
-1.4594092187580332	0.024956605529677312
-3.7153918075099366	-0.20022264696671555
1.4768454044212995	0.08871627020224707
-3.5400082267743658	-0.03568650204353085
-1.7070234199092562	0.025828164701989162
-3.0081333298832136	0.01656931259637565
-0.9967669842613577	-0.015822445505502
2.763778460032267	-0.0634526792513233
2.541250102652978	-0.003513266093351326
2.816292138486775	0.013898932186036552
3.1242155338563466	0.0540523070563079
1.4882005531983846	0.03844856200856195
-0.6868187233216213	-0.0678873837782533
0.22281929376933243	0.03442236867649519
2.616252786286251	0.05391466862801666
0.6042458141892255	-0.05341688204262172
2.4142398600009307	-0.08299403923652059
2.7041420866276176	0.17679405817070257
2.1797940759846925	0.27873800379855335
-6.189927912303271	0.02827359607702323
-3.6825150862568714	0.11650753592025048
0.013988636972217892	-0.0566624562666976
-1.0078627063045826	0.021535205193523557
2.8307918105314283	0.03538318212218932
-3.721811276069319	-0.01596245113815482
2.542476856344089	0.03482889312233998
-0.3665957155765794	-0.03772517574066587
2.654777883330427	0.2132248269514105
3.640782783985496	0.054207055244698994
-1.017962910891002	0.019042687233826218
-1.8998780277976277	0.12609187774202893
2.5685412287407825	-0.046489740542475254
5.981513000628558	-0.03913010341282036
-6.1041806991013745	-0.0421831327505079
-2.0664309074100298	-0.11810384061514265
-3.251876442151647	-5.255394043647675
-5.371511597354685	-0.07142895886259858
2.0676359634143244	-0.04967503085690105
2.798004575087607	-0.1866165608616709
-0.4949070598223563	-0.04948210721478097
5.3510792338237545	0.16660079860682225
-4.0364457179522875	-0.03985295535618186
-0.016296013567021213	-0.2954555190617289
0.8153961618133665	-0.0463855831250463
-1.4597282210805522	-0.005618186714137866
2.4111110830023144	-0.07827429125844965
2.7740648556164484	-0.07813488150472762
0.8019235144715153	-0.4473403367444503
-8.057450895337729	0.019290449610738742
0.07357050485251339	-0.06770423366461756
-0.5619031914101684	0.04955726485545006
0.33826220849310795	0.484650193036031
2.8168354644091105	0.011935929998866359
-3.380250116041685	-0.11174670063820039
1.4053288696334056	0.06082375828493343
0.47562890645441713	0.07081742574559009
3.844822279269217	0.03484554340768696
3.956275416689161	0.13119418379046002
7.529542018599584	0.05191665554040716
0.881612072593811	0.08133395728991659
-0.5570676258429824	-0.19429643069534777
4.03115885013533	-0.07770764250365089
4.702183795154216	-1.0789573079695345
-6.671177332719642	0.3546746431899671
-2.332503420217246	0.37073143195091596
0.9262058197738683	0.026009484349277495
-3.596332557224568	-0.0248135135911661
4.546861692839739	-0.02453214262575609
-5.3051705101426485	0.038172757444431604
1.808329641306085	-0.06688720352620466
-1.2310275314116144	-0.0019062784791553428
0.8495679235618075	0.04644198284962227
-3.8678741605464846	0.18780912454949011
3.9819407893265657	-0.010642415201139527
1.8743029919066898	0.0366960758796045
2.5204690346613883	-0.006741997569277666
-0.8062032574684386	0.017766519239914222
1.7802186850957353	0.10110461071242503
0.29358232997599576	0.057206752913705125
1.3864000767589526	-0.10635719593646388
-3.2507677386365637	-0.2022641235827083
3.582640384536441	-0.1128942891528492
-1.2846710703436515	0.03659463657538378
-2.3704266553486257	-0.01915232698718068
-0.09497028051482274	-0.052245996402634
1.0888760563671704	0.010900191544439502
5.91353752622665	-0.0654166484068898
3.37094420213672	-0.019690147468258323
3.424844127751408	0.03535864396050472
-0.408651094103157	0.14456439351707676
-1.1600624099649484	-0.1717135247935192
3.4274775111667357	0.2509192178843971
-2.584228032443024	0.08611097551173529
2.547749941486434	0.00644392580225522
-3.501615378783241	0.045017918828994585
1.364229241575528	-0.26213481221786017
1.6270192444914051	0.017410673004497664
-1.9245832023041085	-0.09535569588752096
-2.1061904016235573	0.008583984224488358
-0.9430054933172916	0.015228291585076036
1.725262775114918	-0.0018272993714032466
0.07413026557972242	0.060473132171019905
-1.5706255013046402	-0.13635924867490462
2.2188812675338703	0.06242126872807069
3.0413590148424134	-0.019201201917699716
5.169706759436257	0.1911501477759727
0.49423094960021624	-0.046704593943985226
-1.623136113730754	0.042940337986384365
1.4246695985874451	0.09997691651136531
-3.4440279970117036	-0.06407956635191854
0.8994399622101411	-2.0411673192711572
-5.572861228186057	-0.020390357716359102
-2.581372245238036	-0.03561552747538583
2.5511086283657134	-0.022433133369372586
0.9006050209877554	-0.2986087828087204
3.1607442821185017	0.1335417717453064
0.7339281819978474	0.4393132579586944
1.7947796199637116	0.2193504487571391
1.0268396474647647	0.029178653134211162
-1.7330143398881868	0.030033654616063648
-1.9037144387791785	-0.014915818196286677
1.6293625151537536	-0.049841383449170815
1.3084043250275728	-0.006111179456924465
-1.5307129368596986	-0.013884969330743823
-0.6692760224400955	0.04413403696418405
0.8747950258486616	-0.0850309348887458
-1.947450944399455	0.041109282765896
-3.697583808831975	0.21924975065066163
-4.662345628588119	0.03804829462393045
0.21621833700716728	-0.09147076619101088
-2.0505225258943423	-0.006568755884338498
-3.6424888518477307	0.0014064872732242725
-0.6322030159292711	0.4070794545038247
1.3774612173736307	0.005568278228487549
-2.8690235321675637	0.5143422305909197
2.7350330255727315	0.0827765650238971
-3.8012445091871814	-0.0553957619302294
-2.561518631907007	0.08002366931812419
1.866479006137522	0.02545927053354607
-4.168233962418011	-0.19430893558969375
0.37131935212467926	-0.07210616201816415
2.7549849650346143	0.011842219134801062
1.163343092740209	-0.025185273597816967
-4.8189638638077	0.054463315591268116
-2.97060785157635	-0.09381012553094152
-5.243313640706261	0.07029416906386364
2.362150271472576	0.06975510663789156
4.4529857466480065	0.11546448461049884
0.38398934044054067	1.2624799806361358
-2.826438142300292	-9.75376014540808E-4
2.874551902335934	0.10201971771396869
1.824660788481849	-0.018018516404036924
-1.0061642556107606	0.17226019379419633
-1.8005638482312365	-0.0712877408590685
-1.2272407502193863	0.01089720976801061
-3.2880132673821114	0.03442745718545657
2.3798300252363225	-0.05644257883034351
1.3704231066204555	0.281508440165929
3.5618115732793365	-0.20027016283068366
0.6234949465137524	-0.044871521980286565
2.0531096721587057	-0.1053713016811776
-0.5094811771315103	-0.08865366989042361
-2.504937354768141	0.030249080053171267
2.4068182517601264	-0.05105129494908939
5.62988091664053	0.07134307640091146
4.25015307583453	-1.1788336718867691
-2.9587316014663103	0.01308743453153581
-5.149392652132163	-0.11590963660717829
-1.3370657292479107	-0.44960899015378836
0.5328516508663743	0.07498636119406099
3.1328321805212265	-0.02734331682999138
-6.827184510758187	-0.003484608408389056
0.3805501908551458	-0.1183555279746804
-0.5918718206774529	-0.09075003378206638
-0.08605703022976754	0.07015943223801452
-1.7817742706326891	0.6232238059542674
0.741235325825892	0.15211357859426908
-0.9548854064594038	-0.2643627696159763
2.150252610634342	0.48287557107035534
-3.425953127475655	0.6975776411348924
-0.9916233897131375	0.039921348723984416
2.706032785949788	-0.08997633975371018
-2.0203234949744466	-0.04242508867549827
1.1799681667325002	0.053462694414328736
2.41053612671908	0.07894535442442241
-0.443022639118197	-0.22137659177110788
-2.3619573856606406	0.07072242805241791
-2.1397640480049827	-0.018029562553752786
-5.991236315305755	-0.08037546485485308
2.8979125119235842	0.07043324840870717
3.3915082071928824	0.08535173886040069
-1.879224546386708	0.034227679641397994
1.3392976026319028	-0.042440683979276535
2.294401849155938	-0.32243250952307895
4.331208252875658	0.04375700095227247
1.938072246353004	0.014590035334758646
2.3019345254034427	0.14325907926770742
5.20273393077967	0.07177999575963556
3.630764747250257	-0.04349247631660973
-1.3112495106044078	-0.024093188110973097
-3.028385452816367	-4.681427632421787
-6.053243540643305	-0.008429555666260014
-4.9537837935031845	-0.07465716553590862
-0.8934829944382884	-0.14617826286085184
0.7184201258274577	0.12796588843464599
2.235242768135522	-0.0019975089722465006
-4.081590811418921	-0.18633461336287144
0.1000547081982811	0.05761287263212788
2.4132621026188548	-0.09391890785057147
7.965514865473723	0.11290752714652375
0.19280992633057034	0.06781257018465792
4.189360359052484	-0.8666619431351945
2.447314200700631	-0.07578264584358116
0.13522441149007697	-0.11135960723887828
-1.268239497260155	0.08232229574758532
-1.2342949949868054	-0.02850192206675838
0.3677368736215127	-0.03706918920990233
4.55905487174084	0.07032754862058936
-3.1701529753598194	-0.0053500187863542836
6.603055921990395	0.04085935999430147
0.24871371783464788	-0.08984982651655994
-0.7699831010275108	-0.04721150602893807
8.254910084390605	2.069054038212727
-3.4147289394340246	-0.039457972464114005
-1.0148137207806442	0.0876849325189376
2.5390743847178356	-0.03153060393635557
-6.5059958673823965	0.04707756651111001
3.674558695746553	0.012987716746950349
-0.6226228767377172	-0.02251117355280952
-3.3078372922004493	-0.01892639272634041
3.958689430978374	0.04183620626339666
-1.3200541656995297	-0.05189271033529993
3.7001913257961334	0.062088355037506204
-1.2835509612943876	0.0023403812676600416
1.370801794495774	-0.023942850202488788
1.6730570590052238	-0.05132559618898851
-0.10463069241253319	0.2419153161600206
-1.2090641792115158	-0.09176716012319514
0.9261671622158003	0.11554713020657326
-2.1031398875254967	0.003435995447387969
3.612162384857125	0.010345837348203242
2.9302927676642274	-0.0856508467242688
-1.488838192205002	0.10823126863995977
1.8080037344800755	-0.15312575206227622
4.13728803505219	0.21558452565844133
3.28791922844308	0.3345502162099538
2.5127692377775115	-0.08341329637183079
1.3084909902215085	0.04609145869745689
-3.9964062597188614	0.5893615461141478
2.40587113046309	0.061155314981439945
-4.051244902696287	-0.05984641264933141
-0.04582033731338908	-0.13795204160408203
0.4893766929418492	0.02397389488591014
-4.931056163529234	0.13742430511911827
4.1604829452774	0.07799898853044104
3.919382180214107	-0.017056980750793413
0.5460524351871867	-0.8976733576661423
-2.645445788671283	0.032722643578104615
-1.2108736046043616	0.04358009364370146
-3.8835864953169517	0.12426352661044589
-1.6006039018695208	-0.06119024031959899
-0.5547118269816749	0.035915558686844276
5.619015573726986	-0.11518953891950716
-2.4350100281874427	-0.19709890184099435
2.778154179958855	0.04731724819862661
3.6075426454561503	0.1174192003544153
-2.144990424308279	-0.03717091305909073
3.293421671108965	-0.045765223373518904
3.2453195690122896	-0.05865114573014703
0.5487202989694407	0.03990092186437268
2.824364859767376	0.019285791024990374
1.1594217690708986	-0.12617568336648943
2.9627066565803637	0.027257012136289022
-5.099268287596235	0.04210841756838171
-5.54985637915011	0.2175123217608135
1.4088207120918532	-0.010158344781263196
2.0533155464384576	-0.11424389133889624
-4.509825915846402	-0.012867135861123721
0.8587927336405407	-0.26910816195747617
2.24256894423025	0.12593733265554355
5.916794231128095	-0.026927508170379002
-4.3606662964298195	0.022042203015361746
6.847230431465902	1.4544070929321347
2.8429709891530286	0.13919396585578037
8.770628805267236	0.055602626427302446
-0.54211059774336	0.13644538170988701
0.6612238637095698	-0.04497481239969322
0.4093401470488205	-0.010744434239052407
-2.8411161986641784	0.07299137117075673
-0.5276335945101372	-0.13463501118038002
4.970196398073622	0.13038152478135417
-3.5306022755662916	-1.1101005720516268
-2.040856006427007	0.033160118736935786
1.2282627492820584	-0.21864589124067088
0.33375467064219155	0.06991415256570059
1.5122670383150467	0.034629559174977315
3.867384643823029	-0.02568631962504996
-1.1500698040371184	0.11960187439067677
2.2330354899776275	0.07982393781529641
-1.9632943301551693	0.027061846892455287
-0.26284074633408344	0.44827451585793393
2.1671916109548994	0.03793020925404863
1.8517727357882092	0.07019796915400373
-0.8169077282726229	0.055852508870355505
-4.239509785189594	0.05205987414648912
1.8676226571843961	0.06324345972959164
0.3816621363566471	-0.0071513801851007105
0.9573980493555316	0.0029714137669531304
0.13721503998822715	0.03297642362179518
-0.333288977443483	-0.009356149610841344
3.6994735863613544	0.06949476901472958
0.07656922817527002	0.02895710561748856
-1.4162896118573418	0.05834633903883631
-1.0800857371333532	0.09701304352125839
2.374325271551298	-0.028322543900363675
2.381684385851942	1.2308772356232824
-2.828965679752926	0.16263545174718386
3.673179364863582	0.025688729851216393
-5.42566654514699	-0.5101405412291407
-0.5715526371027331	-0.033609330071827974
5.693285311485225	0.17251733935614624
-2.549253733556369	0.14920309653869518
1.8995515360120518	0.15419369218457732
-5.20373500342373	0.002686875966366656
3.9072809523505128	0.053258667623652424
4.324593081799587	-0.06305640337549136
3.6004689649490373	0.046199843652536494
-2.4509119860495385	0.0996700072208616
-1.7892678596641989	0.02733436653754375
-2.6037344680667074	0.23520441972876371
-2.0748466130897283	-0.1265250316765633
-2.272535120957136	0.5942044350447081
-1.3114218260088921	0.09808759998885973
-2.262236985726938	0.036002766141648816
-3.4149848545675168	0.05560379217045337
-2.3141542581913996	0.04855651561067856
0.27735145146548495	0.04294143592238191
2.142822132632817	-0.07880244784403928
2.7370402221040133	0.16064012661442365
0.5954627201650499	-0.13348394153756182
5.174914390699881	0.5126724316098322
-0.9699569317904202	-0.03122040567895502
-0.4009194285544978	-0.07832899618973516
3.743096276031524	-0.044220872920237436
1.5307533893362095	0.054223006221326545
-2.72178259500178	-0.5964752105734383
-0.5496461378614166	0.006913290543870052
0.8432144818722683	0.004034561923482271
2.0279159263917155	0.07356641099658451
4.409245215467823	0.05632782035755024
4.173361299772233	0.13709349088189066
-0.6515922747379119	-0.05766670977526802
-7.350531370994523	-0.007652645449763997
-2.8979224176037293	0.024481278536781996
5.988502280486937	-0.02517524476049925
1.607296432578645	0.09617084886197189
2.957886283399634	-0.01887078777306605
4.006066000816621	0.10399446409362113
-1.1852357982154005	0.11602767726907637
1.3842013967553206	2.911637427983792
-5.449803437355117	-0.17710370433584074
-0.988410991826666	0.7622469842895622
-2.7448912327055526	-0.029116302701633567
-0.004892402154114097	0.028578790309690367
-3.122812828399592	-0.21771465363158277
5.339334758545558	0.44139200878135104
0.5307088158293753	0.03054244488115283
1.2486308948241052	-0.06407971292895942
0.3405683695924847	0.01763030043181517
-2.858445761938433	0.05747796975757236
-1.5508884406264405	0.049909962995091664
-2.5609271206982496	-0.03965145622566051
0.13371668093669734	0.07821910050859936
-4.292878227333937	0.010477325269986883
1.4322846058699898	0.15699680232141155
3.4305808473464006	0.02377179422787401
-0.8642708039944452	0.03101079309261001
-1.226301003395435	-0.07260307311133996
1.590389877813894	0.04856769601429921
0.43652264418285214	-0.20958793282627838
-7.725753649239308	0.001180520646908691
-0.1628308917209037	-0.7642226408798998
-2.7643854838411346	-0.16526350620200983
-2.789486408648765	0.8872032659806036
0.37668151281833473	-0.02772330769033066
1.0546697967982444	-0.0182017452405142
-3.419842927563045	0.0296007898199867
-2.321644315337956	-0.055453776981207535
0.04741996638957835	-0.029842563857379326
1.822618843234197	-0.027037256469678844
-0.4762469565565375	-0.009105586264650332
4.868411990941072	0.03467619375374732
1.3131060032807789	0.014102622522247246
-2.531836533243145	-0.3526536205014672
-2.5305633970059063	-0.2565151299620669
0.6534722157343559	-0.07245178429258471
0.5896312457921562	-0.01208292949130899
-5.139252877884381	-0.00936248671418193
-1.8355240947687719	0.031123792407518155
-0.5414702194088026	-0.03951441338250266
-0.9005215939714656	-0.8388073236496697
-4.019143973532139	0.04080768471920367
-1.0249750420632089	-0.0017070116312882014
0.6317228275310988	-0.12065135380079904
-3.5697583641403146	0.024988268188686293
-1.6380771183620557	0.11113013969377954
-0.48352454746851853	0.327271259129721
1.2637194822544073	0.00888529689278527
-3.838388098827241	-0.10259426922537024
-5.539436826248428	0.05761072616471554
1.686601453042046	-0.230255065908916
0.6788833010459995	0.021572659823288758
0.08922334689376425	0.07833443802580994
3.331160300591402	-0.003655883348135114
4.921601165751389	-0.039199227255643544
2.547803210643307	0.05388922687929643
-0.8894136315194046	-2.760031601517321
3.4680850095514186	0.01598418783844594
2.3622308325336365	0.8538142403414125
-1.2876963028078745	0.16148793748189175
-0.8501415001468308	-0.3518744217020329
-0.16862279572455807	0.1579937552591977
2.5623291117876636	0.11169342605979082
-4.526624638886427	-0.03391079780031912
-3.36435545721023	0.7253913177773047
-5.243591432187585	0.08353200079130056
-5.047707282361511	-0.10103733300758157
3.569207928433387	-0.046290696145942216
-4.229733137126511	-0.23222457367971144
-1.8390875711562744	-0.0708127123245814
3.997479585979778	-0.01579387095722796
-0.49152983340311834	0.04948767591025597
1.0018030287094326	0.21960073500324334
1.2006384296360562	0.005541178235632383
-1.1433598254443247	0.045879555668079365
2.204097277331342	0.14132374411909127
2.53275617687219	0.2293085301037635
-2.479250610106519	-0.0633933917642428
3.8501670411504074	-0.003980535161349004
-1.7871980387088087	0.1479050564018603
3.4613547569902003	0.041810454188134435
1.3595960397301923	0.15392369434265282
-0.47461378828093154	0.08249764065124432
-0.7216167070710358	26.747090089039833
3.2265888369552544	0.0040123827550598064
-2.1864551067534617	-0.05136647270770505
0.8379467419665417	0.03912975995299134
1.895389018578119	-0.020570577713292664
4.092294075349314	0.033448895225250894
-3.8702012496329985	0.07918850510247302
1.8827230501828753	-0.052579279138922824
-2.4735215421649377	0.050753749960117917
-4.148899434461485	0.007645116766201642
-4.479306021759472	0.0553189842213644
-0.7305569142615381	0.10341415381070283
1.5102382976022617	-0.546113027362558
-0.8986386732045186	-0.12732036282061912
-1.4405324481496729	-0.0970959554535772
2.646697925453089	0.0422611268919338
-4.189637812416322	-0.05842738418348661
-1.5383995020083878	-0.10402245757618331
1.412713684949302	0.23487939369826513
0.8946037412921135	-0.01055952157735203
10.04014616867781	-0.020219503102458753
6.942053904103912	-0.534298312594416
2.195646304513478	-0.040829803983255156
0.9131944499322596	-0.03758290561912131
3.883719148433966	0.05601971456960934
3.125245559351321	-0.012723917501877062
-3.0477816494618692	-0.42503957881610666
1.5358441245766539	0.12836395024924982
-2.759127385368163	-0.0795729509118856
3.1221768888044075	0.008373483070151972
3.744538644149277	0.015757220693051723
-3.4803421735035873	-0.015373452688403087
2.0383767017608596	0.17610979560682766
-0.16466282265038884	0.014710042749179088
3.026019153849149	1.7691906865659957
-1.504725603976553	-0.0601330402319277
0.5466654323028864	-0.12943587359546005
4.468847069180122	0.08747736445247069
6.491707989464365	0.022777293527597657
1.641424806760479	0.054722022982859976
-3.3660208139486185	-0.06626362809955888
1.8375773375123765	0.11525812967207712
-0.38809000682320105	4.5937342572771166E-4
-0.28694460094329927	0.1252044951518137
1.6609156165195769	-0.019006352463151924
5.3753075015672644	0.052917665732841464
-3.845354803330516	-0.06749447610229846
1.0414234277585377	-0.005993465954241954
1.7094373620202727	0.06578596613514048
0.13734743676336383	0.06578427875214356
0.5438845737917006	-0.004969685449418277
-2.338613807082881	-1.2248787491827882
1.643265418676233	-0.045395285450553234
0.1925535216220743	-0.031811609356659096
-1.2870023123853382	-0.11542404945775922
-4.58875061119245	0.07397987584916008
1.0844174179936037	0.16893179531047625
-2.7415594243705708	0.24026909459182047
2.5771821197834623	-0.03948035012621856
-1.0060903415573457	-0.0012048233021359422
-2.782929514462229	0.4266926985682976
2.6196647001779283	-0.04069614927977332
1.123251971274747	0.03078504707470174
-5.295205160499471	-0.07652615955086547
-0.6200253339800976	0.1934143598502162
-4.493850593322931	0.019154437345345825
1.0238095611541316	9.982011864104225E-4
-2.5220091958451936	-0.12471458190253723
6.563590397388986	-0.08449630409243222
10.00229495878515	0.7182376003600974
0.23632143285636367	-0.012196380755868123
3.0039441778630063	-0.09755544941274213
0.5204199374368698	0.9473769366790434
-5.694129614484281	-0.05263858232868663
-6.345012667919469	-0.12698027405724846
0.9080563999375661	-0.04958640012532104
-0.4317079053867158	-1.8553424898414466
-2.6354661967512705	-0.014772719470773054
-1.2078806422025559	0.35069569078424695
0.7868239881296041	0.009670160446540498
2.8893549315433864	-0.3624489131249621
-2.883477998243123	-0.2507640375705125
5.405850041476184	1.1733600365606978
-1.5920928682956639	0.0076562444459655436
-3.0740145862428383	0.03246717159481166
-3.957553711839612	0.05008349174622225
3.6158326206053983	-0.0588037079865928
7.683541821876322	-0.04052383399333088
0.7626345915536109	-0.04198254368058764
-2.377292046667577	-0.034248309285224564
0.6425830797351334	-0.1005147205064118
5.334484624415702	0.03674365977126345
-4.2776517740623	-0.0763790761543219
1.2496083026831994	0.23532566697283025
-2.2739506139095145	-0.03474601275566992
-0.6949354095235987	-0.059554417635905015
0.7559324184751778	-0.00216578731443185
-3.1068002607221596	0.15271129166771635
-3.7517899258727043	-0.01648726149793299
2.271663331757778	0.19749610077695395
-1.2146794210990717	0.41420760663049017
-0.2843319642963846	0.1281703759256942
0.24643534834902833	0.017329682043846013
0.8001178315020651	-0.05216480764699629
5.434207140966879	-0.05113533605808631
-1.9086913572209578	0.053715531237087076
-0.2756452428800585	0.0594723853498446
0.3168875146572973	0.058774504578734225
0.8329139692227495	0.018374290320769517
-1.3426734825397755	-0.01935908315266787
-0.6978513228697167	-0.08095898641957626
3.3688456354550955	-0.07973937349306216
-2.3663354259316334	-0.12810422041146463
-1.8091366284065646	-0.5578589242005723
1.5861289045146134	0.022540963660271723
0.43511311069182745	-0.005715085087633445
2.6346789896806504	-0.059973074517283786
-1.8576303659787954	-0.05230066564893498
-1.012223187665857	0.023593189937013682
3.1814455169546054	0.05699743325544359
5.77606748940972	0.03575634553297177
2.677629709624893	-0.10137556227962688
0.045610303793490285	0.03174537990322833
-5.2115259009497485	0.07695266556378672
7.70720657442106	-0.021322036468830557
-0.36204357238836854	0.012520293055505822
-1.8566996846326407	-0.19681646957430787
-0.8488857075625486	0.027440110943590685
-2.416125889794557	-0.08992285467237533
0.8256988709469465	0.7135393684184939
-3.9646850986174953	0.1646754736922202
-5.015666919437787	0.04976431695381589
-0.8322555544155893	-0.024490748653389027
-2.0295384871470623	-0.016227401698339427
-4.691578207225584	0.014996678708553113
-1.9193264268267942	-0.17356720751509638
4.300564732412947	0.27574477579499723
-6.22127608346055	0.07662685668525299
3.862953015968791	0.08191580313870576
2.2433477945981934	0.0903580438737034
4.192766081402096	-0.032753940152190804
2.4440749727989903	0.010717795328267905
-0.22616737725296887	-0.1747395561543617
0.15003551622565364	0.04174213722211563
0.10467786100999205	-0.07460165270021174
-0.4889555144777565	-0.009672523407133971
0.11477241923665463	0.006799334206058584
-1.9340102236701555	0.3792199168461426
-3.328244123971279	-0.08911319256895003
-4.454428520119356	0.012114827382211773
-0.45988410560061854	-0.07430135681233589
5.085091863251846	0.05444938057441006
2.2726106536529027	-0.027345438839877327
-3.231605683026872	-0.278534281042005
0.6901573294523519	-0.020173755250912494
0.5385354322019179	-0.027139327669126318
2.1623638927230755	0.04815102821010156
-2.714329145746972	-0.031216010184269307
-3.1784634260184257	0.28074604169575984
1.4373308635268127	-9.340014639386873E-4
-0.8900068821119935	0.060015522499729516
3.548277341993233	0.00718356120842891
-5.539860267825884	-0.040155186292473104
1.6836031164523795	0.6772142005972269
-3.356581217903268	0.131471548288502
-2.753166159469537	-0.09914323293342295
-3.1295223674834167	0.11301506025584855
1.5404530340073883	-0.033279735862590684
-2.705425333828301	0.0062759457883545065
-0.22991842293771697	-0.12107733190055298
-1.1504139517800123	-0.07014599543555226
3.7809268253242894	-0.03370552794838825
-1.3562055721434623	0.045117611590598336
0.5978742137614548	0.032026879928346436
0.5959008750498893	0.026521308119083008
-4.353173475505355	0.11971171114788118
-1.215297670043463	-0.301711238735283
-2.7574833226344166	-0.08900876085079253
1.6921174694208871	81.03097032143408
3.5089880639967945	0.06093953497968263
2.9062069846446383	0.12572369707276393
10.180028868185545	0.01633339339189623
-5.567033358374607	-0.06738318905967937
0.038404707202987325	-0.09412260398430942
0.09888150879098781	0.07493701120195104
2.4450026104825184	-0.02648535789143697
0.14835474523330588	-0.0091256418882081
-3.03472534508767	-0.0690790815318439
-4.634110060433767	-0.2939622352391902
-1.7346722813830764	0.006989692705677591
4.358198371791182	0.04107686701024165
0.7376937674222283	0.012685706544268106
2.009793353020173	0.24685432660082537
-2.1316747080429326	0.05153470848561149
