x1	x2	response	response+gaussian	response+slash
2.409738620476557	1.878535982511468	-1.2144987489776773	-7.075156362358252	1.28084663743504
0.5929805202731693	0.08492855869775884	3.340925968111365	2.356035163775924	3.8944525989820766
-0.6077540023310313	2.5830582201809635	2.9054876532345006	3.077855909149763	2.8980334055142256
4.725546523684573	-2.7343955822840336	5.5089300634546845	7.119806164333471	5.48116516134689
-4.376186073892708	-3.0294124823175594	-5.628482717839341	-9.938434695460328	-5.7721761642832385
-1.3641505558453004	-4.318431681210652	2.25407469270212	10.300154062913343	2.3730234092286677
-2.4123955811122464	1.211396835126263	-1.4060138682114673	-2.8150971561282727	-1.205642593753555
-3.308111202074795	-1.039373052770486	0.5039738530696634	2.4744246472680542	0.46055113914979035
-2.6712961320470408	-4.920305307934721	-0.5612403457320894	-0.9659967772740685	-0.6466016929265759
0.5429699100560708	-1.3266469043285012	0.7493871305619296	-0.7798650317107	0.8139385674824148
-3.156345442985775	-0.5720098745475415	0.07442347189441306	1.7594574725350247	0.1197104758584282
2.6756717367858034	0.35991039623485577	2.522771075864833	3.1349211995073722	2.77024531440001
3.9441077531331885	2.1992536928715882	2.536564383002931	9.465156857189271	2.3945076658178897
3.201290773379448	1.445048425743436	-0.04489619162701674	1.3062164481471148	-1.904137635370437
0.09417380260515351	4.338267510574653	-0.2061925781540358	4.756113988301101	-0.10353483028918604
-2.0231248193871556	3.1692590265360217	5.394525869383639	3.5671288103242826	5.424291668799879
1.3167425653615341	4.512379745967603	-1.1538066744454305	1.4250626348235875	-1.2857166503962445
3.7889140982977647	4.49416281753048	0.7833578738150901	-0.8187993386533243	0.8724788632570354
0.4222557916473928	-1.836793849930646	-0.6463794871826984	-0.12716592184212694	-0.7521445106075497
-4.481801151765085	-4.167228743895336	-3.0289806084979376	-3.9456928582795494	-3.042219645581805
2.5341111116298034	2.084659375615261	-1.6834476075607063	-7.74941171181678	-1.8718858494663122
0.956327298841515	4.410351850620316	-1.4583192539211536	-4.068981963682606	-1.4586098208449945
-3.831914859590201	0.458998727982447	3.4252568683746007	4.332657356496532	3.369156553723259
1.2587772382164184	1.0791976129036138	2.6954637382174975	0.3456254207891156	2.6765293054823878
-1.0311381268299105	2.081437498567472	2.5156775671928755	2.635776049430502	2.592199963366432
-1.103574245688467	0.490683567031577	-4.724877583050562	-4.869097064240772	-4.7494127986173
0.6149596412629013	1.3651626780132933	0.7068059233802526	-0.941646287730513	0.6853157832891997
0.40684262842914354	2.670568790242566	-2.1157217324212394	-4.118917184528845	-2.0915835145484314
-4.625949183210855	-2.3575480211717914	-4.232517622407362	-4.985519898179073	-4.304022497191501
-1.7513544478427345	4.248582484504359	2.6404999081732368	1.9003232424512553	2.7217011489883594
3.323871088257132	-1.7360944193254166	0.17896464144099553	-2.02279913041221	0.1720711009745065
4.626651226347603	1.8609083205613297	1.710052668550309	-2.288304005187553	1.6852041598839707
2.3496203773058983	1.0466314358848008	2.137313529629891	-4.819662979376806	2.0387749474362824
0.2825123396445486	-1.425737256078945	0.2417780615823119	0.9826400442639838	0.24242788265824713
2.686959067747159	0.7335571794437703	1.9571220774125073	-0.07389421628826764	2.0608648091185087
2.934985175541213	-3.4271613896638584	-1.1809970585818308	1.4269175425975946	-1.148046867738239
2.0004057926809438	2.2998655799617858	-3.633836242761415	-5.043448376966371	-3.690716664502312
3.3059227337026993	-4.1955372715418715	0.48502797289684124	-3.18372729366416	0.3884228818176788
1.7701488083473063	1.1788808843605416	2.2463677662426997	4.094824725598657	2.181544360379674
1.4825418199847142	-1.2001028373155198	2.1651120982652565	2.788038351181069	2.0393963789107388
-4.894017562053115	-3.2214388896111257	-5.88250328282884	-4.800595950768302	-6.036429006741543
2.7434697091988083	-3.5407075137589294	-2.143311003069204	-2.200552419187274	-2.1106840785804364
2.015286456930143	1.0210782648242152	2.830084212641284	1.0269836372526144	2.8207700600214745
-0.08447773889232657	-1.7576286421651774	0.09403711541117521	-2.735839149055459	0.04188711480286441
0.6226672452547986	-1.9382018124205591	-1.2569045419457485	2.179713855342545	-0.9659317893539259
-1.1698753847670726	2.9040117330270157	5.369037569328601	4.679689723321561	5.260382636014191
1.8720835455054736	4.830298729493261	0.6740269011250238	4.674137733817737	0.5587011724112363
4.512735005047002	2.684467053414883	5.2769985380056	8.953676953771694	5.084780877068184
0.837984503384412	4.5848953738114915	-0.5670540601054562	-3.540827261086295	-0.6422682678288185
-1.6344125367805473	4.69354239061245	0.11284411755740932	-1.8356502771432384	-0.3210585433207812
-0.06981605881399933	-2.71653426562756	0.3813107715483167	-1.5855246022959268	0.4287938159291121
0.7935215941227121	-1.87937622943269	-1.298939639109339	-3.9452059566190303	-1.203102663375488
-2.0020888643099477	1.2472011080455667	-1.733153017973179	-5.673784079129716	-1.6354585163522724
-0.5253808950761316	4.857536790251762	-0.43525474887248267	-3.315096781268614	-0.5335042110211203
4.621664820559477	0.3302331326001182	-5.652458256622127	-5.310550412193919	-5.644552331747658
0.7918230747389279	4.138785841887705	-2.3170645678263884	-4.298438415131457	-2.2072981335547133
0.7272136124750777	-0.39308180563879436	3.684534680641101	8.740022386171313	3.901364003701739
0.8186671677375914	-1.1161923425475537	1.9239082017925908	5.218438264735009	1.942694271371894
-4.935715113832174	0.4498844226315244	5.268807536207001	2.522332398682755	5.39072333984163
2.691694270236126	2.568445639955237	-2.1922832611504073	-3.5060214109039443	-2.2072013196466433
1.0631843697036958	2.7957801888103084	-4.93303672020783	-7.02289703864856	-4.617944149129373
-0.79590100716897	0.6579360155437053	-3.392087349881154	-2.8083962615173053	-3.4334257286507417
0.11579337806977996	-1.618013652337864	-0.032719301720297383	3.685146262321855	0.3089884115150777
3.0195818051702332	-0.09873136502028856	0.726693803716685	-1.3158932830145325	0.6928123794629514
-4.576900349696549	3.786386089763207	-4.751396438344651	-4.73911749116873	-4.710133800325791
2.032352623903745	2.1168681162732703	-2.7899485516587883	-5.207203398411674	-3.169562994906658
-4.790390999631785	-3.7863898754723637	-4.780749208452189	-0.37646944753686196	-4.695178049815006
4.088678139456764	-3.507884270216869	4.54721409710251	1.4674843516772391	4.682665455128684
-4.674298947968173	-1.854989795110976	-1.6810799388890985	1.3098742404322676	-1.752057844417243
3.5373197627240724	-4.125685817932098	1.2804505841550542	2.872797219940966	1.2388612041144709
-0.9578153746412932	-0.7940675745231509	-3.4399967521272394	-3.653131072767241	-3.488280991497311
1.8906607788272716	-1.9517286459590935	-2.117570413631205	4.369602853741712	-2.252177610996669
-3.8129803565777785	4.902698442723526	0.7060384594688792	1.4660679016026439	0.9997473235268908
-3.7447268452125937	2.575760887776264	-2.8729213429320586	-0.4147879846265754	-2.824136623308551
4.682369204860455	2.243028422478625	3.7347205487373016	-1.065031310571856	3.6076337737296105
2.130134507971756	-2.585306712458607	-4.318837001362439	-5.142991673723089	-4.349650352225842
-4.98914620202636	1.677461568972526	-0.6144708302170729	-2.5820621266147548	-0.602701320571673
1.6726486705010304	-2.7590889629181126	-5.5375506565664825	-1.695736988578468	-5.5181182236807125
2.1730791006016448	3.285670880104245	-4.893037927959584	-4.22484740734384	-5.007185992573907
4.597084695227224	-2.836903505814987	5.685635524701521	6.370065682429105	5.665541369262006
0.2942126790594157	2.680381518381445	-1.558121830396124	1.1710634574360423	-1.278504823103884
-3.5030010589327842	1.3513634789920133	0.46181118448666586	1.7348864145565537	0.5867490517091963
2.195591082784212	-1.2870548520452973	1.3623738578120963	0.47800546405845645	1.2948342684374043
-1.4273435395520249	-4.007320439593146	3.8485744349959488	7.495921565553484	3.882286599330777
-0.03196325076329831	0.7384394396739271	-0.14180061708098615	1.419763312253103	3.165976608608675
3.496426057757681	-0.058657974275759805	-2.0810196322178034	-2.2574946448711137	-2.1466672874107466
2.8667706243104387	-2.0655048437384673	-0.7730544629715815	0.07694225511647967	50.59619883771205
4.4635703626210095	4.450312650760736	1.506646305550678	2.144115125261	1.4433021034530027
-4.306489112783439	-3.033117765057617	-5.48008439481984	-4.09975323365809	-5.4583972996392465
-1.6471903277895272	-4.550707994667783	0.9630479296945821	-0.9508422109931735	0.7469083083081796
4.239546026162786	-2.8437890638172023	5.106540366015743	6.011133156139392	5.0813402504149385
-0.6395097815739383	-2.0220068843429773	1.5614323393612053	-0.7571157995767539	1.7242076931941503
4.334279623531241	4.223935153406263	2.6166868787218895	3.160963141142198	2.638378590351806
-3.5258595348660258	2.5881510497239457	-1.9135066878143883	-1.9988630067388233	-1.935678721910193
-2.4230564339586937	4.682171352812583	0.11933242912796348	6.674891259545978	0.1954333958482248
-3.28434800532996	-2.204614198652953	-0.5055389118446966	-2.766706263876731	-0.5282174333157993
-0.07512074140541802	2.9806772754267197	0.44448323313924737	2.6727634459293	0.4670540901266137
-3.788725796538005	0.9921102927223293	1.978449713043892	1.7496537764118634	-1.6758086124747515
-1.0300058687557403	2.6356556271636578	4.4993991453308055	-0.9988949997945848	4.412556503842791
2.835068417219926	2.6252578479309054	-1.5744561327700914	0.6147625418774574	-1.5454601236481598
