x1	x2	response	response+gaussian	response+slash
2.409738620476557	1.878535982511468	-1.2144987489776773	-7.075156362358252	1.28084663743504
0.5929805202731693	0.08492855869775884	3.340925968111365	2.356035163775924	3.8944525989820766
-0.6077540023310313	2.5830582201809635	2.9054876532345006	3.077855909149763	2.8980334055142256
4.725546523684573	-2.7343955822840336	5.5089300634546845	7.119806164333471	5.48116516134689
-4.376186073892708	-3.0294124823175594	-5.628482717839341	-9.938434695460328	-5.7721761642832385
-1.3641505558453004	-4.318431681210652	2.25407469270212	10.300154062913343	2.3730234092286677
-2.4123955811122464	1.211396835126263	-1.4060138682114673	-2.8150971561282727	-1.205642593753555
-3.308111202074795	-1.039373052770486	0.5039738530696634	2.4744246472680542	0.46055113914979035
-2.6712961320470408	-4.920305307934721	-0.5612403457320894	-0.9659967772740685	-0.6466016929265759
0.5429699100560708	-1.3266469043285012	0.7493871305619296	-0.7798650317107	0.8139385674824148
-3.156345442985775	-0.5720098745475415	0.07442347189441306	1.7594574725350247	0.1197104758584282
2.6756717367858034	0.35991039623485577	2.522771075864833	3.1349211995073722	2.77024531440001
3.9441077531331885	2.1992536928715882	2.536564383002931	9.465156857189271	2.3945076658178897
3.201290773379448	1.445048425743436	-0.04489619162701674	1.3062164481471148	-1.904137635370437
0.09417380260515351	4.338267510574653	-0.2061925781540358	4.756113988301101	-0.10353483028918604
-2.0231248193871556	3.1692590265360217	5.394525869383639	3.5671288103242826	5.424291668799879
1.3167425653615341	4.512379745967603	-1.1538066744454305	1.4250626348235875	-1.2857166503962445
3.7889140982977647	4.49416281753048	0.7833578738150901	-0.8187993386533243	0.8724788632570354
0.4222557916473928	-1.836793849930646	-0.6463794871826984	-0.12716592184212694	-0.7521445106075497
-4.481801151765085	-4.167228743895336	-3.0289806084979376	-3.9456928582795494	-3.042219645581805
2.5341111116298034	2.084659375615261	-1.6834476075607063	-7.74941171181678	-1.8718858494663122
0.956327298841515	4.410351850620316	-1.4583192539211536	-4.068981963682606	-1.4586098208449945
-3.831914859590201	0.458998727982447	3.4252568683746007	4.332657356496532	3.369156553723259
1.2587772382164184	1.0791976129036138	2.6954637382174975	0.3456254207891156	2.6765293054823878
-1.0311381268299105	2.081437498567472	2.5156775671928755	2.635776049430502	2.592199963366432
-1.103574245688467	0.490683567031577	-4.724877583050562	-4.869097064240772	-4.7494127986173
0.6149596412629013	1.3651626780132933	0.7068059233802526	-0.941646287730513	0.6853157832891997
0.40684262842914354	2.670568790242566	-2.1157217324212394	-4.118917184528845	-2.0915835145484314
-4.625949183210855	-2.3575480211717914	-4.232517622407362	-4.985519898179073	-4.304022497191501
-1.7513544478427345	4.248582484504359	2.6404999081732368	1.9003232424512553	2.7217011489883594
3.323871088257132	-1.7360944193254166	0.17896464144099553	-2.02279913041221	0.1720711009745065
4.626651226347603	1.8609083205613297	1.710052668550309	-2.288304005187553	1.6852041598839707
2.3496203773058983	1.0466314358848008	2.137313529629891	-4.819662979376806	2.0387749474362824
0.2825123396445486	-1.425737256078945	0.2417780615823119	0.9826400442639838	0.24242788265824713
2.686959067747159	0.7335571794437703	1.9571220774125073	-0.07389421628826764	2.0608648091185087
2.934985175541213	-3.4271613896638584	-1.1809970585818308	1.4269175425975946	-1.148046867738239
2.0004057926809438	2.2998655799617858	-3.633836242761415	-5.043448376966371	-3.690716664502312
3.3059227337026993	-4.1955372715418715	0.48502797289684124	-3.18372729366416	0.3884228818176788
1.7701488083473063	1.1788808843605416	2.2463677662426997	4.094824725598657	2.181544360379674
1.4825418199847142	-1.2001028373155198	2.1651120982652565	2.788038351181069	2.0393963789107388
-4.894017562053115	-3.2214388896111257	-5.88250328282884	-4.800595950768302	-6.036429006741543
2.7434697091988083	-3.5407075137589294	-2.143311003069204	-2.200552419187274	-2.1106840785804364
2.015286456930143	1.0210782648242152	2.830084212641284	1.0269836372526144	2.8207700600214745
-0.08447773889232657	-1.7576286421651774	0.09403711541117521	-2.735839149055459	0.04188711480286441
0.6226672452547986	-1.9382018124205591	-1.2569045419457485	2.179713855342545	-0.9659317893539259
-1.1698753847670726	2.9040117330270157	5.369037569328601	4.679689723321561	5.260382636014191
1.8720835455054736	4.830298729493261	0.6740269011250238	4.674137733817737	0.5587011724112363
4.512735005047002	2.684467053414883	5.2769985380056	8.953676953771694	5.084780877068184
0.837984503384412	4.5848953738114915	-0.5670540601054562	-3.540827261086295	-0.6422682678288185
-1.6344125367805473	4.69354239061245	0.11284411755740932	-1.8356502771432384	-0.3210585433207812
-0.06981605881399933	-2.71653426562756	0.3813107715483167	-1.5855246022959268	0.4287938159291121
0.7935215941227121	-1.87937622943269	-1.298939639109339	-3.9452059566190303	-1.203102663375488
-2.0020888643099477	1.2472011080455667	-1.733153017973179	-5.673784079129716	-1.6354585163522724
-0.5253808950761316	4.857536790251762	-0.43525474887248267	-3.315096781268614	-0.5335042110211203
4.621664820559477	0.3302331326001182	-5.652458256622127	-5.310550412193919	-5.644552331747658
0.7918230747389279	4.138785841887705	-2.3170645678263884	-4.298438415131457	-2.2072981335547133
0.7272136124750777	-0.39308180563879436	3.684534680641101	8.740022386171313	3.901364003701739
0.8186671677375914	-1.1161923425475537	1.9239082017925908	5.218438264735009	1.942694271371894
-4.935715113832174	0.4498844226315244	5.268807536207001	2.522332398682755	5.39072333984163
2.691694270236126	2.568445639955237	-2.1922832611504073	-3.5060214109039443	-2.2072013196466433
1.0631843697036958	2.7957801888103084	-4.93303672020783	-7.02289703864856	-4.617944149129373
-0.79590100716897	0.6579360155437053	-3.392087349881154	-2.8083962615173053	-3.4334257286507417
0.11579337806977996	-1.618013652337864	-0.032719301720297383	3.685146262321855	0.3089884115150777
3.0195818051702332	-0.09873136502028856	0.726693803716685	-1.3158932830145325	0.6928123794629514
-4.576900349696549	3.786386089763207	-4.751396438344651	-4.73911749116873	-4.710133800325791
2.032352623903745	2.1168681162732703	-2.7899485516587883	-5.207203398411674	-3.169562994906658
-4.790390999631785	-3.7863898754723637	-4.780749208452189	-0.37646944753686196	-4.695178049815006
4.088678139456764	-3.507884270216869	4.54721409710251	1.4674843516772391	4.682665455128684
-4.674298947968173	-1.854989795110976	-1.6810799388890985	1.3098742404322676	-1.752057844417243
3.5373197627240724	-4.125685817932098	1.2804505841550542	2.872797219940966	1.2388612041144709
-0.9578153746412932	-0.7940675745231509	-3.4399967521272394	-3.653131072767241	-3.488280991497311
1.8906607788272716	-1.9517286459590935	-2.117570413631205	4.369602853741712	-2.252177610996669
-3.8129803565777785	4.902698442723526	0.7060384594688792	1.4660679016026439	0.9997473235268908
-3.7447268452125937	2.575760887776264	-2.8729213429320586	-0.4147879846265754	-2.824136623308551
4.682369204860455	2.243028422478625	3.7347205487373016	-1.065031310571856	3.6076337737296105
2.130134507971756	-2.585306712458607	-4.318837001362439	-5.142991673723089	-4.349650352225842
-4.98914620202636	1.677461568972526	-0.6144708302170729	-2.5820621266147548	-0.602701320571673
1.6726486705010304	-2.7590889629181126	-5.5375506565664825	-1.695736988578468	-5.5181182236807125
2.1730791006016448	3.285670880104245	-4.893037927959584	-4.22484740734384	-5.007185992573907
4.597084695227224	-2.836903505814987	5.685635524701521	6.370065682429105	5.665541369262006
0.2942126790594157	2.680381518381445	-1.558121830396124	1.1710634574360423	-1.278504823103884
-3.5030010589327842	1.3513634789920133	0.46181118448666586	1.7348864145565537	0.5867490517091963
2.195591082784212	-1.2870548520452973	1.3623738578120963	0.47800546405845645	1.2948342684374043
-1.4273435395520249	-4.007320439593146	3.8485744349959488	7.495921565553484	3.882286599330777
-0.03196325076329831	0.7384394396739271	-0.14180061708098615	1.419763312253103	3.165976608608675
3.496426057757681	-0.058657974275759805	-2.0810196322178034	-2.2574946448711137	-2.1466672874107466
2.8667706243104387	-2.0655048437384673	-0.7730544629715815	0.07694225511647967	50.59619883771205
4.4635703626210095	4.450312650760736	1.506646305550678	2.144115125261	1.4433021034530027
-4.306489112783439	-3.033117765057617	-5.48008439481984	-4.09975323365809	-5.4583972996392465
-1.6471903277895272	-4.550707994667783	0.9630479296945821	-0.9508422109931735	0.7469083083081796
4.239546026162786	-2.8437890638172023	5.106540366015743	6.011133156139392	5.0813402504149385
-0.6395097815739383	-2.0220068843429773	1.5614323393612053	-0.7571157995767539	1.7242076931941503
4.334279623531241	4.223935153406263	2.6166868787218895	3.160963141142198	2.638378590351806
-3.5258595348660258	2.5881510497239457	-1.9135066878143883	-1.9988630067388233	-1.935678721910193
-2.4230564339586937	4.682171352812583	0.11933242912796348	6.674891259545978	0.1954333958482248
-3.28434800532996	-2.204614198652953	-0.5055389118446966	-2.766706263876731	-0.5282174333157993
-0.07512074140541802	2.9806772754267197	0.44448323313924737	2.6727634459293	0.4670540901266137
-3.788725796538005	0.9921102927223293	1.978449713043892	1.7496537764118634	-1.6758086124747515
-1.0300058687557403	2.6356556271636578	4.4993991453308055	-0.9988949997945848	4.412556503842791
2.835068417219926	2.6252578479309054	-1.5744561327700914	0.6147625418774574	-1.5454601236481598
1.9556967467211877	0.7388902034083262	4.110793603277258	6.556285421102554	4.219872603661389
-2.575585062265663	4.89767712367569	-0.5927775158948602	0.8968938899640654	-0.7358740251084203
-0.6301760798069473	2.482031449182987	2.794143993528244	2.5992337389501787	2.6861564348978524
-4.619377662816719	-3.2303772841984966	-5.9505349381139725	-8.756263888414773	-5.928042634968985
-1.7052290706358275	-1.3703071533312428	-1.1841114835883568	-4.694220704831339	-1.1545452535975635
-3.155355577608029	1.6168517224601757	-0.003801677115668051	2.693060703129105	-0.027328656837947066
-4.395757122663218	4.23633884599519	-2.6129469284117093	-6.540280468202187	-2.7024779772006275
1.5773574619900677	2.544403151795799	-4.961408886647694	0.4966876340180093	-4.843291914586697
3.566746224654537	1.325774181529022	-0.6003228563549016	-0.8521299763601654	-0.7796431759975673
4.175806385266968	3.0602315761198344	5.139705573288978	10.090804381010482	5.135826415057073
-0.5508572247147434	1.7383767878697762	0.5238277685313877	-0.952798849851282	0.24676428713774118
-3.67871491993958	-2.419571792004833	-2.3039432639012682	1.469882668653899	-2.3271939236474117
-3.690707357131573	-1.0999617106844917	1.4205856274765416	2.8542247058956702	1.4029527647092381
-4.617939431712001	-2.932146404716928	-5.842719355248769	-5.27998653246678	-7.526694374094082
4.3250161502141715	-1.1218910606075774	-2.410942049136443	-0.22118300261461865	-2.165070079521645
2.8830142691249785	-0.0014242619206310536	1.5342371893034086	-2.354124786026148	1.6252845265621294
0.7273036505156547	1.76347228692768	-0.7638660301531712	-0.8531834824827578	-0.8258581744641217
2.106417624373118	-2.194410553788452	-3.0131309331574943	0.412863124909014	-3.061802442054383
1.6889121022106401	4.154197102958051	-3.1557779792416443	-0.3741393539736504	-3.012414255891297
1.402519374005018	-3.0331275705620095	-5.880487489080973	-3.4652314221749134	-5.912449999763726
1.3651847841002773	2.3150506330988483	-3.9789266074032996	-3.5306941731962085	-4.080720324590016
-1.3344308780216094	-3.0150953148042534	5.786565214929316	4.954873699650973	5.799186595153099
1.6921365158182722	3.4484785385485566	-5.67761862745575	-7.288490498616382	-5.649540218438498
2.8703593219705636	4.647365254635432	-0.10445325130395144	1.2866510635535833	0.03799018158834572
1.5175466969149545	-0.5635120103742146	5.06511652832939	8.311647119497241	5.059396695027495
0.566321581605715	0.16379306432232887	3.1761032263451914	-4.895966044305689	3.2877988830245846
-4.825986616997752	3.399198612639374	-5.76462042251607	-1.5337381814678572	-5.767744605779435
-1.209342281393658	0.04057394174174522	-5.607682693264436	-4.668026785100368	-5.652342803773565
-1.3013879618529889	4.4646531521191	1.4181868529941204	-0.8163999644970936	1.398418318945903
0.9889530425693316	4.886703524367427	0.8693692594083112	0.799058767966166	1.102932717126559
-3.437981118387091	0.2558089252274556	1.6953830935178569	1.9092339528759534	-1.8338755798539965
-0.7788404410975494	-2.264658002090144	2.6953635273129195	5.6532969116769625	3.5062254426563566
2.9906530514076	-0.22554309989757915	0.8793524334317194	2.0650228511250903	0.8755542361311182
4.182797731563118	-0.07873389705958989	-5.162040570610891	-8.691824511290053	-5.214734343953269
-0.2514018884600304	1.5981473597138383	0.040818299991352995	2.3661131855241746	-0.3031845328457115
4.3856753591447415	-2.9281074670497897	5.553608870346375	-0.6806983859667666	5.441189154331554
-3.4082322726600687	3.6050254614484345	-1.414194533331308	-3.2093230446824643	-1.4856012819050834
-2.780623637247348	-2.650367738024486	1.8685160270650896	3.7471859409489983	2.312278477819011
1.5149797924203767	0.8028093850695095	4.1616406068975165	7.00682255319556	4.128190361239524
-2.4457754044859037	-2.2740929121643427	2.487395046800005	2.44424349544678	2.4797493531918713
-4.616689124122649	-2.7380265904446963	-5.492749787334475	-7.037734768158033	-5.392917637210349
4.0483823347999515	1.772243685805468	0.9454492953145738	-0.5603592847872375	0.9356992436892139
-0.42769871621651134	-3.3604761487319013	2.429289100769543	-0.3742703490080488	2.474917235029483
-0.6138067962226943	4.221435726544332	1.6293425501777246	3.5726780505401643	1.5548733215745576
-4.1627098865243966	3.3285865706644113	-5.026966045008004	-3.942368200756445	-5.1502939272655945
-1.698162445251242	3.3818391679558726	5.78047130055065	3.3361745537520124	5.714978695186255
4.790354686642464	2.8803481953495567	5.778807550176303	9.926798308645637	6.181440938879136
-3.5681846876548207	2.3804541374817827	-1.797546854281512	2.1466559057617127	-1.8290379385629272
3.0840409702216736	-3.981270271701556	-0.23043728016311388	2.861753694813904	-0.27379356772145497
3.7917289737421207	4.165512520307354	1.8885992907473943	7.187079960728382	1.9778821255318153
-0.31573249499737344	-4.695509735871953	0.03144583982082502	-0.7942061641041519	0.08269057552293813
-1.012707452529705	3.2168777165236424	5.075195615708177	5.031481093365276	5.163798798817144
-1.5395080682925855	-2.6957099252502026	5.410732505620144	7.973616411901943	5.3882777441779
4.1464394899943695	-1.0073631402887004	-2.704896986639668	-1.0046798537096517	-2.628835774803579
-2.2705684679779226	-4.018424082260838	2.9356761062505736	-0.11065598103823993	2.824951756620371
-4.00113496833227	2.2828459192284667	-2.9698146984370304	-3.960825561027773	-3.151655289418939
-2.6406669009702686	4.949968290871862	-0.6781455370784685	3.6836737506679125	-0.6114984134449609
-4.468715621504983	-4.1535366371711575	-3.087300355428175	-2.1067456784065515	-3.1902380326154405
0.5749891924644519	-2.7838306034777114	-3.056353362417779	-2.5966306670724815	-3.21614723574748
-2.788857279734591	4.975090654058166	-0.5382854787498992	-10.651391977589133	-0.055096588081797626
0.6994014424738744	1.0882324509341323	1.7924272803919834	-1.663922491232948	1.5507994041244
-1.1015313834997622	1.9572111108775658	2.016784147112668	2.6536340824041664	2.0548640812486965
2.7261949549867737	0.03636166662547424	2.4197225088920007	0.8810445968849216	2.4194563198037877
-4.744986046117775	0.809200141510499	4.138265667848467	5.078855727850311	4.109185856170287
-4.162407318542862	2.4672446221369357	-3.995558974654789	-4.11623588107243	-4.144638071297027
0.7117738055978471	-4.9055424693340655	0.752283405174538	8.769996424290092	0.7248494491588559
-4.234042455870607	4.609238718717673	-0.5484605461988594	-2.6404080680696116	-0.5821378253245139
2.8704406913044345	2.1695889562630155	-0.9058060162372972	1.224628538157926	-0.8582562349842658
-4.757383731937608	-3.9954268051216637	-3.9385964088831993	-2.5246549263173215	-4.208407278603586
3.591289388849173	1.776643445896699	0.5330975967974991	3.421846430179955	0.5473099779808539
-3.3141168267457646	2.4660419804576392	-0.8037873067864926	-0.7030731600790943	-0.7183837564190434
2.959454096808839	-4.457008734831652	-0.2745399274302296	-0.9774146168315142	-0.3869958296393562
3.750901495081978	-4.220494939800043	1.621773064920558	4.457245818068175	1.3692664344402306
0.8235012596363216	-3.3444949981658887	-4.3108933711367206	-7.500483331695358	-4.362129387521727
-2.6028745462075067	2.919833785679831	3.002837426390362	-0.5691950407788808	3.081755901049812
1.6646635971877313	-4.25671522554941	-2.6287806817387964	-3.537027871726143	-2.599411404125545
-2.275029315639233	0.09676761576624315	-4.5512578788400715	-2.952473366672432	-0.050490117629064635
1.182048362898879	-0.16675493829411536	5.475287718162267	7.399739615837277	5.610658202452694
4.991358402251896	-1.441519566524362	-0.7435980443858808	-3.4349782751311793	-0.6721485687805603
-2.831410717271985	-3.864538122597968	1.3732876357992905	4.749327194100967	1.3684256128505727
1.9345902330737097	-0.24552446363224156	5.439157887138897	1.3026044880093348	5.326601199274502
3.0044612049524186	1.3702550713360164	0.16338611063999287	-0.9373060608668181	0.09498248667535393
4.822184235314973	-2.8042347414103586	5.627702663321811	4.304240724647409	5.618762908646199
-0.5908658798392361	0.3665576765983527	-3.120429475599918	-3.6814273815570377	-3.1403648593693014
2.481013462069951	1.1491126628320716	1.5068055067639605	-1.0064330920368865	1.5342033762321958
-1.0298064568748941	4.7412037901755415	-0.14817970706127165	-2.140012059778926	-0.24204358073849136
0.977287978635907	0.16344297971052058	4.907614296529778	4.257608625747105	4.965471744300806
-1.593494818718649	3.611348615216718	5.348694522505461	3.9037110014606675	5.371152869754081
-3.4153755207031242	0.35036327478058027	1.5236971032202622	6.74568588348702	1.2043719029151692
-4.474737860019732	3.497299787407986	-5.4663212218136055	-6.986524883170845	-5.452199465841948
1.2116513992312417	-0.6729496452204824	4.392564178858167	3.763436140866818	4.181618999057753
1.396897300518373	3.84063519127098	-4.523482323552776	-1.7535225237745746	-4.460450415497754
2.5563005042090516	-3.221395632286476	-3.30410843980623	-2.9630263185532857	-3.256249885776362
3.398803841704442	-2.107455526174392	0.7803513862806498	-5.358705653716993	1.0630044329086135
-4.087860446329263	-2.2917168567026103	-3.212878101684397	-4.291886021283133	-3.1548109662561767
1.468253655063748	-3.880081161436032	-4.413614694189117	-0.03975010767217935	-4.4248636003703545
-4.227198953388407	-2.3821292588300746	-3.849041730472069	-3.4740044244829997	-3.751148087188901
-1.8431353580886478	0.7317886031235119	-4.299363455380688	-5.679500883366083	-4.303914125331709
3.1637713443765634	1.0967535851888757	-0.060740718163584395	-2.626108811539548	-0.20610531633069945
2.8934109438951268	-4.553712434241888	-0.23288538963937763	-0.8453529724576053	-0.347648578071092
-1.0235018179067845	-3.4028915327475486	4.94969336954344	5.5885609485981735	4.971989704238117
2.238733045179364	4.198399551070349	-2.3159942725796014	3.7576391948066954	-2.3409689381345253
4.487988195800995	0.5339401098391594	-5.035356022988605	-3.610580140889491	-4.866659975981357
0.8559488002036089	-3.8686781470252707	-3.3852962233167614	-6.5168537129866095	-3.3517029862084753
-2.280240031716972	3.272523107340085	4.513381990617952	1.9740676875140508	4.488618241700998
2.4211296348580866	1.9193584901845604	-1.3519775145734074	-2.3911588667687793	-1.3349335471148513
-1.6767702159008202	-1.947858079760585	2.1967481190438263	7.176970453327478	2.222913102647482
-4.235952090191741	-1.7621664653219349	-1.0141322613932129	-7.191963730331703	-3.945362119268069
4.274300126499233	1.4438435361908102	-0.6879319123720183	3.4144964132341467	-0.6683927627790286
-0.8444349150441806	3.025594544857505	4.455431424190528	4.257250900725616	4.592850859567121
0.8181357749445395	0.5512505383849682	3.730541119676181	1.4815179102453437	3.810991174406513
4.847675948529776	4.078250583864721	3.522419529124507	3.136948102861172	3.4728935006015003
-4.174194190493646	-2.1626941213879167	-2.874386647939993	-5.044424353880135	-2.948888027109136
-3.2758191696764927	-2.5346272651275905	-0.6595234231743654	-0.09857712046926503	-0.6226102142151579
-3.99232174372755	-0.8038476275265527	3.130070300061946	2.4205281105692227	3.1124921028192976
-3.765589346017817	0.28245911070425844	3.3667794287476536	5.598033047997592	3.3310422633104686
-4.7258440906030685	4.688175959209669	-0.14525078299665958	-3.6024828401575406	-0.16160327425498547
-4.340617972756276	4.32854465490564	-2.0934290790762393	1.4020088761944116	-2.174204780724
-0.057456253906066124	4.217571784343262	0.16361572056260484	-3.4392113649920297	0.023793841091833134
3.1992122157149314	3.4429170552735204	0.329958173683817	5.766622524198404	0.3183600619196044
-4.540456411040577	2.355618272165496	-4.177677730207341	-0.5879798885378262	-4.204501704142343
1.3725785832622268	-2.56052405875558	-4.917056053756526	-6.297430432664326	-4.799278727663471
-4.157926589027254	-2.5008282275621605	-4.089242078177283	3.088708836322634	-4.283571416718888
-1.2165407089466829	-0.15515067709144148	-5.559834579519257	-1.1530553700147932	-5.581388225174589
0.1348130318566767	0.6027281579215913	0.6643308785113967	1.3213106463416109	1.8065516946441744
-4.562655739100322	4.976464167173253	1.5485765195552197	4.207695863627749	1.5561475075825013
-0.1589231264653188	-2.166281753036942	0.5326015156425147	5.297452393907952	0.608045898562427
3.478560309028939	2.289339959403777	1.3058880725756412	-0.5182047655826423	1.2827180856308968
-2.4956737443549093	-0.32546383770378284	-3.4219952662315922	-3.748701606765774	-3.3606089164948045
-1.5276926755989537	2.3754578655019287	4.319560244681664	7.6967122044636405	4.342166501718807
-0.5991721279265194	-3.7688713366922033	2.7395812221081663	4.257017145460501	2.7424404112903837
1.1694516130332673	-0.48286851288878374	4.891730928736958	3.350757704911092	4.909258241008169
4.649670206476211	4.806798955229269	-0.5645066180345562	-1.3143584695798507	-0.3040874074048859
-3.9309154031945304	0.27588875506543253	4.098188237949116	4.6484510334056885	4.08140786266779
-1.0454394966165772	1.1612089787382924	-2.0671646249761357	-1.482750228122165	-2.1640013540585175
1.033295967231222	-3.7590550124871647	-4.202272143582285	-7.41878800906373	-4.169197603539903
3.6625157326799815	0.29838928645597207	-2.854134539323143	-1.5711639177569299	-2.262869902261838
1.71057381210439	1.7664331595808491	-1.154972191769728	2.6729144615843845	-1.2190021093427013
-0.14222740175056892	-3.8861015681624647	0.625468184688879	1.9512561937747432	1.4904660453844547
-4.411305458010251	4.294132466929009	-2.327380252067878	0.7429980604293669	-2.9334487043362754
2.8049448400532686	1.780096300567859	-0.41179997953681263	-1.2410863755515826	-1.060908588415838
3.1249127770094667	-4.311489998174168	-0.039053739971065995	-1.7505178227944784	-0.3549144398317353
4.213651458951919	4.359829760484846	1.8194320056332935	3.2180393735815613	1.7929528289425285
-2.4092758102752576	-2.096523344441951	2.0131721036240693	1.3542445351542083	2.0836259285490923
-1.4824456757199966	-2.187349597606393	3.4558271562060745	6.454307023714666	3.513589097918044
1.0204205996271298	-4.744668116935648	0.16504582087515288	0.8774497892484253	0.23401291426570792
4.643934692199087	-1.7059794419492036	0.8067366693763476	2.4981896628241	0.8409679676416193
0.9671105187181119	-1.406053427239704	0.8100705305437157	3.061566246218433	0.8372040020564643
-3.4043487852689145	4.446783175594881	-0.4090857941223861	-1.546428269627914	-0.4351335047452384
1.6468338954037982	3.7443211755384613	-4.928469532099352	-7.525463916198678	-4.938395429255332
4.575518461117472	3.2455059913058086	5.911824938534236	9.768405805705815	5.9284782286959645
3.4908531211625	-2.2667753206661647	1.3163942024942863	3.863747139846705	1.1881042194750269
3.3538511798084247	-1.1218633800844735	-0.5485858270144075	-0.8642021360812369	-0.550849847896678
-2.871851615238721	1.5207017519931227	-0.08006227381775549	1.2255076361590753	-0.2526422205862751
-3.8868761219433114	-1.8642717928114205	-1.1771071350110232	-3.7465028948703507	-1.1192477492649833
1.384613090456412	-2.776182697543325	-5.507017613394815	-6.49674430937893	-5.726264899742913
0.09939242235485324	0.829834221636057	0.401875725854085	-1.7410235973774195	0.2702661061475664
0.012379612350206237	1.1500789506050868	0.03033536936811939	1.2829955349821915	-0.7156412310706584
-4.931662785399567	-2.1315104028053975	-3.114346114764768	-1.7803348092537752	-3.208264604248567
-1.4478243177656127	1.3505600562230882	-1.3008628995213734	1.6400056228410937	-1.2866182599545917
-3.2655208789792978	2.795523875840802	-0.6976965970708494	-3.16156832191762	-1.3776761145485064
0.9835547669629641	-0.1421752677236201	4.944435909171561	9.519196645668163	4.908605828803471
-4.784666020012546	4.834290536443161	0.7276943530238723	-5.954430333991584	0.7593162366813841
-4.367700777269548	-4.708668640940715	-0.021009025100334987	3.277535519292308	1.2010508232869916
2.8079641893939558	2.775708378799351	-1.8347841464081471	-4.536267827689749	-1.7763944666238562
1.1812498535746148	1.0930729545653728	2.551884878853678	3.5400669041001387	2.61649736982204
-3.6564014044731774	-0.5881441395433402	2.457819659644168	5.034809279366779	2.4354460627499552
-3.429732932232794	-1.7012137075132348	-0.22173416276870722	-0.3859847069574335	-0.2093749917718949
-3.1633140696745823	-4.359826416424548	-0.04499939693357699	0.12729776932223666	-0.3634921733984553
3.0729817378616566	-0.5448549280227546	0.35178120486713965	4.095559930435239	0.3661157533019275
3.17795679426278	1.8496677909841805	0.060046699779672454	3.5871337058057082	0.03241525021864303
2.902449469137834	2.060924722082353	-0.6690247214820775	-1.5683864393042741	-0.558002734022086
-2.783228886029361	1.7493294156243362	0.37372201568534585	1.498397287000949	0.3427473008309494
-3.6752301637922136	-4.259787993549299	-1.3346629551371252	3.8775931479933807	-1.2482234982889806
4.736227034549666	0.4103162049199236	-5.500405227908157	-8.347439273911828	-4.943117151163021
-1.5508074757975718	-2.75169802370442	5.548586026420396	11.138316627663517	5.580808038522075
0.5452158532303635	3.967271531811699	-2.109856534419727	-0.7491496694865911	-2.038844084422333
-2.3848210167967556	1.3660100390711518	-0.8377262220632026	-1.926470520067983	-0.6176320554207726
-3.8051921667252175	3.1604783697129317	-3.695079707483185	-2.8618903605981743	-3.6120996601883806
-0.3886558797960573	3.755701591907851	1.858240878955095	-1.9142426968005932	2.1431694748559837
-4.327943567417786	-3.300617231577041	-5.491858811205021	-7.524936588911391	-3.408275994371946
-4.161843016951773	3.932420117631688	-3.5960598149926515	-0.9274748156575301	-3.5520595352147417
-2.1674871046748603	3.289341050975514	4.909123910456722	7.276225652675485	4.841958690954749
-1.0342704957289692	2.6460747710095642	4.536674967940296	9.146048692882669	4.479439488492041
4.303445859827951	3.087279702904471	5.497131592585666	3.3575849082216234	5.568531821449421
-3.3600225917085345	-1.8242768588401215	-0.32605306469428075	-5.947826285291343	-0.5944319840985235
-1.8770358349923963	0.3382785312971244	-5.396628667281782	-6.9167625799607	-5.3990790007542
2.3548906374440097	0.30456583476222043	4.052656400138543	0.8672145508324576	4.072804840097315
1.4759431558483875	-1.0060767486121138	3.19663933626351	5.913611958925573	3.2004068130666465
2.7356022699015172	-0.9256534980096536	1.4248540145231674	1.357369889190868	1.4706297311488878
0.5458578797680458	2.2245959441981897	-1.8945089570498772	-3.588742579030648	-1.8171769851928026
2.1664002500576593	-2.189569520509971	-2.8809583158459926	-3.676751857758844	-2.9263954085495096
1.7223331635470585	4.911700638396097	1.174354158834746	2.5420580620131235	0.8988837423293605
-1.050223909322602	-3.636090247364593	4.58166158432248	6.290362949198346	4.595196070543849
-3.8125843854358363	-4.557845334019698	-0.5742449099554074	-0.5708773636210276	-0.5533380187073234
1.997063192195185	1.0346645557461587	2.7906266949464373	2.079408928826009	2.755299376001594
-0.7507127561639857	-0.5737047979096532	-3.4376611438992355	-5.669023449842101	-3.5139959080861543
3.428162951258013	2.2193872857369197	1.024483244583165	5.439864488203817	1.0160777964046046
-3.299668849593369	3.321689243913106	-0.9292359222592527	1.35890531567455	-0.9622234936299362
0.3973187532618727	-0.5288479614567194	2.0045162812111634	5.78851445516716	2.043848286635261
2.9471751147584087	0.36915383014857195	1.0810806418667007	1.9138150486026206	0.989891433959259
-1.036158308478491	-3.637804776200606	4.540054950500823	1.5998257585476243	4.518618698972158
4.693528359172904	4.733628356683324	-0.12740401305930896	-1.562180702699595	-0.35144683135377175
3.8911551287824473	4.3091450665161375	1.6041133100250284	-2.8438296432882586	1.6139706480126172
-0.44765457133554953	2.2913655839081013	1.7136086588840005	7.353465259957176	1.668896226424525
0.884468228930845	-4.649979965541542	-0.2894814858878475	2.3168040294068595	-0.1873125440988712
1.122039820621251	-1.8837652755298961	-1.6644012897446065	-7.720595241608675	-1.7355890134613108
1.9668493359416264	-1.2451074586845512	1.7711613969956983	1.380574100475403	1.635262863120618
0.782182288797336	1.3917648076356475	0.7530817206495822	0.2879759325782086	0.7463790886738302
0.4454204001340569	-4.692804006521075	-0.05062438705990852	-2.2737331686615323	-0.03699174999672984
1.7473205441454729	-1.788126441154315	-1.2736351862809063	-0.9323941309217247	-1.3424651919884778
-0.7661554244642268	-3.8897770620623087	3.049130412291114	8.279712793635573	3.1220461824877503
2.7632538845954135	1.5320690768080922	0.08580833340240772	-0.3098289964865938	0.07244070816817998
-4.82576325393286	-0.14654942414148753	5.897578038965673	3.5276251385564965	5.921353335910566
-2.761690285052466	-4.6057759026634475	0.23676272147069258	2.27808757583036	0.17155623158290997
2.441077820314468	3.6159007230164857	-3.4407122737421862	-3.5959390818820687	-3.6331891577436726
-1.4271363491831335	-2.5281330040994776	4.8554290440107755	6.860467524378329	4.733954077548576
0.1116617411416172	-2.5111774124485677	-0.5400666802477513	-3.4391354651373827	-0.5253110023493838
3.9835504413260097	-0.030754026487551656	-4.473574245530597	-6.616954090592379	-4.835609131285855
2.5520705959553824	2.567563745413686	-2.8011236889195863	-0.49122073724194504	-2.7873853995255695
-2.7856812858171667	3.9562662740708188	1.4344199811044764	4.355241614470309	1.3624101937669169
-3.60539148576436	-4.807427211259813	0.2547076233049783	2.3812073650186694	0.34692258625205113
-4.815317714597262	-3.6672870442183836	-5.162386935933501	-6.682627945099414	-5.052704906373511
4.5720946170642165	-2.287942356625371	3.9046735816058904	0.2967715069036254	3.887631132508895
4.846224468023351	1.7890159716501568	1.2873349941237333	2.8512800096139204	1.2765864793682802
-3.8736440420867355	-2.506104975080563	-3.2274839199637833	-4.676716874478344	-3.484635350632363
4.301618118607497	4.367126178288736	1.8617396195776046	3.7400299535594534	1.638754410105589
0.3227245738907971	1.4319767932540053	0.26331344811161833	3.6959990802348455	-0.14029291215321915
-3.4138783967560538	4.52391416539262	-0.3023259884532836	0.173507842185894	-0.2610052912801785
4.979286579724985	2.7722406876803074	5.397257984842665	-2.0847072004532397	5.436788924523968
-4.580280884332399	-2.0391800813654837	-2.6850659820488114	-6.070649306402609	-2.691286983220807
1.859092041833085	0.7262273225361691	4.300967337105347	6.1427264512096	4.2389967475929975
-0.291223999280815	1.9073157449571196	0.5688583026846533	-1.997765427209282	0.4374381135817559
-3.524516890398762	1.0450718975338145	1.1250278849858228	-0.9766520592582848	1.1287898257988938
-2.3907221361996447	3.032073312412116	4.069126596694441	2.6347340592530433	3.9617149541170975
-4.274848308166871	-2.5055782133378357	-4.372113920333903	-6.355240379974953	-7.004201406858543
1.5594346096813672	-1.2954508701167589	1.631171093275489	1.2586406589225356	1.0247625912283207
4.390493122918398	8.519838308265193E-4	-5.691821969244407	-8.86713737775751	-5.727668100812812
2.8476239223958677	-0.05896288952832762	1.7354966434028802	2.684728700115639	1.7530439546923458
0.7422722091147556	-4.867080085199813	0.6248946290381738	-2.3130692572650036	0.6378311411029648
-1.9976410161906388	0.04305848217934116	-5.456597211269791	-4.794320972629165	-5.465415777901965
2.2255748503715997	-1.4649100792840763	0.5029817887496594	0.10921570247479168	0.44660850203782526
-0.4258351353738119	-2.327706735249394	1.7019255492569902	2.0114573229536052	1.6911580775483248
4.526466153105087	-3.04967266624826	5.871703013100127	7.766885100004075	5.971201571606923
0.7249507171728578	-3.0949183806051463	-3.9742584525742095	-0.592844634754802	-3.8334125414849125
1.1937376810648228	-0.4527539724260885	5.016451498781668	5.069366109975063	5.416668990038159
-3.5513272595742196	-0.3291460101105539	2.261886758991757	4.809366075597351	2.2698555941494245
-3.570431590725134	4.410265408531515	-0.7423504668385208	0.44597239152618706	-0.802619782649252
4.217778738103503	-2.097324341559043	2.6538466446365154	5.798618885529724	2.6278793653636967
0.6648885182958413	-3.7436817993904716	-3.0508774123585987	-9.245609419326417	-3.057811703318109
3.3831326430637425	3.7144183099882238	1.2060939394912917	-4.177418266918565	1.1476351207008577
-2.9003212676616252	-4.290777455808677	0.5866840528366345	6.216896432270391	0.6480313555801408
-4.249176030253102	-4.032095158137517	-3.3764167287702533	-2.2735581782910996	-3.4128776368780454
-2.4846024310477253	-1.207086772695721	-1.303593204613556	-2.855520194194076	-1.3964881863955168
-0.5825400340084848	0.7046935572870385	-2.514644383167633	-6.44782183634475	-2.5458316917365518
-2.6438212978998274	-2.3026974538823053	1.9145106275525186	-2.0366545360680783	1.8241672311807522
4.166251985919168	1.0910020552845996	-2.3667095117308627	-3.8099581249730687	-2.472843740428396
3.3273948005021285	0.32562341896643954	-1.0501643161828798	-2.1340540907447414	-1.3035047056859579
-0.4905946581335128	-0.23940113644960803	-2.7462801059435122	1.0964041902244075	-2.8698362502813555
1.5746365797326876	-3.3503196911323108	-5.869729620862108	-7.33904857036633	-5.804487950099898
-4.191975075808863	2.739315134975877	-4.790120020221269	-0.08059014213877447	-4.783964444988288
0.8831111680357164	4.479515869832962	-1.069938691696545	-2.5037900236451325	-1.0378029080623756
4.808954520987513	-0.5038397283927374	-5.229931990706431	-7.908786346182388	-4.915943345823928
3.276912546440272	-4.103421878907467	0.4630184339459514	4.36411614843188	0.5696452052806894
-1.5913312762523093	-1.9101465769410266	1.996825713635096	3.7476840826235422	2.1599193920975392
3.899575770836556	-1.6954514570309511	0.5128405257784645	-0.5345117743730452	0.3301395382547957
3.4875395733395056	-2.1340907820857224	1.0863850557352703	-2.9662988054603927	1.1132539426043662
3.1217758006369483	0.8195747192587701	0.08114851660267886	-0.11561726442516335	-0.0662223724792233
-3.7464944656649934	4.708244253700238	-0.014142131205331171	0.5385695173787277	-0.08822220262069438
-3.5510173315909133	-2.4482752617449313	-1.8370594235777096	-3.3550642762805767	-1.854883322366375
1.6923702361050523	-4.539398461319635	-1.0251510741105034	-0.28637241310696093	-1.0209962852355525
1.9913484542851254	4.222059856175926	-2.579294057976286	-11.17473405678238	-2.6953049381863647
2.442663713058745	-1.1930856937311507	1.4236860697625686	2.2741031390226287	1.480684463791422
1.0100379939001591	3.514802303374955	-4.731338122289627	2.5907322279812988	-4.788966253256231
-3.3037985816887816	-0.3639365394919727	0.9055084052789827	1.7934126061036673	0.9416001803205588
4.368685841877296	-2.418351620314504	4.23491549369043	8.831335336699432	4.250551293428708
-3.4288204978231516	2.7153055833025572	-1.5476514975194644	-4.736237592555511	-1.5251905550504452
-3.4043983836172034	3.1953637041719123	-1.5564929168499546	-1.76174757033665	-1.591518246966401
-3.1871526018970133	-0.6420183464162044	0.21885497631946726	-2.1184341101850714	0.2690436886578592
-0.29819308389068233	-3.80763810634552	1.3860083511554062	3.790277393535386	1.24942329443929
-1.3524980149138468	-2.305058976223525	3.9248291384608303	0.6831231056614047	3.975513993502412
0.901935852584316	-2.950935716138928	-4.621878535549453	-4.168448683695377	-4.633478116624971
-4.851245671531043	3.145446863111074	-5.942205203443135	-10.413628257657816	-5.831398770360134
1.9494881435234266	-1.2956042035755964	1.5148763017030862	2.493416375302752	1.7331626559963318
2.5707132529781003	0.732151372157138	2.4113720535455205	5.992430090883296	2.58877736455136
2.9248719777544396	1.0708707134235702	0.6184557566088754	-1.0500507067237876	1.365374383218838
-3.2390525271305592	4.996066632395987	0.16340823717454753	0.4618965134398849	0.18010131589244383
0.004132264489536297	4.069281482492574	-0.014868301474973124	2.6044128539619242	-0.011090750160666043
4.98677724200788	-3.5587253370462224	5.280318863007097	1.1739139180620537	5.290975335139461
4.988208898900625	2.477099139562082	4.544842232358646	5.780092819765983	4.75314286609342
1.2916599437151586	-4.324543441226359	-2.181338085660421	-0.6251321709187276	-2.191755936422102
4.18702480926237	1.3982553185945958	-0.8911968840704231	0.4777583689194277	-0.23905583138074094
-2.155870305007036	-2.288856556978096	3.29095938701975	-2.204459877183074	3.260997785275545
-4.370344142326658	0.7420692793732142	4.166242150249886	7.421535946273626	4.117213230593471
-4.35003907023137	-0.7460758198248918	4.120041639928773	8.513047780422305	4.0574243674044785
-3.4887100419995942	0.7416496188887525	1.5050388074761527	-0.4471082922214309	1.5358387128793565
-4.531078857136578	1.2276684836279381	1.9855170886253553	-1.4404631580050768	2.13303507591687
-2.710368932563089	-1.752814914296128	0.45396740689874293	-3.652894890608029	0.47999591477586373
3.810691601026763	-2.726842309762656	3.4061417140473287	3.2106831982438204	3.4196191822179185
4.907861393198978	-4.702883887175809	0.0559436281570779	5.678766836939988	0.014566212438687172
-0.5197747146258367	-3.4946638838132262	2.7962802605379014	1.7602311078317432	2.8036681866973874
-4.751770730604255	-2.699746610530358	-5.419577527359253	1.0842884808249451	-5.326198243683812
3.301025559569622	-4.574266792772665	0.13115034862439662	-0.21357370017599026	-0.05541703401812659
4.109775038557736	-1.9455060733561567	1.8092016671400228	-1.4627237430101931	1.8516131985445825
-2.634473322041726	-0.4395731739061297	-2.63694585536483	-6.966259451423568	-2.721386394043461
-3.244328025043255	2.7828556877564425	-0.576157286208023	-1.0925099749483227	-0.30862070316132584
0.4449604603120143	0.1302498889562571	2.560657718056985	2.0248466157454685	2.532376404696485
-1.6098974635155159	-1.6148624360069652	0.2641090683120329	1.0622298962418264	0.26224553352203467
3.0367982415864407	4.858771717023158	0.09154443306635589	0.9684198892725351	-1.0332836439289061E-4
1.8015498774248044	2.183583664419632	-3.359430795729654	-4.961408629508275	-3.4063565819469437
-1.0639400201772098	4.884909226658131	-0.9004981811521364	-5.937870136582871	-0.8254430215055589
3.84883317781947	-3.416486744199788	3.7520609602302355	0.33393448310923013	3.405426008013257
0.18748317306386397	1.6708566407807197	-0.11171287843667482	-0.6642448638437184	-0.04038647371390092
-0.5318273841775047	-2.7250483996549413	2.7824855403620017	8.348964029038004	2.864591493104057
-1.191246721310816	-1.2176524135086462	-1.927415193111718	2.399625539887117	-2.0557480270203223
0.4440187401395521	-3.1311200155353944	-2.5772905254315255	-1.8818148600636206	-2.499911773826266
1.7706914001006604	3.467088295405526	-5.571751969977764	-5.783243471066133	-5.487107026784306
-3.6866621673775035	4.191797377673337	-1.5473239871761617	-1.2920784883152066	-1.4634211578245193
-4.62149251519341	2.0685382571317747	-2.852830064594691	-1.3692703877842376	-2.8083070337387173
-3.5375056128498095	1.8548652661508136	-0.6485036223711699	-0.4685658852302045	-19.80623581555109
1.4189246370464845	1.4860321611130187	0.5021291988230173	2.8938596237291057	0.4012533465422685
-4.27216953864712	1.1689869487853795	2.122785385405767	12.140907527038827	2.067536420241078
0.2211839938555782	-3.871428449424923	-0.9810243149492682	-3.077049826584765	-0.9582241036397292
0.6254861367169795	3.994748941487064	-2.3101452659012964	-5.287713007622639	-2.324077817879464
-4.874355865566916	-3.8915600704659212	-4.3328067214621235	-1.9964711904451562	-4.216474273493351
-0.2870318653284709	-4.303769378410825	0.6749428932719734	1.630120103293915	0.7319916132726567
-1.2381070032405264	-2.2178726480280475	3.4188011376482845	4.216665910328775	3.4419732294524557
-0.47558068335668047	2.0102672191354927	1.168795244044738	4.454340549208191	1.1802494234531438
4.008988845222039	2.169871154944558	2.580243346655333	5.798304191030134	2.5742057170642867
-2.976499852903051	-4.65217195643738	0.05934191437896783	1.1742293102187409	0.12214728373456926
1.5436563598320294	0.2714542535492903	5.778163206787395	1.6390670391475526	5.836003237292341
0.5822394843214802	2.811750893083503	-3.1215174428414083	2.065681529173419	-3.0963279216200186
1.4779611556394183	-3.1552701623240442	-5.973604659378839	-7.101973086778403	-6.072689385790126
4.121177427613647	-0.9548480502740428	-2.878031385018312	-1.276717470145967	-3.3343738728364447
-1.2538065090740336	-4.175335919494564	2.9167014939803186	4.265741328864396	2.843499529613275
3.23555836671847	1.9174075194329063	0.19124623240340644	-2.474356961224466	0.20510006275972276
0.6213911072442784	1.2345234251172519	1.1525891035713502	-1.6047175098213706	2.0359468163684893
-2.115695839910993	-1.9903166898323779	2.090002588660997	-3.545095098530679	2.0917533660732186
0.025140540809287515	-2.8228426404569698	-0.14322986178791444	-3.6739100408277667	-0.08760041363903384
3.5329371163878314	-2.1204371108537967	1.1955155482178956	-0.5271697891121949	1.280832951138378
0.13999007413081976	-0.7068437766808398	0.6366195800154293	2.8505868247194126	2.009519569058934
1.5185811306450434	-1.8355894499996772	-1.5681175339300617	0.3864833317960721	-1.575545513082374
4.242019137702096	-2.066009003380902	2.541662255528476	4.000315968615212	2.5195458861036992
-0.15537854837443987	-1.2743281939558004	-0.2712631190423426	-0.11672100396583712	-0.3083759644620132
-0.3581907822462984	0.22207401783657676	-2.0518267294331953	-1.777189195692341	-2.3672941794888698
-2.3854417800497005	-1.758593405041775	0.7685788267444472	-1.90648518676156	0.8008152891380238
-3.8447387955952808	4.156000808849452	-2.048970338348079	-2.982719223383915	-1.9430336510188486
-0.12096237630002626	0.9219132829968189	-0.4375143206652641	-1.2964285688226977	-0.5378788816440909
-2.3785869872759378	2.9680688420824364	4.084310307298401	-0.972820726103178	4.1098417002865135
4.797003958906906	0.35339440385528054	-5.609080490116955	-6.093264100185363	-5.504436410977655
-0.35739103832372976	2.052491443745792	0.9724234666173461	1.392767787620803	0.9709707423627131
1.7013637047679255	3.867179942083922	-4.450452400198103	-8.036020690370329	-4.363605524208593
-2.056918994602622	3.9565564449978083	3.638607114842443	1.438807382642631	3.5846991166555617
-3.0884925949702966	2.287113623528522	0.2090983690260625	2.2034708596060404	0.2679150617670265
-0.47480191709519914	-0.8366943398296867	-1.8375748979241864	-5.449737050227442	-1.8513368791374742
3.9494905783310497	-4.574723938884243	0.5951715707649066	-0.3368906952314047	0.5180046973173084
3.1483511533387585	1.6931411332585045	0.004948798888907233	1.6644982104381976	-0.04704279156536342
-3.8063763892463234	3.2763032743172733	-3.667800413522575	-4.076218121681221	-3.702268663778636
-3.4363624842072857	-1.0869123351454357	0.8109345471167168	-0.1292677187593767	0.7959131142025844
2.9426800477928383	-3.4968639360534306	-1.1115814994190631	-1.496707146045411	-1.0547367493661635
-4.591784998239637	4.3662788261894985	-2.020662062975706	-2.163646759747992	-1.8089963425489555
4.365875780298277	-2.487890549082384	4.479925427183546	-1.5184547201859715	4.506264773154028
2.696399822057253	0.9205488280828824	1.5641845538421995	1.0396671139811557	1.889933569180372
-3.1217614572104346	-4.817123667650885	-0.012438498561259993	0.7861048700509572	-0.18531575250224547
-1.559719198268633	-0.9161484170028764	-3.653055755502857	-2.7341185408301927	-3.657279911729208
-1.8920739431228997	2.148733021168871	3.110066295813647	-0.7539770466252129	3.0830503419613446
-3.9091663117754116	1.9455527820671348	-1.5250745098405982	2.7302295015258498	-1.1580532291240666
-0.18848563960347509	3.415491764354547	1.0823221504817702	0.35913387480195247	1.0892961454272299
-3.7887871854015986	3.876464664007731	-2.6840344409684924	0.6214884643127454	-2.667131605738402
-2.154772186635899	-0.9378706376505228	-2.960881092893084	-4.2025814913036985	-3.0139851808778135
-1.92289044720909	4.856829790235027	-0.8106527658226376	4.7989504200073085	-0.8554242043922409
0.614532674051639	1.784010776389291	-0.7320310168345736	0.6696396284799844	-0.8489573401912848
-3.255237316100519	-3.899719496890095	-0.49405644708697893	4.8263925748193675	-0.5057992031592666
1.3014729528267157	2.1195719137893576	-3.0170302010294723	-4.08229280045266	-3.028249920298156
-3.4645856013284315	-4.496866855872254	-0.4072781312949232	-3.4750875168997943	-0.3953301332739871
4.608581090175285	0.3439206956540293	-5.618231760120953	-8.158447354064783	-5.650138062183613
1.8557044719705962	3.372202217710843	-5.605691430051801	-2.199948003332499	-5.7319311747713435
-4.239856707759017	4.217892404940045	-2.5354950626975534	-6.01282008463586	-2.542623115248106
2.8067036014736315	-0.12934887308630572	1.9555125324073175	5.836631517703676	2.5023276369781153
-1.9339411322586777	-3.9513231324526266	3.8682888623404	-0.13611632722224654	3.8488866566613993
-3.870016494419055	-4.329783213426993	-1.4911782149859256	0.2195391046410311	-1.4927658429579818
-4.5195165153932395	0.8482106552967288	3.894383231903649	8.135634773437337	2.864836238344511
1.6973280431813018	-3.590514562431041	-5.362279054755289	-6.147942749098939	-5.720940722572011
-1.7231012190179298	-0.23189384201936303	-5.771800586533492	-7.903910891174507	-5.441210321477019
0.9713962157314135	-0.2682885095828098	4.776819089122919	4.8936455578484175	4.805792285415509
3.213203584202617	-0.5550334182039194	-0.36485338002349055	-2.0035959699006423	-0.3750116102542693
-3.35215792789046	0.9120104342951176	0.767691938215443	-2.6788494661007	0.7665419850271754
4.374879285336355	-1.592481154061447	0.12275888410428895	-3.7179968468125737	-0.12967630682587059
2.035108806272307	-0.6174212624529263	4.374300897890976	5.57846165987941	4.1960418127354595
-2.738773450469835	-3.7229352976191885	1.9656952156641954	6.24347035847694	1.953256539699362
4.636312083337286	3.8259244637540437	4.635602567481487	7.575963463736272	4.767245363083081
-3.3808645547172524	0.13534129976588716	1.4089685468642632	4.429015435511856	1.4631206921587308
0.8683308188878343	-2.0700821225075785	-2.1926628117447247	-3.531874690598329	-2.0654407580533096
-1.969208454597796	-4.861052279837457	-0.8190934172371241	-1.9443530660332309	-0.7278832567635252
-2.113568028972134	2.384805325010353	3.735328909603064	3.293629588618464	3.572130433215034
4.326183378440703	3.227082165936075	5.5377718166531364	6.559341265357797	5.374384471723036
4.078451950644009	1.2511477093156875	-1.5190684916714272	-5.036310105320688	-1.4411218869142373
0.5182263270676888	4.5994076142287845	-0.3350713119186096	0.3627612491734795	-0.3360950253886305
1.950762619144787	2.4389846365340215	-4.252372443656694	-3.666923990974588	-4.320278123448123
-4.852231313761568	1.533442154101861	0.2218855150941869	1.1055318236219942	0.4949839196993167
-4.151039647684167	2.712343875514609	-4.618431387271748	-5.1769768143830195	-4.695062769372209
1.6777023245427145	3.065949554926899	-5.948686465670873	-2.636764903720765	-5.856726565245548
2.239404140662078	-2.630449601560999	-4.106349549920707	-5.486542085347829	-3.8792601725187237
0.889853849047693	2.0803840959917785	-2.2741456041473014	-3.080403953102179	-2.4020081662906874
2.1234499441265555	3.54861209145076	-4.68960557582701	-3.031227040753281	-4.484835847623499
4.115281016174762	3.4225193793508346	4.767283206386645	5.059928595207239	4.43497893392254
3.564416765178686	3.968293188862601	1.6675463774305996	-0.33560113602474595	3.54255042221925
-2.431944422375074	2.808972095353753	3.6951271615920205	5.64480018687546	3.649022937441295
-2.7219686736696067	4.839309091556643	-0.3094242282534265	-2.4844948126998316	-0.3739150095526587
0.05456915841710419	1.4984076351835416	0.02366869499539674	0.1434041958483789	0.10794385868412112
-0.22969979737679935	-2.3335929997049787	0.9439089684941865	-1.1298428720184144	1.0261929430022854
-0.1051562540023312	0.9627936897948466	-0.35974606830164113	-4.075569285933511	-0.43494427602570496
-3.3975420809091816	-0.289073808940989	1.4559589075572459	3.2488594636963	1.5664684933573767
2.019292131392856	-4.873855271583082	0.8691956234255165	0.14175821557453627	1.1970500615164086
3.0208462653712935	1.994756503979306	-0.2973073255524486	-2.0767153857047536	-0.3550658375887363
2.8938171444666407	-4.869220570346146	0.22983094409747276	-0.6355153294554755	0.3023166406983022
0.41028243062646297	-3.0995548161973776	-2.3910957057787923	-0.37714760048871687	-2.7571707477514447
-0.8219012796053349	3.0461944461551624	4.374667312730068	-2.7759596321931497	4.572911304867433
4.812674650967949	-0.34147385596636237	-5.625166997269546	-3.8681679874674657	-5.902263022191215
-4.163634035771161	-3.546773432307374	-4.704564409336104	-0.9010152927583381	-4.69053225404905
-1.9016488097426132	-0.6880193446517291	-4.383654151904911	-5.999084880410275	-4.344969695724187
0.796909051591105	-4.583734469076001	-0.5505598606459846	-0.943092882530047	-0.607570509688226
3.2857661462362735	-4.890941248403054	-0.15310394524605564	2.11038373686105	-0.17461501629598222
-3.803965610353047	-3.0011521042404663	-3.6536088808910145	-4.979170495488956	-4.1867117693875935
2.9759546490734454	3.6995220827137523	-0.8392671388339379	-0.029183999042751707	-0.9956133145958724
0.7441213117657259	0.1830474601045573	3.9960595311292693	5.179822557988387	4.315872726635946
3.9013072527842514	0.9957022843993704	-2.2476077019566065	-4.882702561656853	-1.7942537683506046
3.815896264408426	-4.17934973845743	1.90360364773007	1.5208642524129328	1.744839659867663
1.1839422554097467	0.10858510606587046	5.523877143546749	7.245896174086483	5.505439798434011
-0.5060160215291329	2.074185860083414	1.4028975848917236	-1.0853433035765157	1.5062986854199596
3.0571532676280437	3.380471860517943	-0.4916650104647626	2.3995591998480874	-0.4924268091655271
-2.015743462952746	-4.30154059427701	2.163001713670974	-0.07562278777985654	2.1850843309817045
0.5241148669503062	2.2095879514353367	-1.7902759725486745	1.4720862197822788	-1.8627548996549947
2.5734526921950485	3.468310786789168	-3.0576113106779546	2.22289588592873	-3.089189971695852
-3.288770146086465	3.098341742911293	-0.8790575208598791	0.7597876932750393	-0.9182126337682519
2.613988397333797	-3.9240960772086018	-2.1421946278807624	0.38470855762486744	-1.5956677646974375
-2.4807898662919046	2.1557633583381284	2.0333758226908563	3.089463611860497	1.937206592729907
-3.1021608325217054	-1.0990719877051616	-0.10748449410212062	0.7626120332741025	-0.16088129171162763
-1.416821280155638	3.1459807764872405	5.928958381733241	6.506855210270049	5.905336272539484
-2.7791769441633827	0.1996685038321031	-2.084941864732158	-3.898281318311584	-2.2325822816613967
3.523789766871637	-3.9015803183047835	1.622027847374739	2.922392329380794	1.4166655499478256
-1.0594322271986654	-2.5360123332564957	4.301987013422159	3.169160763060293	4.432413851671874
-4.995435613939906	4.481741538454566	-1.3170680291250518	-0.21312322896398972	-1.2810712793591592
3.8959005135397184	-3.031170213921721	4.083683107022428	1.5494771058393595	4.132712756395987
3.206342116109578	-1.0076382545484042	-0.20725770017940484	-2.966506912981101	-0.25115202420055854
1.1823490388281783	-0.1430574640550919	5.496264266022939	3.9601264610487332	5.597549393869897
-4.012047497549796	-4.880281880676906	0.766634255029763	-1.347407379799967	0.7405869130644116
2.967896560185644	0.5020902574559543	0.9089628318218202	-0.24957487975460013	0.884180327676544
1.2229147072704656	-0.17571212599862207	5.553729979714631	5.224846975409673	6.000721419735017
-4.214912114503614	-0.6528932868841029	4.188290126423666	3.9989164125339447	4.415767410800364
4.585173192874617	-0.09931787524885571	-5.9221850080549	-6.294464091886161	-5.60083184332438
2.55003635988459	2.9307163138562276	-3.2718018946276137	-0.2529476051467112	-3.232397467999015
-4.597413636726958	0.8969695810005653	3.7191669346515854	3.8848701659189913	3.740507974655118
-3.0641678232499583	-1.602869891137888	0.014882307872929013	3.97680223958172	-0.07190045351673813
-0.894919440671301	0.8227132312147969	-3.1841471443622025	-1.113513578871952	-2.9471004780688523
-0.3326905098690691	-1.574999388780507	0.008235972938706976	-0.6779897974591996	0.061733575797927445
-2.7349069614163612	-2.697966603587729	2.1436624686548225	0.4121723127250212	2.069659011458219
-4.193919638014786	-4.782600854655242	0.36560667583560846	2.6354352430995984	0.4049308696361744
-4.738876760366171	0.3143321720644927	5.7040168644755	8.266934393999207	5.686889502471361
3.1591967182615335	-1.0379452643347573	-0.053653488304293805	3.5369715161749467	-0.11387893869329396
3.1909200448140584	-4.785848763139775	-0.021713120005553366	1.2805542318465732	0.005979785788496481
4.571757016752592	-2.9988242140314036	5.880323643048597	1.4820220791052936	5.944972668448059
-2.1809651594885926	2.3329534555189007	3.3953193841132547	5.185650541187665	3.408493444512468
1.0532227109450059	4.842748682966768	0.6777893902002483	4.093186530109431	0.6784803011820294
2.0641702529823203	0.13945619243212448	5.233137149839508	1.8250983701691696	5.291209190599683
-1.5608303971367743	-0.8997094835527779	-3.730839787605915	-7.426116792327149	-4.008356930268274
3.814961598813028	-1.3285342343326532	-0.8976403835392712	1.1229475227432648	-0.817661852109714
-2.3953548157463658	-4.534391688495058	0.7212116153479741	-0.27903840637630084	0.8307082544113538
-2.2914725680252026	-1.2490072572881394	-1.4257694303933854	2.6898580691554725	-1.4194606796660987
-2.877739896680552	1.899196585704371	0.5046973564717097	-2.6958144904564576	0.4778804676869821
1.9143345281427813	0.3557569755017447	5.295664225551252	2.711798573854075	5.2974221856255905
-2.3024038944824685	-1.6345178809002423	0.2842992987116069	0.47436034451646747	0.36659871227684265
-3.063382471276206	0.4440174556183276	-0.42332645716738626	2.5878461977669858	-0.41953196513165253
-0.28353805350951244	-0.3547962698294693	-1.5739819642566526	-2.5302585922799103	-1.5701813984232114
4.9818034781501925	-3.48400790442167	5.447805213123469	2.0770910742233784	5.462538152920792
-1.197015365051164	-2.975206947292004	5.508580681479467	2.6459157533232163	5.433724346070293
-3.4669085545183953	-2.756041041687584	-1.7768763680586281	-7.980885635267086	-1.6911746129745173
-0.5855230074580673	-2.0073001924793052	1.4018382521212394	-0.5062224710143315	1.3261189360488597
-4.567458369671542	-4.385540477291778	-1.906163755715992	0.00715479416994369	-1.963598640500286
3.188473767450997	0.4651840936825069	-0.25130480036460906	3.559172936776908	-0.26485988437234814
4.991730853106443	3.199853159244114	5.757637270008572	8.165749856300412	5.81783504399216
-2.990717375990486	-0.4808255344067893	-0.7995667176362684	-3.254696757271791	-0.849996138589895
-4.5647654951647585	-3.5872021389151687	-5.355202109321633	-6.490053031303552	-5.3851373879633835
-4.424151814289361	0.12737235900594168	5.705878592529705	0.20384036417116747	5.7179656891333375
-2.6731017139387303	-3.103936073788398	2.7073213891862986	-2.4346852621178545	2.682226502952443
4.629684533090252	-1.029143374703192	-3.0827450807608106	-7.476557635535225	-1.8606544411535273
-3.462932409893874	-1.438587205711551	0.24981076612484593	1.4502835433047085	-1.448745855993396
3.941078355947056	2.047024260990577	1.9721598915012173	2.5374782858396783	1.9983008472908608
3.7796401360924747	3.2151015487197814	3.564118001156207	4.403301228955613	3.4787746955819387
3.653724278965946	2.495779679728357	2.348090487455256	8.251359226865594	2.405460008977407
-4.218978024087807	-4.806097982476871	0.49446530527094046	3.014725597846742	-0.2299189821754487
3.652400985120055	4.834462666060958	-0.357189488048463	0.6104044822983856	-0.368279971336544
-4.26124656601756	2.984354181399146	-5.333084147104212	-3.610119015999727	-5.373595808084945
3.2452571332262465	-2.3779152273018713	0.44845544872493115	-2.5352413019690365	0.5671251209856756
-2.1142072278158865	2.4092951008229555	3.8191134547753696	4.334422865081508	3.675704232825336
-2.358278905511378	-3.533979244220664	3.912016233072576	3.2439761664116746	4.3941481975499626
4.697133157475758	1.6395412440111379	0.41209674057463197	-5.150656884067595	0.28980543227274036
-1.5409901917530613	3.2393777725186474	5.968684773355829	7.981479651119402	6.077987505765487
-4.441357698042601	3.0249233868563934	-5.741671980789198	-0.7714529942622299	-5.888048270073902
-2.1953446932195444	-4.605147586856411	0.5209829136329373	2.021468959473482	0.4684861996195992
2.563710135209277	0.5377040493067078	2.8150094611848444	6.411147812316712	2.8474792358182137
-0.6405658918686985	1.3409473985274554	-0.8169760980270175	-8.725890220990411	-0.7695421464887937
2.511499348988333	4.482734915198666	-0.8047828680084795	-0.6693803749745473	-0.3901246226925688
-4.675477578571256	3.9890152529278797	-3.9687986296731137	-5.313581540188811	-3.9611238274772544
4.151290249775476	-2.947456099137061	4.984595552423033	6.445800564233139	4.865811555339313
-4.901334275458838	4.78466287291473	0.4255550439142925	0.7666244739987552	0.45805882074056414
-3.749380794889956	3.291860014463481	-3.3877078065070134	-5.569334813442922	-3.37748154966312
0.11559841644463731	4.804633958427374	0.06374734527011224	-0.15363445656646435	0.06065884369139971
-4.839387912199113	2.0849231556818637	-2.926885341918665	0.6430368693508779	-2.790088479958494
-0.6010983906777163	-2.1696395820288106	1.9127559450967908	1.7202719185220554	1.892900134738291
0.21011497831437964	0.8902476950646854	0.7874267798398683	7.4336715697775	0.2030199296221229
2.0809456021662234	2.701961160964376	-4.738128160585736	-7.007684105308171	-4.161755578194893
1.4809312814774875	-3.878662219957217	-4.424721310768577	-4.083377416140371	-4.40464908692749
-3.6154901598835023	-1.2884702557359198	0.7628212460959068	-2.110634910442737	0.7418693048882351
-2.700326061946423	-1.6918189082976278	0.3093651523141664	3.619305785107382	0.3686805563883937
-0.6198687971926118	-1.687853718767991	0.4070806070549841	-2.350095763828568	0.16434930782673524
-1.8725534712395895	-2.526822287043897	4.679967764780266	9.006582757568665	4.652765229543268
-1.7908164517799428	-4.000883370114988	3.8234016143707352	2.710579174715934	3.817224281171761
-0.5632295236655587	-0.4835161818004643	-2.8362850256780003	-0.5501221891044508	-2.8039606876713297
1.4021433774137844	0.8625233848509133	3.847759761574533	3.159867623888938	3.7740800951802163
-1.3641224516733708	-1.170415316702921	-2.288847098416253	-3.5961195982582357	-2.3646230858000648
-1.5765500808458088	3.0152517677019333	5.952079079105619	1.398502510774792	5.965168590717178
0.1336892375816534	-4.157767140141388	-0.42116486559005084	-0.11819993567313686	-0.43510326206346533
-3.3611775851591075	0.8682330160692349	0.8445180665923206	-1.2655582332137734	0.8130827204263946
-1.765488925904922	0.7567222303455541	-4.280120754014121	-5.4314782678472655	-4.393416266338929
-2.4721506630197787	-2.9452813720021975	3.6517768572548146	7.473173901938186	3.6189939902569948
-0.29033052569774576	-3.6652109535998614	1.4874802454351648	-1.6647636270001485	1.9400981042988001
-1.8458837680514995	-4.30200967141989	2.303741760661177	0.4451260754008135	2.178997305489547
-3.3859768662538925	3.2762685423855586	-1.438607514212581	-5.355623125912766	-1.482195533760166
-0.34290424266896835	2.671972823108158	1.7989453755193474	-1.2972465189755553	1.7833052797781028
-4.801514998908216	1.4649551427174128	0.6313462387520491	-3.2121084031547453	0.6894110989718585
1.8444724707027333	3.5218093364862817	-5.364155429597698	-6.709081341415719	-5.40460565340876
-1.384607103523141	-0.8440538074613855	-3.9177305055188762	4.138766324279367	-3.8590685643691054
1.8405306234764174	0.7915265410040657	4.064097152016954	4.823416868109386	3.941441999105935
-0.47822971752648247	0.040079231526095604	-2.7590318648754284	-3.92260707775937	-2.774812734401704
-4.814316449556841	3.648499851217002	-5.218276280908797	-1.568337060815237	-5.164268945616985
3.656220730272995	-4.955101582090874	-0.7097781059226104	-1.3883518124594278	-0.7113862493166015
-0.21581642893751152	-2.1004910301892785	0.6492061099543031	-3.8782733046995386	0.5452828256096892
-3.0015934944294154	1.7179109664510852	0.12272845864926712	0.3802227328765403	0.14755183573225517
-3.3385087659409853	3.760745213793319	-0.9559699326752177	-1.6990688705010544	-0.9895754810727458
-2.784240132025265	-0.913269284918524	-1.2826879921873784	0.7347785677243637	-1.3030824827563676
-3.3802478386631565	2.074216950760378	-0.6842598968710975	0.3232744438529428	0.2811966467015654
4.760280482782434	0.0020259109379816564	-5.993108228215956	-6.092800165353435	-5.845578388093965
-1.430731967092406	-2.944423133293742	5.826130398963093	6.80064033161298	5.820359739437022
0.19897931430660432	-3.856978934946307	-0.8952502179247727	-0.5400099854458643	-11.233095189212385
3.565812472889375	-4.8865343360171405	-0.42790917950259355	1.1468875590919352	-0.4150938698816329
2.1447259886344856	3.101629490339173	-5.034620493996974	-7.290298982691628	-4.977587844146466
-1.6019127008689784	4.798057376576876	-0.5131333656260224	-2.429688453686751	-0.5251265210015158
4.499964785445641	4.260120317362162	2.563106873690422	-3.6162489852738227	-1.9637532455090274
3.9465749523888025	2.516555745300674	3.5072493044176696	2.9769195421879138	3.461991675196512
2.633964622803365	2.538554207939983	-2.4021873547728054	-6.58060188505625	-2.9975045136000333
-3.5255092379632003	2.2959825129388767	-1.4905965753312649	0.28758216050888863	-1.5547029844566576
-4.415025357254767	-1.4879514948262007	0.47471031686904935	-0.6548920410491035	0.4447073097857397
4.513494597629965	-4.421334926189953	1.6878289810979623	3.538759245706459	1.7269100043388588
-4.588145165088923	1.8842602366645433	-1.8358721266344158	-1.2141690111288828	-1.8524442543982902
0.07127169019185331	-1.196582652925986	0.15618393033009817	-3.328612018175518	0.0621387701434543
-4.584538439002989	0.8523045232808579	3.9172654608040833	5.358793969154574	4.015816296420942
0.5150521830519512	2.3554814048975006	-2.0883502988957123	-3.813155542709791	-2.128556513335946
-3.8917367026358987	0.5096546018487942	3.570620288748826	5.535454776984361	3.535970218858892
-3.3254189797148728	4.360877646793224	-0.3776320620353902	-3.3398657220374197	-0.3199376351624095
1.5313717519474057	-2.892603047568445	-5.810452904052147	-7.18548829015773	-5.788687739405369
3.4600156755479183	-3.2441134528351334	1.868552566976543	-0.8615854411151929	1.871114556211021
-1.1986292363963615	-0.2694595175694179	-5.387560519609757	-8.511766073545608	-5.353053075318078
1.6046721757169085	-0.9200306295746232	3.6326893390374595	1.3961950633521099	3.656807811900679
0.6150350911544553	4.744913983472298	0.11257920795285195	2.565051392638442	0.051156027593615656
3.0194963900582987	-2.4794965849649997	-0.5763533741665149	-0.4397003580690224	-0.5562558779081778
3.848225331444267	1.2315067050436257	-1.2965425565148196	0.257152356508489	-1.3076505026355225
-2.314403688187585	2.880297908435563	4.266286451618773	1.9560330543259123	4.481920431399064
-2.64404016845335	-2.4510613398871897	2.207615439585596	-1.41641599749497	1.7873207680558922
-2.986889402609838	1.3439214983884487	-0.20795587330566184	-0.671829267505534	-0.14684868605831958
-1.3861449746501342	0.15107529135885756	-5.8308226181008145	-4.2568926021969915	-5.780593716396899
-2.840840238189829	-3.8135379633967825	1.3910411704576673	-0.46349333643676904	1.3789798421815385
1.9368413029616862	-4.1643716376346065	-2.918880521400775	-4.733365261945089	-1.876641218429623
-4.075438940751363	-3.101589632630195	-4.819621828242189	-10.122818532445507	-4.834439296227003
0.6692525428182128	-2.2890859215781534	-2.4497030739758814	-2.981661048421283	-2.381215125090988
-1.4615430148554012	4.592940727409115	0.7107235606101139	3.765356883747402	0.6867392627493317
1.961100590706879	3.3417657180450924	-5.437963398092947	-2.7662947929089916	-5.4498661177413315
0.8919492774289592	-0.9830634698033975	2.5892813615665724	2.4265158983642228	2.615250051015607
-4.471455846771053	0.7719298136382138	4.175210691502653	2.867827431599779	4.130423621810593
3.5962905686559328	3.0046915833576158	2.6104903769827343	5.004301863350086	2.564270181920111
-2.857737333075069	4.41909680964398	0.4857989563713075	3.502505591877722	3.409240176505196
-3.3818672913623473	4.793292442545592	0.11538930829540611	-2.190779242499836	0.3656305246339175
3.4956565629017717	-1.7999461149436335	0.47253366031852645	4.180377008623257	0.7347484673753029
2.1837922527991562	-2.738734164866422	-4.514688557040388	-2.2453319140637213	-4.516647828754244
-2.424511298791905	-2.3327327832724034	2.7220333652288984	2.864921489942645	2.8881734088389073
3.1464367633158883	-4.142845896063631	0.015672977674725818	-1.9518617965995406	-0.00596084416374372
2.6907929151557255	-3.5754665191037427	-2.371899922438538	0.7860779847954222	-2.3054008925067957
-4.925443392009155	3.7522593388725287	-4.8044520535132405	0.01416928529299799	-4.87012664463231
-1.0884261131104123	4.638170345556409	0.39413872528296373	-1.2367204129539433	0.3297282840498054
2.947037106532269	3.5818764122161912	-1.0493562318458165	-1.2559244796018412	-1.0651769002825862
-2.172970570563595	-0.9284619707065129	-2.9621642286219747	-4.122358964315594	-2.9280660645023047
-2.4704012745375503	0.03190786820480351	-3.72961685924425	-2.290088822128994	-3.7742239867908953
0.25372379582174354	4.744517915528121	0.048379831152549437	0.5504948044704168	0.06632648199017281
2.2593239419632285	-3.5171582570094975	-4.310169183186022	2.9627594407774698	-4.073934780954372
-3.192649818704515	-1.944101891949972	-0.11167332113455496	-2.333872902930101	-0.15352539960744244
-1.221548503433426	1.94063980235875	2.037886288015118	2.7833613200247935	2.0436370311917442
3.0974209705987974	0.005447724695921252	0.2649399898689867	4.833509542491108	0.8975097694554004
-1.8644423869536189	1.5641717446668792	-0.03804581946697177	-1.6091089884166443	-5.869971038518357E-4
-0.2875755507621509	-3.9862145912378057	1.1299984924802764	1.614388779170532	1.1222895320699193
-4.888288762798409	-4.758598713987991	0.27288302003441034	-1.620242312653374	-0.12991017478367178
