-13.818977299705956	-0.07578216548980174
0.48732083695357803	-0.25089430467394747
-12.520559202795189	-0.15619891245079107
11.616847806643687	-0.11586793025920436
-2.222212033350932	-0.07472992807754229
11.914665578147678	-0.1577684555372446
-0.7877782505009596	0.08506379799543798
2.636589760682289	0.13564082168119498
0.9690539044501418	-0.09873615018620094
-3.676503205459019	0.10337501103350169
-16.090345599952833	-1.7258557348507446
-0.3312903372218972	0.18352840774204535
15.673127236171505	-0.1348069783143962
2.374022295613434	-5.696543703220023
12.552614189516339	-0.11382307164527039
30.35259582107267	5.491059513273465
-5.325085626689067	-0.21280885268246835
0.25941656444882316	-0.20549660210905513
9.664834375526182	-0.40615064487980956
12.128225325965342	-0.12777794284089192
14.360012800250587	-0.3015772389555204
-1.2204923320104348	0.47234840509125664
-15.598915520387436	-0.291566477074396
-6.158340307326718	2.3692593345893878
-10.21062689829984	-2.30961853267976
-18.957850867186668	0.6302535343456067
-14.424759281204711	0.44131545332466515
21.444183554071536	0.38939252389697027
17.232427382048925	-0.09780087616491866
-3.2398711905859723	-0.1338294064810106
-2.230666059131808	0.14682774959060996
5.440565307298727	-0.2649359953367822
0.6643373642342831	-0.007703401316172485
2.920662501699642	0.023995187427575306
-27.85045709043302	-0.21443705558576648
-27.60430416049977	-0.7062532441788867
-14.17729403682713	0.17008159803220757
0.6831591397798504	0.16234479851170994
-4.787012544070954	0.1778725653787944
9.083549670961458	-0.709675344409158
-4.252915293446287	-1.4223484747552604
17.341558290995135	-0.28313730963929146
3.0867420595242896	-0.32008971757323157
-6.2540491421004	-0.2982118937520044
5.713836588949321	0.8312768676982591
-2.556908654121748	-0.19343967806207576
12.734395287507382	0.3019584324387156
-8.058199244768222	0.6707941062780278
-21.46027235759693	-8.655524962565687
4.449613845120871	-0.7950562786896819
-14.611469567363855	-0.5207776531852434
-9.562599426475508	0.08715634584390015
-9.202739088900818	-0.762475620557869
7.480848555106302	0.32491898982465045
-6.05281185183812	1.2837618655573853
-1.3166152122457842	0.2687235127837554
7.683309996640481	0.06245314564154531
-32.32116628344803	-0.33217200163674254
3.3740579103729043	0.03729708034428675
10.495000424579283	0.016476410724057082
-14.209709576015843	0.008274713057374164
-9.758886667717732	-0.2058567330225336
-13.258259081631747	-2.4911333524015804
15.850236144137812	0.07082555157496948
1.034570384009987	1.3765487012248516
7.767231353474714	0.1270228402719375
7.753666497360597	-0.054750040353705356
-8.683727118731122	0.5018568635214316
5.616876102140645	-0.010148951469343977
5.849219527937937	-0.12317618594609478
-12.49662547151406	0.3213092870065002
-6.248982607432609	-0.1970251306686951
-6.814795064936487	0.478549850957556
6.374854230720108	0.26811172325318117
10.432738564500783	-0.20825851621128072
0.4152160416857163	-0.41847676816057855
-10.956777335970086	0.05078642887975703
8.37876877629132	0.09065301954841508
-11.124387621274067	-0.5393760778409791
-12.44590172283055	-0.27868566332292083
11.229890625542605	0.01019289599745608
-3.8125666962967175	-0.10435316885614847
-2.655331365125988	-0.5358518127275772
15.278815767188147	-0.029007798600208815
13.042868728562622	1.394143652442397
9.500792367938198	0.5158665761691437
-1.393933701813266	-2.4199348772449003
9.949787250266818	0.07303570841195994
1.901403186050022	-0.1229701460461112
-10.605159158682765	0.06584442609836036
9.537754791543376	-0.042357325799233306
-0.09312089808311601	0.6714150451028774
31.92271075050389	-0.11350498621657769
6.512525727059749	0.08113937577436195
15.12625235924598	-1.3090989470757102
5.7703702813400035	-0.3152483362238999
-12.126108256172158	0.6005920187685865
-5.012270057650947	-0.0866612361205382
-19.285659108914093	33.29383110053837
22.023402060303418	-0.3642843439298144
-20.157209183366447	0.9020026884108155
-4.536335020575126	1.0280627399635895
-3.078200813714259	0.18523064656122357
5.3357818125426695	0.6506895274614788
-19.74231310999742	0.23837590538223782
-2.0811063566862016	-0.33917678591669703
-28.725677929101312	-0.23174515609779878
6.244186096147677	-0.23985511295309447
-15.079964383675144	0.0025944867293124954
-16.66801297151435	3.64094368620766
-24.318160890530038	0.32171684273906054
4.976519469280315	5.788236540676665E-4
15.100740539692561	-0.06805967156424342
-2.0554973944008528	0.0782745425864135
9.42391217927228	-0.1411953851116876
-12.453289047061624	-0.4329435002201788
4.6512539910192725	-0.2799588912631256
12.135699338258158	-0.2767564223330782
6.888997104927201	0.4446767405738888
-1.4213905825478617	0.1264192323091658
-2.3669938320812465	-0.494233526540367
-0.3590532788541717	-0.06380988395012041
12.559868058696077	-0.018923082086419536
-7.821263852719312	0.18923415476982258
-2.452491403273667	-0.2957245797129927
29.294811613653746	-0.14261901696357046
-7.771158788355223	-0.06268582003969386
-11.925260248272947	-34.27196605134999
3.002627867302183	0.7850701053104204
4.690664510549019	0.19061963352774025
1.1864215309598636	-0.7835929843917234
21.91668781245783	0.11037615859255047
10.412186191617002	-1.272440579334948
-22.535447086469276	1.5322080507695524
14.982747947918556	-0.40976642061736135
-0.5585556143513694	-1.9036921530449813
5.544212867133442	-0.14693325955400555
-24.013241371948773	0.2855635681292795
12.546254999911916	0.25201685507749455
-24.58246085653191	0.1745004150556147
-14.815438640397403	0.3408936107452075
15.281479188181425	0.010656098903304247
-7.347663304795446	1.8755997741154393
-7.039282369314007	-0.23364458561671883
13.183085018305666	-0.22219127261159294
-15.716809290014616	-0.21323368862123288
-36.64144564131584	-0.2357994804740278
-0.2885018627243415	-0.6086834427648642
-12.040885019674745	-0.1297740736123119
11.947740333133451	-0.49350912159198446
-10.721012351869028	0.5560521696508818
-15.677509944398663	0.5273095194342272
21.74550374482961	-0.21088479704034646
0.7468116754523635	1.686649303557621
14.528405401013638	-0.21937092952508208
1.6954771753683855	-0.15502414956880978
11.231312635373934	0.5464404172550975
-6.778048203002666	0.39445939357890436
6.512075944813452	-0.17197133468540876
3.9569185700672724	0.2869299056877214
-1.2626796581109025	3.2498883813380366
-17.88607278866163	0.6629121262376557
-23.27811224946606	-0.009468349452323298
3.188181522103624	-0.03473474151143462
1.2234731175785312	-11.164896562782468
15.073135581816377	-0.10091458265982922
-4.396404942109044	0.3812846464919497
11.179274262923881	0.24115577497958343
-15.042329119922774	-0.2932200420946355
-10.872054627978558	0.22066353793658738
10.942049919244347	0.4261545595110956
14.20956706843488	0.3739338117764943
8.01625441905148	-0.11284103857209248
6.2461948767945525	-0.2906710956244587
-28.112024781972117	-0.8364508962693981
-7.908843043705565	1.3207468184056528
-10.992664612945582	0.015331497686364303
-1.6097612438565037	0.1840074965870029
11.240698125512559	0.24782334665082387
-6.939930429313587	0.9836811456329033
-6.481511903966266	0.12161293236226803
5.114305132784434	-0.010141275412680424
24.52603855863028	1.2985695364240308
-11.559701947455435	0.26447028218956625
0.616053775854569	0.05293394084869677
-14.586282588459314	0.054230730856248875
-15.031126972262307	0.25338289746439413
-19.27925633638245	0.6398651242819714
4.948665101662759	-0.3485091314833636
19.99514039697505	-0.313443367514389
-11.321407287706986	2.3261218774335956E-4
-5.478576006281199	-0.20300824587592978
-13.222473002089515	0.024066551650058995
16.07018177096573	0.24684634845050554
-12.325078743898118	0.23068895569505551
-0.7503899853671664	0.045181510728844486
4.383125279668193	0.18660376061289713
2.4990453862481794	0.2620451210455375
-10.505438722785946	-0.09532056312556848
0.5986791058169733	-0.2041719360294486
21.985765265746718	0.5563431847391146
-1.439452713717337	0.23369033655722854
-4.106757091007588	0.30193458379411564
2.224890115123662	-0.24630646749078655
13.525675382787552	0.09203711681444876
9.442805448094841	0.5005596091550697
0.617397132763419	0.08978345154670964
3.2286422035971145	0.027416052333076188
8.74561710023125	-0.25374955031381125
8.357313525721295	0.35415766438532603
-5.572670846362669	-0.42762059121998547
13.831873996589215	-3.134506358139248
9.440631527087751	0.06291627398013303
-0.6669928443145138	0.9013191202432516
6.766796686202487	0.1830046878567788
19.68893601599825	-0.1012607577154757
-7.295870989519834	-1.0239901559957343
-7.052458828820378	-0.4191876524429826
-2.7605873887123016	0.12475564552311948
-7.24004910490977	-0.7542481665571898
1.2801960318030357	-0.5761804546340712
-22.610933923178717	0.24595117531436025
-7.993628656808573	0.19112735081080637
6.26466048031819	0.4462500636401377
-14.759512535556096	-0.6096421682986517
15.086829508168993	-0.15173968700996954
0.6207157661119442	1.002756339649603
5.668821100965849	0.06534198094417312
-5.355192555337921	0.9653059163352582
20.841059002023535	1.4343698346468234
-19.74383982366283	-0.6773113903826495
8.849374167289495	-0.20697621727218735
-5.387362183384033	0.1590900343355352
3.7627836909463896	0.05206014400383527
0.5367402991198359	0.5927027476324094
-5.4713585916863305	-1.5314212403452727
-13.403892794494684	7.245349024195744
-19.657373422893908	0.23868411910563334
12.66839636162268	0.3624957546974651
-3.3327533685994224	-0.09728761304050516
2.891446693377716	0.45845051725141694
-1.0314538129066775	0.24460195311194938
-6.5756859220587796	-2.988495457313569
5.679956130085543	0.19140938026125606
-29.35245413152823	0.030274443628726277
12.522585425500472	-0.07702460697483027
-15.91707932929747	0.006996280681051838
-1.2906324562393479	0.29713653506170457
-10.04483253013349	-0.03943315349235685
7.444271629699898	0.09339358092163365
-15.952509125421138	-0.6873194900253191
-6.86187134802026	-1.1323438613789854
-11.999212131687287	-0.26574510657829004
1.1421775487823165	-0.10876508088217236
-2.7973519762105505	-0.13406027822695912
-1.5424587490788455	0.09986842389413819
-5.093071273837474	-0.2569751554442259
13.739611082616781	0.23355793436569758
-16.793047947827397	-0.24128073274380815
-1.081261647642764	-0.3968595129845752
-8.818120497508149	0.04148620384534101
-1.0481263496065216	-0.059514939259035296
8.736475945728607	-0.4705492876180392
4.74130237892241	-0.3671525834309707
-1.9213177504227357	-0.29815546420661254
-10.8872461265627	0.7190721824128149
-12.338007078183285	1.7596370496446034
14.70240072159262	-0.40157960233626966
-7.845451414143871	-0.07052312639926367
2.152809469952674	-0.33371209502809224
-35.79474770000472	-1.608100303889422
21.20841318937269	-2.610363623876237
-23.88037498482324	-0.2377278863204704
1.7340532448248005	0.17477002514732237
-0.06050042974033113	-0.31098439982856246
17.012666954302702	-0.25057858837838265
2.9291957372703883	-0.02205821289935515
19.29890356981546	-0.2057664291750019
8.851576964763023	0.16785339400801322
21.09464118726704	1.0250373585081887
21.874854963288463	0.21262963194945506
-9.004643050100851	0.7743425794653293
-1.9848765274604243	-0.29286052749122865
8.943278138605288	-1.0960299168368244
2.0448452504070826	-0.13176839560097128
-2.9894404089015802	0.03271870227814118
-10.149253937172627	0.028238658159323898
-17.587878725727187	-0.7195281323572973
-22.042599666077184	0.9359153011299631
3.4232082435231694	-0.11410072203094311
7.445267058751553	-0.07721414617789894
3.594835049118302	-0.2861112482766972
12.56078965477591	0.03542470097778219
-10.536717076155742	-0.35354028774848684
-16.579506525906957	0.571334430213756
17.756072968996378	0.20321074146311993
10.810857877207217	0.5626994970027229
0.8684237508822553	-0.2532710241470603
-2.6627113658791406	-0.029190476713168583
11.989805574914593	-3.9510263661695264
10.940707953404328	0.2661086433403852
-5.5354207883761335	0.8581946412254529
18.151079030919128	0.05788790571538002
16.776643078382758	-1.1019962712777647
6.4611096073749215	-0.22352980003935444
0.30742911556954866	-0.3646934427574502
20.207274199115112	0.06317192283644683
4.3290778559469825	0.1783495056700703
-12.118414322524568	-1.6897858584985945
27.12371269900588	0.35344628533056205
-12.460208423229792	-0.28063517484201467
-4.904776970995134	0.05077073926670368
1.3426081349070191	0.0032492753982209382
6.131489036652053	-0.12278597703269918
-17.38751043195803	0.10500618720271034
11.747210097920469	0.08659686706183686
31.885960588271054	-0.11213606599844715
-15.582181343550257	0.0427642371014734
10.757120036499423	0.023044747149373403
11.53198452742255	-0.9587930560462392
3.7981225923295394	-0.5530429584959442
4.585883061904894	-0.1953888790285857
-20.406040808062215	-1.7531441182754888
-1.6241814237649541	0.5318198029152509
-9.761913895253622	-0.02094199299835797
-11.320363909950865	0.015350159604113523
6.659854392949919	-0.809175231676105
0.6051086934313599	-1.6163564708567977
-7.02726243513279	-6.233252060831324
23.50302724218392	-0.11138367093248372
-5.75233364422451	0.2856911362615531
6.35274485082862	0.059053154632252476
-8.258943674319603	-0.2551336248097585
-18.342362085357195	0.013045960950482131
5.055238333243187	-0.47663571797843357
-11.998193280183058	1.3828640470504598
-0.7659137289623108	0.08363105882309059
11.04260175464822	-0.25524445421938374
5.93416367942119	2.3308616494176877
1.5783241592064081	-0.4669022474003025
14.395255585956606	0.24432656666611557
5.260779757223311	0.745233287710348
11.86460648876293	-0.5388879803761611
-15.054231112763302	0.5238050530226391
0.6699659887152081	-0.0037489108346910804
-2.218039427663916	-0.799213956502112
-18.963084494070156	0.06170510264222506
-6.830015408682993	-0.3985834085091326
-19.250759323542496	-0.4545637974456134
-5.938767523062236	0.22456206794059905
-8.787316621100251	-0.4988362384663941
3.2372862742341946	0.34447310229028033
-10.33302180720906	0.40289133090807405
10.451481541873836	-0.017352701638386633
-3.8434073957526	-0.08990694351342972
-11.283225160548197	0.04067140512526052
-6.137357858187942	0.19094604013074087
-11.186408420102465	0.7381055575326896
2.3862907763306582	0.026724113766167578
-22.33171075245224	-0.1482039114775043
-7.923618880370682	-0.1193636837035611
-5.1717906562149185	-1.1820558953654245
-2.429123687938251	-6.0702575205457725
-5.249833039730893	-0.019937224769959048
-1.622793590139107	0.35134119562777943
4.610932230519967	-0.28250357057615205
-10.360558556362042	0.1944606343882587
-20.526744249442554	-0.7736359678944916
8.943470026010345	-0.5177505544447537
2.73907578103351	0.10386173221081893
-15.078015762723227	-2.6905909787731908
4.89425619083688	-0.16010021957064088
-16.213946460192798	-1.3685793285931371
-4.292028158771397	1.6796245834832086
-3.9867784856835686	0.4693817303715088
11.330110242470727	0.795908411867938
-4.430439700401192	-0.819773991502614
4.881416948277138	-0.14409127147217557
11.659879764524591	-0.4373347370191683
16.75433469052444	-0.4286459141468897
-6.52337469035783	-0.16385121433843577
15.045111105442269	-0.6481125404746565
-17.268882637160903	0.08996007570707112
-15.394992269005211	125.30561108322482
4.160978018540125	-0.05390007363056445
-13.986872815260979	0.06829325616781988
18.872250690956218	0.2571614859396707
3.173431338717771	1.5443086989036736
7.100787200647694	0.22327626785839355
6.519144618011231	-0.4816745172574373
-2.9982174938232977	-0.07501018402785427
-10.06428671016131	0.7945186334030285
24.44037807109656	0.07273751434365672
12.53360925894021	-0.2527792343445235
-18.124304554003597	-0.17745709823110103
19.243183909480347	-0.0834065707399514
22.92434832691893	0.055291412632419636
24.42607888995687	0.20215037489251603
9.899670997886282	0.08112670226961681
4.043701095871098	0.31976575313090244
-13.550575676226455	-0.09650376945819429
-2.9965319515743296	0.10647196425631428
-18.879099097063904	-0.22809279774383567
0.6328597115064963	0.14687431246767907
-0.6790167545766708	0.040588723071770715
-31.481655800714062	0.9167923851093664
8.7343107934056	-0.42448292408400395
-5.413533325092397	-0.05628083737812215
0.0024804375037578152	-1.3561050517988011
-2.8695165001955485	-0.7246902811790471
-11.905230279336553	0.20115006635159058
1.7993096744726758	0.3415457416945008
-9.502087218111717	-1.3917655631867742
-3.8015239175841105	0.3261445611844182
-19.43127306845333	-0.20867563655239788
-3.4634175299419723	-0.3364049877515073
13.0348682090884	-0.07556367801552816
-6.81910660110538	0.09826677218842017
1.2266090989346012	0.5392322282508918
-19.490369110355807	-0.2889180503669766
-11.45964253574406	1.7955228404170085
-21.130484861569144	-0.08155010972038919
5.949641788308849	1.3536911928111506
-0.8988243949221161	-0.093303946746649
4.852340609561885	0.8864269294107953
-10.074689274474828	-0.053099031748066995
0.9679809680975615	0.1275798238103172
36.98174698630668	0.3623904898892222
-5.031684236341806	-2.2173583587679118
3.5270907230175528	0.04882797851044486
-16.230547447776893	-0.18434773012783254
-7.577458208563147	0.23478570637055463
13.433195234089803	2.1221217705378415
4.104097699363665	0.07972426623843928
-10.999878785233197	0.1260450962747931
27.26076095874467	0.2578526792064488
32.97906649513352	-0.1843289908871622
-10.110005887493312	-0.5749207878216255
-33.726130907942036	0.2706178099603072
-2.9063707525736895	-0.14529668953493446
-8.063459943156282	0.10322018596048706
-1.1609133175788742	0.6547719563799728
4.50031465798452	-0.3481958150532592
0.011225626139046584	-0.13426897015344735
12.920989001911892	-0.12321054145203507
-1.1628848234239861	-0.27596028778129295
-23.60070262436259	0.492598423851051
21.3253339255858	-0.8833688853925784
16.250883628635407	0.07882604716446523
-14.230060387518646	0.10210901677998352
27.935612689049126	0.09750472141273556
-7.037149227968993	-2.7715867052520817
-3.4280002578725606	0.4722394661007246
-18.85072120531311	-0.6263539993923907
-8.184953001124969	-3.476660013780029
-3.5668580698100762	-0.07152163857003926
13.748472311501482	-0.026727739940412998
7.2742986938553145	-0.915208780506323
-13.783035821838029	-0.35118784232197875
6.63499449207268	-0.16993875609939035
-3.905598140620928	0.024117193316341448
-22.84906805819398	2.6091870221824176
9.095943389588795	-0.0734103723344494
-17.6820472487921	0.4333413631146388
0.15324225940988737	34.6492927598749
15.917813206307018	-0.3268379268613555
4.307275764155028	0.33797862017644037
-6.03920240426985	-2.3793259678280996
22.77344444446231	-0.13443076083002217
10.578782604301685	-0.325637973762414
5.380090766060557	-1.7744058924664394
-26.131046897874675	0.23192998195803047
8.005148168971198	0.00644735002503517
-4.462326295124628	0.0462242179102955
4.994027771004374	-0.07267713589228797
0.4462946176436322	-0.5163749562015378
-4.307961264879534	8.67831752523062E-4
-14.372757134428678	-0.02566373295821628
0.4132703742643819	2.480752897443722
22.246543559127833	-0.018501898374304493
-3.9357270492512355	0.046458866242024575
17.03591411181592	0.31224587275906984
15.698070362666272	0.3340048126823019
-1.441910391020898	-2.8307959667025466
-7.385856980539324	-0.36425385067648725
12.598993770623823	-0.7320407393665578
-30.85239366337788	-0.5655585900473803
-12.931284402124865	-0.19768037320256798
0.4517521533098647	-0.152471147794496
4.642668656980907	-0.39637474811063456
3.6732071503156845	-0.5484934336083296
4.180525976886394	-0.007889733790688932
-10.309285778825284	-0.44030185987548043
19.779189153735054	-0.331801015199508
13.087653781222773	1.5606842965004637
7.176090412149902	-0.09487180432892878
12.538680569923716	-0.03930238251542659
-1.17575000077368	-0.8548908211143421
3.3873156551381722	0.2934047044215545
-3.0880427483896686	0.22736683894204177
-2.9975465135003723	0.18280652077718504
-13.096625940211188	-0.07431162294904842
-0.3071957308058691	0.06486082042353113
-2.758583363100547	-0.4903529185426631
-0.6692089437180629	-0.647907941715383
-7.494294625158716	0.13257946549945043
13.13054638364324	-0.11896258836348113
6.714638786924532	0.15407439007387935
6.44191151625638	1.2003893315017788
7.340410938782211	0.38221999224475506
-1.444513480253522	-0.5598972235943628
-1.1103097666762873	0.09282857445432731
-13.943499406740788	0.5031421573110577
27.348160349355837	0.03932866555892852
-3.121692379350873	0.4552504029483547
-4.059646516582537	0.09899739754798025
-5.417879872182931	0.2031634146397044
-10.50097256517898	-11.935864499696528
2.045583858981784	-0.004413731321699983
-9.971157001183357	-0.17714154604588628
2.2924513952638024	-4.218795217187558
21.054993130255077	0.19654236401876107
8.794583906869642	-0.6890322973180406
-9.665320247460782	0.26688208176341954
-1.215988710535546	-1.1271594259066666
10.031420990636533	0.006168914276846655
5.213150507961465	-1.0578128140229597
25.85903961044162	0.09708478657050802
-12.624762767266496	-0.1722602861545222
2.1984616633021763	0.7873447340537444
-11.121305214903707	0.02979714046771144
6.824685770540474	0.2913872691045436
5.8379229401244235	-0.305702206791502
1.522868881423246	-0.5471780315283086
3.8317325091275523	0.7013652248331289
5.360085863811179	-0.3487146035142568
-15.51069638447112	0.6184157612255865
11.696557503430746	-0.18031169621834534
15.684625038676348	-0.47522523295745234
-9.068151784263407	-0.09390892331466853
-25.640841863259148	-0.44148927255309645
-6.122188232938213	-2.756403142257129
-17.170646880438355	-0.3855184761305862
-3.734542444381072	6.465725439033412
-11.925875252379281	2.186582757980583
14.788798336115672	0.7534407097498724
-15.060233987214334	-0.008089202694463941
-10.078029114675267	1.770560798291398
11.835363493257328	-1.4004714860507803
11.070090088056599	0.06967524885579679
-13.015852334296142	0.13665775502430247
-5.287183637900966	-0.4651692522269156
9.40991017315473	0.3231435319031248
0.16472328478056955	0.24268961078362572
-4.3221477520608635	-0.19284355783420173
-7.387344489423899	0.3415949792034054
5.747990765862688	0.05202482390849566
11.193892871862623	0.5710650050741889
1.6171075487364088	0.12753686207600012
-3.558222127454208	-0.19005254220926718
-5.385883944027612	-0.3702190838270429
13.519124064695315	0.07677393457021348
12.703518085526033	0.3380156559538915
-11.779193111778579	-0.21354661871067687
6.33539898471596	-0.1117389636597501
-0.5858533013125771	0.161958229870685
-30.2941189301003	-1.1084158656712446
7.256706381520365	0.16971635956291306
-3.5936638911956016	-0.5988211905336102
-14.399394284135894	-0.014005642485160669
33.263589926177936	-0.006878473528529727
7.682050678810295	-0.8503973391559142
12.292884425921395	0.5773901026268198
13.007829624009512	-0.03052188336246689
-14.130525658579215	-0.5788511241256263
-2.024989976806826	3.118565134573965
-7.013576894782032	-0.2958087327793263
21.783301409378307	-0.7654770674714081
1.5708696132895683	-0.3130432458508908
-18.003172720722397	-0.13039440036756067
-5.387733706341829	0.2359188984346529
2.513828243175858	-0.06842658392068034
3.591866404234679	0.25275759112080537
-7.933680617519008	2.112119807837594
-9.181745474743325	2.2411870565038217
19.39473906243842	-1.8494729430539016
-3.366617830865144	-0.5330621708466343
-0.6710657196186488	0.08797946254075757
5.570433149840229	0.5214908319041113
-1.7885050594049594	-0.012035911685687977
14.163911329796687	-0.15633400933109506
8.44181101804439	0.28294929549937653
-2.3046102811738227	0.09112318029644056
-0.4122915997195923	-0.6862474692125259
-10.50237086891464	0.028781902076764163
6.301647956538274	0.27370973077979704
6.865352833512183	0.553355980041212
9.607086666592371	4.76202794730255
-6.761588997911723	-0.028639762702302795
5.348985572308719	-1.1980548408535872
-8.587192717813759	-0.39098825730054093
-4.8565132836563825	-0.014890339295757858
-32.78511329180438	0.19490530124816227
-4.988399114744963	0.07703895991661355
1.6188040296742845	-0.03879232198750209
19.257864658651037	-0.9941295804158061
-4.597948540724214	-0.19044527995956878
3.5579636387155684	0.0931235240563268
3.9849202577149656	-0.24795294032246626
-14.398958005313496	-0.23536844941296936
7.95333857364557	-0.5897939453930945
11.583355590877975	0.6145716618898708
-1.1813226112437794	0.3666948557566408
-2.6596909142273235	-1.0903350217934953
-16.898044212867546	0.08604887845499513
8.846590728108376	-4.636535765617591E-4
-8.239395639227341	-1.0097538231747447
-25.840197182667534	4.904335686855479
-3.1285316600736217	-0.13497484945764598
-14.387199297291431	0.2380094004077092
-32.078470456535655	-0.6150224996606231
9.83235382311435	-0.17945374440819736
-24.11973876272573	-0.11548366169781568
27.17254878909603	0.16153892254804292
-25.77958785006202	-0.41732944420822016
-12.70853811569088	0.7852780315911537
30.3639485162013	1.9171828354680647
5.121277092170088	0.23461269441768326
12.882614800303196	0.31556159816128687
1.3888398650796987	0.49937863282435413
5.757444448157094	-0.3641814303446031
-2.173971562798282	-0.008459729148998925
-23.348289263343943	1.3663464138650379
-21.97880800666563	-0.23628997853591616
11.78455328476359	0.038501595863406596
14.41515445316605	-0.03958149297065945
6.121986107817605	-0.6689453088672381
-8.838059561041918	-0.1686604804239117
-2.5723967143219526	0.5247687208342791
-9.690468334011072	-0.15809483761623797
1.6050162140999187	0.5558364958149777
-3.3269897369779695	1.438972172379574
6.778213671191145	0.15870949405080256
29.17525712719056	-0.020012197042734308
-8.737066779599157	-0.09665276181164414
-12.018200801567813	-0.12151715199272763
12.715024306329479	-0.34348016638591694
-10.63289889550898	-0.4751972025774131
15.41267357064414	-0.12490608550997397
-4.313775277038306	-0.04404538478945314
6.736881314843905	-0.42700214841864526
-1.8292996600341282	0.020971285186177108
6.33819756137908	-0.04930153511438246
-0.5620019854371159	0.31417994497628765
26.529076042343366	0.05957655066893169
-0.32149496715828785	0.6165686879527134
-15.993757853872292	-0.6518848145875803
4.977367505455409	0.6567759553291423
13.694434291464754	-0.013696068436496267
22.28703114759729	0.12458273850455094
20.5370581317117	0.011758926082983866
-10.210176563948473	-0.24861148276274228
-20.746190086331293	0.24185233193021471
-24.48820471224993	-0.07593721338297135
9.807042789552105	-0.08677468266008723
-19.180845033815675	-1.5986777631922278
8.217250350043075	-0.06178915718177638
25.047024240165022	-1.7444844392473173
-10.684519208650885	-0.6314218743925356
-17.481782576257277	-3.504015170804614
7.13679875515945	0.3203715073993294
25.694196356005357	-0.04798841980228588
7.350947773791343	0.31031891457679756
3.1179039202583962	-0.2948340914846559
7.124129455540305	0.4219393196670831
15.49500909907747	-0.1282561199897362
8.172157823044808	0.21108488788530547
2.113825061896126	-0.8252544188965231
4.47627802846524	-0.10396492464235894
9.794395720608641	-0.22383324666918247
-34.27985334428274	0.027802210167295557
-23.090409432898642	0.19895014249335274
12.60381790157478	-0.4165280926794067
15.763432641476992	0.18821562204276954
-22.93369940743587	-0.1995507099126398
-24.24822181845075	-0.028549496470351345
-14.343270903492584	-0.5273022297937217
8.263750437672925	2.8229872670270386
8.456212063006697	2.065437885775188
-8.752889592714428	130.19288244260267
9.827175522350496	0.2890681195034139
26.536958003807474	-0.5786807963010607
18.46560439490584	-2.5553015906045773
-6.519007997666826	0.3719760642350327
-11.217276333454324	0.23839747655664922
-18.222626462821182	0.10478523776039815
-19.26619988995172	-0.712225960108099
-42.702269342207416	0.18451564659031275
14.781247773181954	-0.487372842062965
-26.14942111482208	0.6472418693513923
-4.550392505961931	0.37683750335489824
-8.998951899582073	0.30195064643128056
6.043239553292667	0.1592856305177111
-17.016887840259407	-0.04910073019405427
-4.683383315253145	0.09826342807998592
17.320261422118264	-0.15177158693232343
-13.601628429515184	0.0332787855379995
-13.026355924470465	-1.0228062847474766
-17.28188198386323	0.2486856249703881
-3.280246793540349	-0.3285712878851966
-2.274455373481824	-0.13497843822612324
8.11650698412442	0.0010393663956375543
1.3283731575679896	0.433001181924869
-26.542282553648764	-0.027654712508154645
7.361569199533925	0.2194114827321753
5.8107054155110145	-0.07502617138018583
-11.52649451233032	0.046495103403514794
8.684026919943063	-0.028134206972779466
14.263543818125624	0.0937259239999995
19.6027226422353	0.0534914101565049
-4.456995159528534	-0.3666859880192646
-5.305926119049071	0.7480846343598448
-12.939789996739663	-0.2961984845016464
-2.1184588507567996	9.320020022658802
26.05404897325253	-1.8959713523579267
-2.7743472248706147	0.035135828985131984
11.671606537199283	0.26632027870114056
-12.319247876618281	-0.18219937404898282
-41.70125737217174	0.30923430820136166
12.9318522071635	0.11777808158408688
-23.948557422750184	2.5850582288338124
-24.305810966627497	0.5197699058547859
7.207298275195752	-0.2098015325593608
4.232128339609032	-0.4237005182062099
-2.910604448816261	3.818695716071271E-4
-31.941233924200244	-0.08109767635621673
-0.9568082298592634	-1.0779486124831548
-3.186111946988444	1.0293728187011333
-16.63439958788817	-0.03295590110549036
-6.434628848390076	0.30214961124060574
12.574722236947217	0.4899314639396688
-13.904286707859416	-0.19507557832079506
-22.240804822489707	0.4755618716160367
13.045163678693935	-0.26045251215817977
-28.455035450010026	-0.19026538074197952
20.005436788244985	0.1711200173204583
5.713413211574876	0.31829506490790715
-13.417980506115212	-0.713047559657944
11.941852070177907	0.2909469725106614
12.745626428498436	-0.160165009139612
17.107831934302425	-0.2676569841868497
3.734872780936149	0.6634240873323898
-0.21662336547412173	0.017708698746821697
8.411880789530667	-0.02670706792421392
15.925125813386122	6.191309187594884
-10.515456422860494	-0.1433464440334057
7.970708104782771	-0.24751592971121744
-13.044164825163868	-0.2834546977891371
-1.4519629118525639	-0.27107733488965696
4.346201558813763	0.5742300995969336
15.076150868838285	-0.04169263900019996
9.602682667248148	0.37766195611911124
2.1356399142409	0.08218520991039724
-14.517490078436431	0.4774696372944758
-1.3049076202389267	0.780850379776691
4.008642573830367	-0.4749470616840118
8.968578894073516	-0.026536177318391415
5.966741505152856	-0.8128828721431348
21.928291418517976	-0.13809408107847254
7.5124410671383925	-2.302783413895359
-7.950165456967173	0.13060436383137589
-10.403508987452211	-0.16896225444005494
-2.8496172230178987	-0.32486132590426053
18.56621997958899	-0.574402021551805
2.0165448516516133	0.2993669747429796
4.733289306436083	-0.1339297431679836
-9.575737358275266	0.07698954713866628
-22.054128186636405	-0.32238900405358795
2.8459571119150975	-0.1476939918471007
4.665191520796475	-0.07364165594733248
-25.112978039306793	-0.45111757871891295
-6.870182951105817	0.06333349317395637
28.479550887243878	0.9563133299046976
2.55728533484017	0.14010633605322453
-4.1066892168165605	0.5001897760461933
22.3798917273619	-1.0372657787629518
-19.825990380612357	5.181488652079991
-16.302733758723708	-1.3097923357142927
-29.309967487136216	0.12133658455605967
1.437638771704983	0.20563375143228774
1.4068762652453706	0.184964587084935
-2.2834360706940506	0.4582733811290467
7.486407607480244	-0.5805689424208467
30.00040022986504	1.7006999917111942
-3.060936459032412	-0.03694207982878934
4.014996366449073	0.10600964736394347
10.586873940704761	0.12868676242268012
-8.673817318586046	-0.5286346990846053
-2.5264265321782906	0.5115233704270459
0.15808637674149478	0.11581346545881617
-2.715640776106857	-0.27222047870888466
-19.714428642128237	-0.19126441586205684
20.373792091221727	0.4493628233567524
-17.1738082187518	0.4003786082413899
20.40943256885268	-0.24925683620456363
-11.743867045006912	0.3589495160486933
-15.986626842610884	0.5705917909266941
-5.2642072649084986	-0.39814051891343155
30.294405024208228	1.0383448438370089
23.331918876468034	-3.2643236689610196
9.333625786428525	0.04981394127641972
-6.228032375928869	-0.4433676156980354
6.240595527013113	-0.37333010109395104
-7.553932596545089	0.45922162677534967
-4.140348577589644	0.03611953312221573
20.609072397470023	-0.05315816255996237
-1.4551764176140114	-0.041120919853995484
6.047247399266181	1.020361414384867
-7.474442657774818	0.16444047034164097
-28.41123615776557	1.1349846927870662
-16.445696689988605	0.07239308368514888
-29.004590542245325	-0.08859465949330012
3.7043662746902326	0.15077756942705775
-2.340721777035834	0.24217631778991655
6.703931424225354	-0.2527170195445695
9.811210884431626	0.08540005170063222
-7.5480047109905755	0.3910167181575751
17.360035149341567	0.159672867339541
4.504421888859587	0.06359436317072632
-22.29962260810954	-0.3111929242010111
-4.262192924369783	0.07522096111259341
-13.148700636767035	0.054282213476954
-19.10734403985818	-0.029273591114990366
-11.076194148447723	-0.10263326942265266
-24.740698128056472	0.2906782832564963
-20.673806955015735	-0.5202135408955829
-0.2274521256569918	-7.947845093262099
-2.4066937929161707	-1.4241061225520015
10.120528499107918	0.6323460686194465
2.0787344790047904	-0.05954949996138658
10.5108235975025	3.335050357340725
-19.044810642090553	0.8001264572507221
24.10429764587231	0.7609684569077013
-3.4253810862961145	-0.4043097939021405
22.41100189365338	-0.1030552947423119
-8.608189898991172	-0.2552249906721985
-2.037851315766715	-0.16483798520387363
0.7000208632990824	-0.5564906914949876
-4.138983442054729	0.10416906079497797
-7.19481925065919	-0.010444756682354294
3.580750945080169	-0.41777966697585317
-9.3809962796019	0.3336348046333468
3.531542981605512	0.17851441935557744
-1.3012817187387082	-0.874216577035228
-15.2942289664606	-0.009657780436835402
12.563443490056228	-0.6882941106741189
-14.038535787023273	-0.16052606430409494
-7.381923739664568	0.10306855616729846
-22.552060411825053	0.47995920265438485
-3.8749926509828976	-0.16489530907501196
-14.031576597868805	0.5606755525618597
3.791802102232905	1.3319783441797943
30.189802773443	0.4798548560154828
-13.171432096538425	0.158782296866254
-22.881726922740423	-0.4434156794201497
-28.32632556825411	-0.4245440708592398
6.663475297934312	0.28424975591999024
-10.792596586663468	1.3497272502277646
12.412759445647787	-0.004409045632002345
-3.939695557978804	-0.08292068499382829
-7.740509178566608	-0.011156248845936963
4.805989896428584	0.5499160308079971
-10.373936192108806	0.3954237593888133
-5.5849714004608995	0.03855224411106195
-17.229575934358536	0.12525088351494568
-9.437749866838624	0.17372628503085016
-13.58490426288523	0.12470541580676062
-7.632471696566033	0.0705987420051951
12.870634095295085	9.767821736504391
0.8041598048418955	-3.9350650162860363
24.186787893112477	-0.008718079446597199
10.361277974705562	0.9589288907173672
-22.807031981281895	-0.36105304648901226
-3.4756915626718072	0.15713022790660594
-16.037180056142947	0.5094907268177217
8.620759491332068	-0.11838160304175813
-11.337920072346494	0.5727282037636778
7.475947879033147	0.002489723000271229
2.0376668472819817	-0.1726494719175509
19.48919817281216	0.08918193040488266
-1.1241780218701385	0.10052382500114282
5.360624106659535	-0.29337268057141963
15.85894307272626	-0.2567336064763966
-6.675302855411606	0.3140690419285496
0.10168348125837438	-0.06259371500500961
-3.790950000433279	-2.542310155751261
-4.549934424893064	-1.8551367588923777
12.928553845082988	0.06406108848032112
4.797865873604	2.8527721640848402
-6.55572643599985	0.6252285284479414
9.202106879341885	-0.34629911590169576
10.725351722945756	-0.33434397873805166
2.5748667649062025	-0.12631068041321658
-11.65989382816135	0.6149577492649373
9.452171274793187	-0.06276606200740041
2.606586756246125	-0.8810291512370103
-34.136824800859074	-4.573572976275578
9.7313819756271	-0.29887140062904455
30.49252120095804	-0.5874293108593368
-18.94659302726727	0.09668951431408457
-2.3157072159858827	0.3254444785291932
-19.585752456629756	0.1561565777412175
-0.3639900129259627	-0.08710222503094076
12.22947661277867	0.14445306465067942
6.917856003593496	0.24889443423807103
5.695591268543378	-0.007047288327542585
5.325491242536272	-2.3113889018596105
-1.7171302092600047	-0.3748094567426569
4.633938982995589	-0.12565230374435093
4.040138496691602	-0.005045703136277044
5.6282913762755	0.13020346436337416
20.778350271780756	-0.14987651992003298
2.73563832058696	-0.12539164721120555
-2.982607901454305	0.9908484679281866
-11.74257096490836	0.3974945683635234
-3.835032054405243	-0.15947176295825857
-1.4276116004678618	-0.5700997682524559
27.53919335713137	-0.0942201449538727
20.744361146342936	0.8791950385593001
7.267343227577865	0.41643615199854456
30.343003534959298	-1.245756913311697
15.779949012380062	-0.25461870968461886
-13.504227433660708	-0.255399271002867
-15.4627767687508	0.4398053829552834
-22.270311321937413	-0.17725644119680672
15.858815430684713	0.06645586785780484
-13.868311251197433	-0.05770416574585738
-23.011298308590934	0.814653074805616
34.196982066211234	0.08363923636536448
-14.28932331074878	-0.07211595846204902
-10.69615661791123	1.251385417664364
1.6584898637010361	-0.5900437540921453
23.800389556445303	1.9677176095299538
4.018173945030359	0.005904360943500927
5.418106322973409	-0.37112591920613325
7.592295480467291	0.48685642538033086
-11.863812979779317	0.3128396041546148
0.6229428250661745	0.33996784317137485
-9.359975039477337	0.1781561228904651
6.503414855410255	-0.1735759802144054
12.233660204791864	-1.533694410091573
3.211359749479687	0.16014816525335931
0.7531392270429825	-0.15311448230992217
-13.552235588763542	0.36391462061603647
5.203925672356007	1.3643396771218137
9.290422203692435	0.17141177867489982
-10.36082401133108	0.04799226417955633
-10.029126832695757	-0.06123200831471933
10.263974321021688	0.39891380829500156
11.664388432581466	0.21284716507603274
-2.2294399545408488	-0.8605145067736817
-4.655047036023783	2.1022429962060736
1.6391608836708524	-0.011574672688458293
1.354946620375336	0.3997217958224672
0.8444687380660224	-54.75371436945079
-6.991110224950898	0.930415445080086
-14.763554372631251	0.05777111756633289
20.2900423807853	-0.1986655370369808
0.8570401758721663	-0.2753937681471015
-3.0595016034479716	-0.41538992932458946
1.890628218226046	-0.02313742494543638
-10.055521125544685	-0.8200717775507541
-17.568718871262302	0.17040569339597544
6.681263379738205	0.3443789752954373
-5.576325277094293	-0.18234887463791752
-7.374074966539612	-0.1900842108717687
17.02417490315821	-4.79192587711643
20.933247242216797	0.43015757939282306
-7.302084076880437	0.22262732292620888
8.786118070054622	-0.3976348985886122
-6.728582770306617	-0.06560196026759718
-5.472724774898561	0.2231731613373484
3.795811416361215	-0.07612007984733572
27.88749269540654	0.31524130776610176
25.404374422159794	0.24401063519450175
1.0414188818907963	-2.3534436141299175
-21.105478911675704	0.6355729306864286
10.527363218442622	0.2621223100690672
-10.00136237100926	-1.0639390578469774
-29.753007715534572	-0.6341325994672573
10.42810519770557	-0.5675890771495411
5.735712472836488	-0.2541826066083984
-1.1248523297952653	0.19239313233502112
8.302969536314675	0.045502881325015704
19.265157351518045	-0.29582171540349783
-0.08984945204019264	-0.03282438964921926
-21.422883482422087	-0.08466184715139752
3.340285779200834	-0.14039732779194494
9.19133890256674	-1.3725815328321753
-13.828986177644458	0.0718773672900438
6.571480908396771	1.1668286406216146
8.012063140148237	0.2401881202919212
14.552136441354978	-0.3815783535383053
6.522279590163802	0.250331428801517
-6.647083840257037	-0.045589148734335366
-2.025636981829698	-0.11439923975992922
-15.104115803168854	0.2507936271221899
-12.485990415191633	-557.6080000693653
-16.349161312249493	0.421707373878531
-0.9342694529604955	0.6689024196706465
9.901383298488676	0.36392309147123064
-6.572998297300958	0.14486421125587998
1.6135314248693695	1.0362096173890538
-7.530057567920728	-0.5327086447782926
-2.967829475434752	-0.17177813777839246
0.2958137769478617	0.13856814290297456
-0.8505972935268171	0.4374297813122457
-5.425452412525351	0.959683451003491
6.651784794423381	0.7249716553317124
-1.7121681418002157	0.09072895513289538
25.210350717001642	-0.30400953423731203
-12.678727362523839	-0.32530670717200255
20.995188577692023	0.029821004219201856
-2.5879539838962495	0.17952116494151835
5.1642800670418785	-1.0216952609246952
-9.648506021119491	-0.09545973288140769
-15.952805847535616	-0.04235918507120338
12.871609532563722	-1.7297209188949874
24.378432185892546	-1.4274013627795878
11.393539161878175	-0.3589244412418616
-15.826450262929104	0.10878155511695764
20.98104654575963	-0.5235477490428971
14.197663533492587	-1.1284909425624954
21.067759045764653	-0.3672468470234491
4.057151051317026	1.8140867564257412
14.574833158235089	0.8360511285644624
-13.019582930858798	-0.18734501443453833
-13.789405002359567	0.11106458619938875
-7.097699484846399	-0.1442787073848636
16.477399480851066	0.047160048243032264
10.814805332098219	-3.252476472714944
-5.624463202449291	1.1166101129288812
-22.646639766581604	0.35749160657246765
-1.6963232720351027	-0.8113985810731495
4.430008725932818	0.8026843366685293
7.055582965502369	0.2231973101751276
26.006721736959665	0.017277556382784744
12.537378350511913	-0.21230554510376592
-16.817628477554308	-0.1509153894253825
18.159464614257605	-0.050700353269352516
9.9724430877561	-0.06745271884022697
0.44108450352457906	2.02431201872549
4.110888894922097	-0.8905237125548903
-12.124751655706289	0.011365342095097396
-21.517913651875766	-0.27435793713815076
11.181597736684974	0.6358410246984861
12.591803741017822	0.21588936398595868
18.763389272922904	-1.0472823524851043
8.575850768634675	0.20196746960818393
4.83213320589976	0.02452954777933236
-15.336143022425231	0.2727119706605304
-0.4151834375601991	0.23650038694824377
5.556985223042877	0.07333305638356231
10.190689458591327	2.0239740867013394
-21.60655328684241	1.502721094447886
0.23354799312373078	-0.13793361360829523
-16.088159448039356	-0.2415355781014275
-5.028917140583259	1.7454642038658912
-17.695510358221302	-0.13410709486673372
-4.0576538879096455	-1.5760267831630794
0.003799730139793885	0.11555742369720266
-12.223119925316691	-0.06059538576507218
5.238863376852778	-0.24356206443538833
15.879472488004447	-1.0598819618603388
-11.022338632975844	-0.10863482830900938
-8.319994064095546	-0.8588060762345253
-12.05291815251462	-0.9539768616669667
-15.044593582416365	0.0967242035351535
-2.46696763268661	-0.23284000994924361
-5.024898610992986	-0.5955777350561383
12.449261273403366	0.18154000585307514
18.912575823912956	-0.2335609827761536
5.2324154757047765	0.18146502999550942
-9.280288785284412	0.005454256842191634
-6.3757482913937675	-2.771014322826227
18.57963021884135	-0.08461074090006791
2.48615420438565	0.01957181432366355
-3.775574353239759	-0.12111242061912
-0.9826559205251495	-0.3334854015377931
-7.711352784020284	-0.32289218100646316
18.696631439848385	1.0550469258162976
-5.016281548976356	0.6846792130226081
19.563029770505352	-0.3819396621324797
22.865304629989982	-0.015698867409301785
19.71598866774679	0.30092608157681183
2.02208350782668	-2.096069615029499
0.5912098544447045	-0.2103587487619114
-15.669103118386818	0.07431162817875352
-10.198950472734527	0.33221651523248813
1.6562031509135289	-5.457986437306549
-16.563415583583094	0.27077916654752426
-24.771039607902456	-8.904647017705376
9.732905410364532	-0.23208463751800237
-20.396413145509896	-0.3348998952750168
-0.07719096377240078	-0.21662282741208314
-8.29328385298669	0.11332313447983296
-3.2855446397900403	0.07582005953886899
13.424876789729515	-0.3176569926831582
22.99240197486803	-0.34983360104680405
-8.35930175070039	-0.027797826133931815
-1.9866163955286258	-0.6835366647099596
-22.377898287540315	-0.3630352898505541
21.374159854015176	-1.9559737818948186
-1.9578764200507088	-0.03036517719689031
-15.278498572460576	-0.14948867816097788
-3.0920381749801957	-0.2818074133578259
4.630617323473044	-0.7326309616098005
1.8473696949682699	-0.2366468077826664
-30.480151374241764	0.28640985311453926
-22.67480047625291	0.4418248105101331
23.992693780448487	1.043913667974899
-12.708934643898553	0.4434967807272494
-2.0096770279053655	0.301740348032736
16.321432087449864	0.156642788903477
-0.09929029376326924	1.4865063578051787
13.46255344362922	-0.08834657352757111
-23.586315555744786	-0.36468518228976793
-9.356268826774988	0.05931530791058839
-3.1327540632648967	0.0403106000066918
20.058670229334687	0.27191581554336297
24.820303729060647	0.46017199361924765
0.751011921659929	0.0761555270630404
-7.786699722078863	0.403539217373913
-2.0472734402083224	0.03657825647527602
-20.294356670092608	-0.07778848748883653
-11.10504960077534	0.1081189685745643
0.03705943871350953	0.21555199283183055
11.68024549956607	-0.01764925978564718
-11.854020528718367	0.18286431574596665
10.649722897655874	-1.1539416906474709
-19.511596281665362	-0.3750497127159722
-9.396530857143363	-0.42638520911863204
0.9539184757440261	8.27001902106745
12.611408770453087	0.014545977835282909
-1.0268361531245787	0.15830408361934187
10.949850395560485	-2.0079524095849477
15.630675403476404	-0.5101254599613431
-5.742110045265614	-0.010737234063129736
-4.2217704764007316	-0.4732366615087067
2.242531986707907	0.0553184810370233
14.65183022437658	0.3449407726902391
-10.939242018675317	0.5022678311631482
3.966234869612381	0.319706870347242
11.337005576161518	0.3144365470481527
-12.782372699106864	0.4568335912216466
-4.650404469791123	-1.311346501700201
-3.2803979794031854	0.7856549005762746
-8.642644807064007	-0.2814931358990741
-0.930036543710224	0.06166475079239011
1.92782038872688	-0.08286986414858503
2.1554116401600627	-0.03945426103755885
-0.21060181467286326	-0.6849913484202294
-0.7405583812364548	-0.18451925377535391
16.12573843726636	-0.019509053208636096
9.171799705107086	0.03010556851348396
1.6608294118981402	-0.06068467250978832
-16.517515924782032	-0.12543231947995867
2.759058914448324	-0.5261268137600476
16.85531716261436	0.32233484308491944
-11.012877120100894	0.03424197043446368
23.215026286552988	-0.11362600145251534
1.523344398521493	-0.8182328343429258
13.238457194352387	-1.7905470818243516
-49.17683558511624	-0.34047495098824665
14.181246425086362	-0.44451453315717826
-0.7967631000398373	0.0367114728051131
4.986247400397221	1.1607155661482478
5.21270632081955	0.0702160539101265
-0.8571951138984876	-0.21218560139399764
18.03954072407294	0.6314024749991543
11.16028317286145	-0.22239316827916902
35.644280336050386	-0.12266373926791926
5.3860207951003485	3.0004976861117783
10.662872725968032	0.24648464569852885
-6.951126506298306	0.45716237268944043
3.9972315686561233	0.1660685815726718
14.552239401577163	-1.0923808407774716
5.809807179683453	0.4102612500438554
-2.267896472115446	0.1760011740505273
29.829658830359815	-0.08217018269346629
15.685562797948677	0.24567089701663009
5.0019446249767565	0.3225285443605771
-4.131722625001241	0.3843733690440894
0.004913992523945486	-0.11236145509269738
3.7855010428390297	-0.1407641010377302
-5.433606412201441	-0.4519735810216685
-25.573779015147448	0.0827453973172949
-11.837389946240041	-0.8733952301256572
-6.2590758619760365	0.12830924191836243
-16.332198928183832	-0.20168425622290864
-3.188375257534818	0.30550463785589776
5.416048502940433	-0.030900224744383052
-2.173139798967338	0.07498550359921766
-9.484513855302325	-0.6503331306365541
13.816293694017027	0.9426774241743933
-27.077466178027795	-0.00317675059700411
-0.31169680322923815	1.8068889991070824
16.76115590098434	-0.029547122607349242
1.7764389899355615	0.05348106818338181
9.13265302684513	0.04151193644457213
12.576744326784887	-0.1916191385323055
-32.172016595303305	-0.1402302449951881
-3.939629302967416	-0.17924804893728682
-8.679150818396097	0.4402037938858485
8.578587551472957	0.2437632656918962
-8.946258327118851	0.9909882758745059
-7.328393524927327	0.2287865679197422
-8.046772866149107	-0.3122066646182942
6.212673037955105	-0.2689265197195648
12.568236845973509	0.0835083715270615
-37.99543315166131	-2.060584484940214
-7.404038111013157	-0.6857877377444122
-11.663536327148591	-0.634458626041248
9.221163607996534	0.3976753306253464
-19.43728716440719	-0.1748406477099506
25.124462073565947	-1.5367304319212722
-6.045392982560774	0.04140074261828102
-6.719618802608633	0.22388143798890192
5.6965019349371735	0.2818083827550069
-3.770902539697486	-1.2306505086442248
17.91245223998392	0.05375291386563271
5.26691979016847	0.6182014329257471
4.130369721355754	0.45196604560368386
-3.570509000890109	0.4098781570861909
-15.844732721164407	0.07107445893353219
-5.132870059255988	-4.120786520387676
12.206893858179779	-7.920573951928603
-7.745816670553209	0.24283822062302204
14.325933069731715	-0.15764745529293817
-12.240291593729633	0.2880184020882802
5.098579400445451	-5.510829197164442
-2.714622858367986	0.3259942275769195
2.539638292068221	0.7201874591069323
6.720313832474341	-0.17850275897032797
-16.920190054727463	0.363448771718591
-6.7026391276598485	0.5346228333554507
-19.799377378637345	-0.6375470915994865
-21.956190932182103	-0.07805915224469982
-8.067804622731162	0.006283669611715456
8.244359622754422	6.112100423405013
2.922694245518446	-0.013559219516186957
-0.8418932064016685	0.02460875572274037
-5.7276934518095945	-0.2187555545397586
-10.732817959330298	5.548973312517437
9.628806346274466	0.8008425257641095
9.052328256388362	1.5131640388471848
1.553273216016162	-0.16187645110594717
10.163676128837002	-0.26141459041770604
-9.1436633312284	0.09129917020443616
-1.894637094655306	-0.3483283330439189
-5.271964279787078	-0.7080244611392053
19.913611154876254	0.7227989246326626
15.300286273952125	0.6266530855742087
15.067084907563736	-1.1359538369090922
2.3886641145869545	0.029551245944311372
-2.5457949061477834	-0.30737556221896184
16.858197235273046	0.1810745802073541
11.980952657732237	-6.2487410820148455
8.350930613972363	-0.26559179781761355
-5.39989180247205	-0.3865392326234686
-5.998913491965803	-0.8227895547910201
8.613887939958135	0.08429747161868602
0.9474833975528097	0.13912918386546594
18.575532080051296	-0.5747557803072562
9.808510503726028	-7.436140712682128
-5.786715531936137	0.20944622481892985
3.254782174198674	0.2607895044159528
21.219537585658205	0.09993507542622064
-6.263116213861312	0.013877077293305846
16.367917324573426	-1.5918887523337435
1.0518784678273643	-0.1487111832017368
-12.251372822882104	4.26968341762146
-1.3645160131893663	0.3569938345673816
20.307169993819556	-0.1479112589057386
-17.659248353342008	-0.5555159570359218
-20.383413823042748	1.2308172556050367
0.9567853325554564	-0.06581766983835204
-19.326242695832732	-0.32959611514064013
24.10928466255695	-0.06215623721004933
-7.414755735170579	-0.6277193261903579
11.006583301993683	-0.4931898865642795
-7.044972701715945	0.05660560505993744
-2.6833697585925607	0.24503188524658207
-15.77352091202378	0.35896885270516976
-12.213912681624096	-0.21396593743828152
-12.482531384852201	-0.03513933393266874
-13.157934071446265	0.4932953375167354
0.2584991979780791	0.07506085066695577
16.48089543851349	-0.07901230418386
7.674152038015413	-1.677234608273842
4.802090401757984	0.02730795769437629
11.908755642276876	-0.3456023478083789
-0.4271656466464242	0.019726904066732425
28.052120119978422	-4.663201988669531
-16.91911234315587	-0.15468732619766037
8.1374183408363	0.6651633964508161
4.012408537855072	-0.27942755614540316
1.0162557437527928	-0.141947536176974
15.377413348219523	-0.3530658743022542
-17.860700505027687	-0.02505403133338012
3.4926418926109872	0.6061591904856222
3.015518380506418	0.24757067089438603
4.969098319077667	-0.18928750458174343
13.98976170284844	-0.49692294639149454
-27.081555966333468	0.26892252901636826
6.421809357847547	-0.11166175915255451
3.0455422491527475	0.320687904264568
9.665472002856125	-0.15170816273059498
18.667630121124127	0.18238495994504977
17.892978612754344	-7.39619638155387
-5.563127514306889	0.04718458013784553
0.5971466579497702	-0.6956247263906984
2.7430933682401206	0.107740489109468
-1.859195128459741	-0.22370106683819024
-12.599628227110815	-0.014530925364340669
-13.099048136993671	0.23138943646606674
3.1642393800216086	0.08230479066205083
29.967497770469762	-0.6872277056660381
3.9656341802907704	-1.3324708560225753
-18.97650613072916	0.4686989083934079
-10.433684833447034	0.11286001703890085
4.225431521843771	-0.726146272916334
-5.413537587406903	-0.44791754186798216
-1.926362440111488	-0.17920037767157995
11.59952255702125	0.05745061037869282
-10.039698345451368	-0.0821960409095315
-0.659743866965429	-0.10674105739182493
-23.91244153401341	-0.0022526709863642104
6.4388744291408875	1.575581683550786
26.31929249655581	0.1489885454304904
-1.878176225165146	0.012818640578134284
7.049096395774021	-3.3520842070027523
8.76099126465004	0.08756510994034147
4.623238208873138	-1.035590419452909
16.813441961386395	0.10939396884030005
22.95339584002609	-0.1536498960670019
20.79431791580838	-0.004806464510404089
-5.473580380691696	0.5219985191873088
20.065745842392545	0.2780176594966594
6.079388494933124	0.6583480944802935
26.93371728998794	-0.0734916319264941
-4.236921188549853	0.16601281802288745
-7.222274162546945	-0.06876468109974763
-3.0839066051609536	-3.110274181940417
9.862896827883404	0.45761100313051806
-3.8973409076713685	0.0753355013530894
-26.956361634315922	1.2764838453107252
-2.197675623941528	2.3398868376724944
-14.708549948470498	-0.07279752533085232
-18.429155510505282	0.10295078667593566
6.611922436464636	0.8200333166355056
-1.4746328568127793	0.2188879495415554
19.723754221542134	-0.12688490859762977
1.3528603157626202	-0.02689536916775175
18.526999909796885	0.17161745897266814
-31.891716055344215	0.027551193297035915
5.069862174151591	-0.2811752311980222
2.303162006916379	0.11927141105271513
-7.344046985967089	0.1562398722551453
-14.564263398500636	-0.047743950733129016
-15.4127179731701	0.01767850594859192
-16.846212942486222	0.019156375574313468
19.306938617014307	0.30351631738481916
-1.0209483682149005	-0.7217394333973237
-1.2093762827811092	0.14153834587844882
-14.688230131435	0.07911233405860844
19.89251517314885	-0.06979694159221012
2.29807386269914	0.1867054656265857
-1.362221870929856	-0.12913738184652912
-17.018235326180438	-0.041162539286792955
-20.858772346257766	-0.003184702111398238
15.05052149780007	0.03604772500014972
-4.407171360857546	1.8279833452317635
-11.800861565860277	-0.09760804523014081
7.4085133663596165	-0.003010611663623587
9.795784383199246	0.7769456982288933
9.340691729281964	0.12090429740159953
9.865868803754385	-0.9817866562364397
-2.921213229760848	-0.3004179380195879
8.173145034119301	1.514531145354628
-6.780164131015305	0.2365931488762283
6.358624257800084	-0.3999787504797966
27.70205926685137	0.2109294939101274
24.666341620839034	0.622122777821867
-18.479752568566884	-0.7962705549893732
-7.551002296731539	0.4716209891340902
9.51226088186954	8.184327977062685
19.395234361049965	-0.3399386324608942
1.9036261578214935	0.3283520711925669
-15.636949926244089	-7.085207227815919
9.608158292174306	-1.5768653583550782
2.0504107923097594	0.10120633115083279
4.445303427663697	-0.11418438051607109
10.587324080927347	0.11356560621261352
-1.9038884118686987	-0.16598320068796543
21.342258543297884	0.3370957682318404
17.669335418493407	-0.5355279109861774
-2.3930818759770096	-1.0144502880646014
-12.186088838377987	0.05370257430880694
2.427408986881606	1.1608869889867506
14.387372241286034	1.157961558691041
-19.897494601184405	1.6442435574123868
-7.647484568061809	-0.3884824664037729
-4.425735792982847	0.07413149765880181
-11.286779308514024	0.10433743094382829
-9.874002160186457	0.4513945955757689
22.83533929013726	-0.09620952454272096
5.782131893986232	0.41085519910765717
-5.4404379252735335	0.44728872684600823
-6.543057359463049	0.3455032993779784
-3.8465443295333555	0.849669563496322
-8.058217940325115	0.16403265201796147
3.7591508481370473	-9.099596822993497
-9.916478327172586	-0.11767106653800795
-6.814173155098603	-0.2288305114114238
-3.173607496642769	0.4879838014213476
3.881494660788552	0.29260625578485805
-8.70677351867486	1.270614707268205
-11.34805497819469	0.589997652694842
-12.558391488283366	0.5542132131016444
16.512602277521868	0.2852669609582656
-8.387990640833811	0.841441776077214
-3.1218431250408862	0.6106562619407127
5.58959631767662	-2.0709013215628214
11.808029252634098	-0.45410647040943863
-0.3980376029610041	0.5801538497700579
4.4887340584722235	0.9816597004328081
-9.543689437567373	-0.2868366472928447
16.495753352237628	0.05343454440318719
-2.321164675553858	0.0641255225554772
27.770634130051853	0.8327104233908196
14.06833227698856	-0.5482492935412877
-3.332777771745252	1.0747208612949068
-7.984759039037323	0.2773273569425208
20.532522820517002	-0.6510510002904615
21.621220920505515	-0.7507461611136197
16.619655195851877	-0.8713634381519243
-1.2735901189477008	0.02237705775943761
-16.081473957625786	0.3454731200975216
16.51251554112383	-0.24161865136200894
6.987231388313723	0.11126276094437615
-2.4015568107639047	0.21382795990058223
6.85201300355979	-0.7698750220822602
-12.889244615116882	-0.08668981285247487
7.100709001646309	-0.4481907493385931
18.632194412690165	0.9138965729531369
3.236371838630434	0.04877057801852543
-6.583706013765797	0.2777659788651523
8.298889716334925	-0.7822697273438108
9.545270420629928	1.466965099023233
-7.374541857463538	0.4997595381423772
11.815958650384914	-0.028870364075932485
0.6573126545491432	0.44637513178161753
-10.76050654208893	-0.39365339694844975
-8.814723858851881	0.08096876945844987
-9.576786217670353	-5.582978467882704
14.83271179897028	0.19697644788976867
6.583972669248321	0.0335109271565927
12.113917910452281	-0.1078218701812468
-2.0716881949828725	0.3258790351406733
6.353633853494739	-0.07520337349139933
-0.2962965430433726	-0.017765609352953703
12.054408817698626	-0.3549029861930518
-6.234215945384616	-0.0795534954497417
-3.5712053901141485	-0.07674512429938297
9.498170077609242	-1.4356702039443714
10.944701623452888	-0.05666785487677377
-12.348384301483106	-0.008373472635104344
-20.71511557325324	-0.21284900447660116
5.490697017540875	0.2881255781640727
-24.65364131387563	0.6293248267766056
2.7285154082735215	-2.2441724918802097
-0.05770070778943992	0.028715329811845245
0.21857411757647138	-0.0393342640160431
-11.011018575209153	-1.1997000492452279
-7.094046403600727	-0.268815177695822
-13.620710123310026	-0.02901391183760409
-3.3691442457607224	0.1732680488284141
-0.7856329161221418	1.3304496838872268
-2.08846938619882	1.5794280383958224
9.679923513401928	0.07379121165623537
-11.824789869987073	-0.4863513845837725
-4.783724580712061	-0.06729798137016794
3.878981446617211	-0.2704909715968994
-12.044188244355748	0.13192447622338419
14.291407621725147	0.9772310963287036
3.963502106581269	0.05687108798614809
5.983068011822439	-0.06836193232776507
-3.9879484533659286	-0.44694775251535357
-11.057258603023513	-0.07616586491961103
-22.226806677998315	0.2650327338379194
-10.843224786114659	0.12148905895424184
-3.9237724799212104	2.8747333059187192
-8.528162606724571	0.3157443849974006
0.5563429767931457	0.2581330860988521
6.027407513560982	-1.8125861148466194
3.2930798334063005	-0.3582316277577805
2.0684522501718767	-0.23279406920263296
7.2925736010651985	-0.26955787346743837
14.565619026988593	-0.199286603331409
-9.521639725734724	0.017961514344151906
3.8566255298870162	-0.08482620946332883
-22.01677098603357	-1.990039748071175
-46.395549642865376	0.29932130421611985
-7.5036308777840945	-0.012648249111866372
-4.3490393883299125	-0.37935082805274045
-2.4869341616550673	0.18899242151523687
22.21432337404346	-0.20835954023549122
21.27128229102109	0.014722681006570244
-23.928427997976122	-0.2962017971873511
-4.149665723647358	0.2843739725884993
0.5555545566311704	-0.7398440093029671
-1.6829175830703844	-0.6003400958008753
5.806567812263435	0.6865904008743177
-1.4829212771056703	-3.3391520413504536
-9.130456946487428	-0.10724849991963578
-19.06260778507994	-0.8027143994145854
17.779688816459824	0.26693537004305534
-10.395809334970213	-2.3613062498015016
-2.7229414999200103	-0.6643066517683067
-0.5577370219359894	1.0582064813669207
-11.255196906275529	-0.7910050492971585
1.5204036371794643	1.8609174596784364
28.15257790044724	-0.6147161716304614
-15.316398520801124	-0.726303850308447
20.318972439302073	-0.06740909686206757
28.83657259164659	-0.08566376570598658
-4.1924408520137355	0.42566083890788703
9.224008741673805	-2.4954893993993768
-5.442464526842707	-0.3209333149129308
23.87103101083101	-1.7256882613108293
-16.31724657272226	-0.10777993754223772
-11.991682700943077	0.22769033819823417
-0.01336953884499031	1.479168734875232
3.411803738785531	-0.1661568825936051
-10.983411475595425	-0.5988767348936007
8.764745330733005	0.1033131743290158
21.4674113589629	-0.12910979482371707
-24.613172386138036	-0.17967128486800626
-0.9878744569240774	0.17531437843372397
4.316066526529006	-0.07633449996810193
-7.621267029289449	-1.222446599349125
-3.409449058604704	0.6132879934715164
5.400291056952969	0.3810883237922628
-47.43337612339185	-0.004835270345342483
20.91502089563552	2.0375432397059385
5.651761769417681	-0.41462690724222595
5.9027712578757505	0.09335256039894603
2.868113598444987	-2.2465938938313594
-7.643474286732582	-0.16633373769423931
-21.61724907203489	0.0021285059197310987
4.881973589648114	-0.8568387022024889
-1.6013629129053963	-0.3754702726211608
9.47059720805374	0.2863954370279546
-19.566592547390083	0.12193987098600813
-22.99716625786404	0.06346405916958255
18.450699648714203	-0.2509346613035988
7.093113642639244	-0.4542644524520932
17.32400284567541	-0.24062311203367354
-2.8910588970389592	-3.833235205807118
-15.823583971643064	0.17652657755573284
-9.359137569480914	0.3459565671237238
24.17132033918376	0.10614674821916117
14.161619567231034	-0.2557743118783889
0.825549747362544	1.1377692774093695
8.370038529121526	0.1293176585442089
-0.34629377351656454	12.677405038648127
6.216859439131523	0.17995758806021273
13.564156150613252	-0.11640036566370293
2.2731889854918177	0.5631462507052698
-4.170180209010086	0.32227091666041374
18.087221233249004	1.2508936249185498
-7.1417888985674844	-10.59870767918046
35.77579459146979	-1.6167135798809353
-4.668461917354811	0.2014763030924993
11.074169214969077	-0.190504287213142
31.867601963530568	0.36416716688754797
10.117184945506764	0.08590119738618009
31.96949812431501	0.38188417886717757
13.157646311530645	-0.5944556313818551
-11.67381796909605	-0.10392280285286672
20.30169787915661	1.1752627726675902
-15.725468173674242	-0.4709187335351455
5.430594452474326	0.5825957591332813
-9.478937232568628	0.1794640676634143
13.31685494252456	-1.0788679209372103
-11.372309029848047	0.5609826984513843
-8.35490276959345	-0.5891049083121563
25.557239482160405	-0.5341124622917631
0.07875514559040943	0.5508549761777173
17.192389481520415	-0.5703973144728972
-19.144511503183722	-0.2650633804736162
-18.852367822743492	0.022274143013704794
10.820123292983274	0.17729326602251905
-10.09955140891844	-0.5465989888774978
-4.301438848942466	0.05285600996677179
16.35684886164063	-0.03912914814937595
-2.3758535850807014	-0.3691690592511357
13.214384099312715	0.7833390977039888
-16.532032718204693	-0.04000932034119707
1.3303959175734268	-0.9463398948400885
-34.72435590926214	-0.6700812290834129
-17.9302137988453	1.8754125661589789
-1.3913519962011682	0.25306228791046625
19.71369696055983	-0.04776184373133737
-1.6640730357043068	0.057826618258472615
-23.97859933487138	0.1038821180414295
-9.985779815843344	0.6734600827853118
0.294023483843211	0.11061319529048386
9.03889822235498	-24.84596275479993
3.020252828116153	0.6941116944196264
1.2316616501056115	0.12495792822144684
8.856561741779906	-0.22993804212199617
-20.543973975126256	-2.7875166752070633
9.008268827083132	0.22447299708475896
-26.539145075033822	0.10773174877821283
-17.120960173459366	-0.3191726392947344
8.82859392904165	0.10334666497866576
-9.222018049096004	-0.3072583003170118
9.313898555345995	-0.05646138922933045
-2.326814763856765	-1.702355565313814
18.18268618335812	0.19805484461619932
-2.827557941479502	-0.3197858581965406
4.654172839612002	0.7004703129412427
-2.431970701491294	0.2073271562360223
23.52348688224098	0.012208189665827731
0.7488464151448324	-0.7734602940621726
-7.9819034009202605	-0.7835023515293507
-4.175914177117239	-0.22418634813101915
0.7367319943399924	-0.2132725801872707
-6.383124909953695	-30.994365415681617
9.191737064634129	0.5770972762534741
-8.069082464086602	2.149451110091358
11.517286851654157	-0.2354636827827351
-0.6018042905483	-0.4337200033910309
-16.328356897483726	0.09794474356744111
-41.6394579549469	0.9393390520543036
-11.705394241796425	-0.36744589463176813
17.6633955240784	-0.1460355605842399
28.188215778425395	-0.79059670727553
-6.982692599748788	0.3088745919906837
9.384012166579108	0.24797684063036482
-18.231108911982677	-0.1791152591416085
-2.2822631812849066	0.29140555389199513
-6.146289862089183	0.09480170122132874
-11.18564926659892	-0.3215741636966878
0.9528091185063625	-0.3071121836513021
-4.1844841595107685	-1.405743541749649
12.113924702056195	0.006530244398640597
-0.5737550148591515	-0.6755305442597106
0.5370004900634163	0.07826929634919048
2.436786918479663	0.22903249568306355
-18.293939580716998	-0.3404983275654511
7.1968671668593975	0.3813920584894169
16.212216357184463	0.13250525915294
8.74060021726445	0.23902536654703682
23.620839890201534	0.40000083863831465
3.4892458130057853	0.32848296760942713
14.97364694160811	0.2213745163954142
-1.0631521179647523	-0.306062264678025
-11.240281977957588	-1.2399752931066435
23.171467463111494	0.2513690949740254
1.5318765080390617	0.16375437239076646
-7.368323297230569	-0.11627833584094219
3.277282854288101	0.01081661833972214
35.65254622483967	-28.484544821546162
-12.801262184986422	3.609434412933254
-6.467247871016596	-0.21286856948569916
-14.24487060380856	0.1198974489864315
-22.839078358930525	0.17495492552837597
-1.3228563627332657	0.6833851789238572
12.770614649234226	0.083988103190971
-7.170617378076477	-0.5972417135549601
-4.956725996194551	2.004163216945802
-1.456010031007872	0.11204410118551161
18.803518275548825	0.14520922779293668
11.017260059443169	-0.7851591212620552
40.40807762230812	0.3347177950187198
-8.598400676366126	0.8709250485121962
13.566517005583329	0.01567158127946411
0.08293867284398518	-1.6024083900938386
11.928113694928356	0.12032884120520682
16.53876523364706	-0.020235587766935372
9.798102087964683	0.08846272659571265
-20.09594932430224	4.586566390481201
-13.099975867919147	-0.8432531576676804
-15.914403686183094	-0.4234591799334415
37.93672646170386	0.3164496279798107
0.9513653836250628	-0.905250080537943
-11.482502022379375	0.26545146940576425
6.463839444837392	-0.3243508471483448
-2.169229792209636	2.7685384018217567
-4.791110610115728	-1.0208684950043383
15.232133754726942	-0.30135153143359267
4.423662953647893	-0.19931549573291477
3.6467904603222703	-0.3284448290819607
-24.00258044070804	0.012196354688888083
2.658461430883131	-0.19558759945097529
2.581075286079378	2.043562811559738
3.734104495984339	0.49697673005704374
-7.563076364984923	0.009798475352852444
4.37074963008702	0.47399358613422055
12.214955390616923	0.22240252470395466
17.808693980322218	0.2251774265367706
-11.080875583751421	0.2756054532178547
-17.26733633589041	0.1968657385693007
14.463899804269678	0.3936294816742199
-3.2301951155278146	-0.24901490062350456
-3.6509885915388636	-0.3234183925613533
-2.579002230312665	0.2736175540630019
12.646385353252175	0.6847432280889119
15.207472741997357	0.02408265881785548
3.1705358732542104	0.001023392530705567
13.488016371169142	-0.08933852070776786
-9.098987669866222	1.42014849530426
-6.883966027602931	0.08460755818501438
4.69628239598487	0.10429502585222594
-22.220986858579128	-0.4565627652585915
-5.695199390696974	0.39278529208631097
-16.153755787139634	-0.04856324236362827
-9.692372430794421	0.7398477219828082
10.511310649983304	0.06348583845318516
-16.017131624670256	-0.07639890293981187
3.8780579170657745	-2.22773838628319
1.865280838658899	0.4691260317108295
-13.561060947283218	-0.043572083452212355
-27.576893817700874	0.2585243863093368
-6.022632902230694	0.5087358371811728
-7.378567589903097	-0.060956800110714984
6.450782281009933	0.2325053587451845
-13.988522040056202	-2.0518565101880735
-6.313653287723625	-9.517282377065104
6.040762236396611	0.2739878204592922
10.51066855234425	0.1132615150570243
-22.237600329109366	-0.31602258745588874
-4.192066761260552	0.3826963251533647
17.43119251593454	-0.22426789657981222
-8.190532038646829	0.5288841844557542
-16.748320354809984	0.06347343638623501
5.069772455512561	-0.9221093634014514
-6.7151166016990365	-0.2421305059463954
-8.218222804475966	-0.6742065865997733
-13.845918490961848	3.6148082928298253
-5.4575581128825705	0.031210874119233293
15.502497794565924	0.6638349119397025
-6.904339451529699	-0.48331645940370005
-0.8014167569133137	0.3295958079992454
-14.8250801121386	-2.012045913495505
-25.236062124420673	0.19171643968015792
4.322248026864286	-0.588868021233378
-6.403562188990757	1.351172858805878
3.7802553872875473	-0.007187210870285007
9.96997203843599	0.09439235673862427
-7.961547592043802	-0.735018603471164
6.827805965585493	2.745391432466846
-0.2287371040705991	-1.5633170682709723
2.533354688606924	0.36906060862505874
0.31645420050543915	-0.1153310054288924
7.395021064027727	-0.006577421079618549
-19.767156193634335	0.2139252380207425
-16.950424800846875	-0.6306215691646443
0.46890692120584426	-1.2075236846235962
-11.044821727160116	0.24860303989963098
-7.892753276544079	0.9123573532397767
-10.097926317807783	1.0488801208181602
26.789864400978693	-0.3572821075140014
24.409233054102337	0.1066170848563874
-9.407085935751217	-1.5576070584830772
2.107948611059075	-0.09317387859434247
-24.836482519507133	2.2751040890928063
-4.532688950742339	0.3050752267422281
-3.5744091144943035	-0.3094908316017523
4.972623705650461	1.408660010979529
3.9246291526175603	-0.23684727143128287
18.921339813646494	0.11723204829295608
2.573082568070501	0.24208366657553276
-13.700656633128581	-0.12197444544991412
4.744786302532342	-6.79971972832512
10.106310482445544	-8.89284583350277
14.392926221997486	-0.35283393747653746
-3.2045909810637347	-0.08182107566046021
-10.883741107704115	0.07877207564902008
1.7401740715679719	0.24986004887163435
-7.927840251585812	1.0058391197291179
8.034966212048275	-3.0750253227695
-20.93337376742543	-1.2344244334776762
1.9422376026084245	-0.03826634699018427
-1.7000925779159521	-0.26266765716332235
-2.6997589072456067	-0.06995317343415229
-8.249701040659245	0.8338543190702808
2.9308233459029425	-0.004233824241694263
-15.631599520123656	0.26049317351289997
-12.011909084977514	-0.28304654419669734
-13.190329060641425	-0.13181461802432265
2.7476509282476713	-0.03121082870634508
-7.356303042084868	0.31953644255431246
16.75499647123543	-0.02656212776018828
9.001699711948154	0.04071588874857657
-1.0492964092684953	-0.28197064362950663
32.09384041730051	0.5402386871236264
-4.171676617726793	-0.416370356604453
-10.33647474940364	0.17378552730660307
-8.520791557970531	-1.0479132609128397
1.2663837203256587	-0.33773234347586417
-21.356147076664932	13.811735868664304
12.692600582229419	-0.07330358975246336
16.843535302031878	0.1307428962062041
-17.393912356472136	0.2847281171399501
16.988285893339953	0.44604524275921553
5.148298370486826	0.197003766032327
1.0390925732448917	0.5861817213424908
12.936208078424455	-0.2886698565684206
3.8299793532000197	0.4771003924838973
-17.87210525324639	0.3181321877154613
6.685735822861376	-0.6212091084321006
-11.04846646628379	0.44011594117360164
-11.914263340820051	0.10249474631840877
12.865740831178359	5.089039554662716
2.1601897092125477	0.5661195907455545
7.743025700192489	0.10747911766929875
-7.120350209409474	0.002503692262356455
-4.249430690073227	-0.15066289547934436
7.391083112356863	0.14040668726457117
-0.23175062452984882	-0.14072827232335894
-19.806193740492578	1.6743679745078588
0.40257762248199963	0.595087124786726
4.126792476186402	0.016852977658694358
7.256316679092014	-0.09858365350880226
6.929641372004554	0.7034064920206295
17.592068678166655	0.05411458019798376
16.595248609596577	-0.9361822196239755
-12.099315423675534	0.4233200433503382
-35.214346613779426	-0.11513225949411532
10.312540451600505	0.20559348972042776
-4.970986006843178	0.019721945499987615
-8.786292511604135	-0.03964674091269286
9.683874312152671	-0.6213323092111203
-23.659598028385865	-0.11574602883768438
-3.766118328201645	-0.01045084178478299
2.9398554646903396	-0.3896041465920367
1.8111640235718065	0.33147776805408175
-3.4643555299623006	0.259386623177388
-4.929812964250654	-0.007523644568203301
-3.5137519023818125	0.05613199658279159
-3.389466187050034	0.1899400182957992
13.59073209567587	0.20195035697855387
-10.946122371955592	-0.739473904311245
3.5034050998771	0.41725292097753575
0.19354266421598715	0.10222591429587193
25.405036093031832	-1.6202252351481086
7.038042299523491	-0.4579294041204079
-11.130651509797408	-0.22445150597348612
-13.17079757517749	-0.4685741725719504
7.145235727604374	0.034683466227946075
-9.205573916413355	1.5889499884208111
1.3799942863074899	-0.0480994217840713
18.774098199102927	-0.04504312009212909
16.36957081456051	0.4031556270296347
-25.29005873756607	-1.0151209362441695
12.750729998571618	0.06092779250922527
-22.659695035646276	0.1613077672807722
-10.788349034174775	-0.3858434567557175
-22.097631186854155	0.12063409294916332
-4.900517540651948	0.29728343758551484
1.1020212294630753	0.06441305590943078
16.47209430253635	0.04349832318372217
-5.21754404845596	-0.162459966132088
-2.732979337648419	0.13603000074057608
-15.475491442097297	0.0033832023908916733
-4.598269874486378	0.2632303183142718
1.982233361113724	0.1393254962520128
-8.79870494340742	2.568592646848647
24.50373718820122	0.15203369805699407
7.702993632967859	0.19933520960467152
12.974041560692392	-8.449509493118759
13.624487587815322	-0.43847821256301783
-20.860847344786205	-10.945199261049718
-28.53608409464826	-0.20117873734653316
-1.0995843202215867	-0.528909443171886
16.643107253432433	-0.5285384824654283
-7.354462871936948	-0.1433866107014314
0.3373347441080827	-0.005101255041538096
9.998360779300366	0.12865084486378311
11.225344493236792	-0.9518209636221636
-1.6815145042579989	-0.46342997538279573
11.71460880307347	0.24725964978197473
-14.034727844976969	0.3815539200308187
-5.780510786553754	-0.19895432175070316
14.197266434205817	-0.23056047623723638
15.925070764144936	-0.20642808346306135
-0.4284975939195096	-0.49480850006196775
15.065433228070875	-0.2952069264531583
-6.395631589011253	-0.42635326276632884
11.139740334203157	0.8185122844897943
-19.91830195334036	-0.035255306196539424
2.309618141293758	2.393328884169207
-11.559943897601503	0.8960778968378463
2.501563268807675	-0.24411992239324556
4.110478227243799	0.23972831938917283
20.316621592160836	-0.18149943220313117
-4.1134838201200425	-0.2474371416228731
2.0025712138233644	-0.21175102753635408
-3.6943365228230736	-0.07668030262001017
13.788820555941186	0.8183890603467641
13.118372465429546	0.19046642705689568
-3.8085972061126006	-0.1169465112904809
19.442624705606903	-0.14123686503768237
-1.1219573279121782	0.003956650493701594
16.360272383177524	-0.6879908145527602
0.9327192724266938	0.08907882995916848
10.661861400183582	0.30963006611798377
-20.9300103595376	0.2263307762976295
3.1834133016563517	0.18549402888208977
9.583625199480354	-0.044003900114229236
4.915869415157657	-0.22839441850816333
19.586151609345347	-0.20427742451204914
-4.249582522666988	-0.6655524250570666
25.366886520147585	0.07499269591798534
1.2779692362284885	-0.7677905097301417
18.619408951360416	0.2822734252695085
-14.994184368146708	-0.39940063369632595
1.4539521865201868	0.18764161338622642
12.669692862925643	0.7978737208369735
-8.741079700788404	-0.04425507054759635
9.496460985786472	0.5555065313905975
13.855922572805063	-0.43607503203138903
4.140016199193382	-0.18353072886180158
-17.755578584541198	0.7102530674032068
-25.152977809555626	-24.792260869736573
-4.071086768002522	-0.21843011185874542
0.8857532899028779	-0.07586667593137958
9.849592689997426	-1.5792554137462924
29.66227197832393	0.45642807315721
12.777119764261293	-0.632589695436881
10.21054009331064	-0.014906278743432045
9.589168748962653	0.4387537995694286
9.336027743435166	1.6654323086597793
-12.513538680336147	1.0913194151162553
-11.566976540647518	-0.27676287721104037
-17.429569027812967	0.2233390111063863
-12.816989217606416	0.33685363247118644
-20.962414705208392	0.430025111020063
8.496252956026398	-0.045221693963543454
-15.88903761293234	0.007542378314302452
3.597156843591174	0.38349946193652834
3.750647660244559	0.24354567743192992
-16.199714401645107	-0.09046760506980676
14.628524369488101	-0.44941839766929087
0.6568848860935631	-0.14735520002559185
2.0398070514167004	-0.12141055878343629
-10.533981078944239	0.39292089735594615
1.1903489093501283	0.3227750276024041
-6.239148191150115	0.2682929187517374
3.037198200251188	-0.11323240301150386
3.808527952730305	-1.1384325421516774
11.966816697030923	-0.2532450093716248
25.453361807251866	-0.193943680506038
-3.010719154545769	0.04248420216401803
-18.874676250273744	-1.4414796848095692
-6.721463231483449	-0.11492415652251155
9.969894759286472	0.5800201772574197
4.412574600168312	0.24668091888462623
2.6707215637298	-1.5574710145242925
10.980719538547081	0.06876327605974059
-10.76319714700155	-0.24675435347548344
-25.851869593876213	-0.2656645228034207
15.2781867216885	0.04574003354474057
-13.022170957351777	1.8210473341639937
-11.106731879839808	0.0775753270742603
23.390696271035853	0.23399331173952517
3.690536734421816	-0.009995577979043959
16.866115830874957	0.24184496948057999
-13.532858219507302	-0.36610090183903865
-5.257810278557871	0.0655242914708178
-16.227901156933605	0.07764489921495245
-5.484291823009147	0.18923128743729822
11.561398371965547	0.14102865830912042
7.065425077188934	0.2886544611298191
-1.644150168449043	-0.19780013109713993
12.579075758727713	-0.13638853507802415
2.242371521925357	-0.5144205935658959
-22.052209485571215	-0.33965830092282595
9.676934718861618	-0.5621454776592891
-10.043312301951019	-0.28232520546304146
15.513730755654228	-0.2713916737472029
-14.527498799132381	-0.20143081688872494
-4.415352673281796	-0.22989687136655504
5.865831465594286	-0.05233774639766652
2.221187741236524	-2.4824170357878197
-8.508341511080454	-0.20941489764131752
