x1	x2	response	response+gaussian	response+slash
3.685869425666766	-2.0162155561288433	-1.5414206253075138	-15.36039792501347	-1.6172027907973154
1.3901033213363823	-1.7863355321753849	8.845044730909565	9.332365567863144	8.594150426235618
-2.029925057948777	-1.9363348936386116	22.939041135348	10.41848193255281	22.78284222289721
2.5821726961161753	-2.3999349075816676	2.9434926299517206	14.560340436595407	2.827624699692516
-1.1611659777936478	-4.586260049460147	32.221098983871286	29.998886950520355	32.14636905579374
1.3513795928521564	-1.4674531418106018	9.247933101302765	21.162598679450443	9.09016464576552
4.715562280243274	-0.63770557325849	-5.888606146792846	-6.6763843972938055	-5.803542348797408
-1.635755884570317	0.7047795109874233	10.090258878620478	12.726848639302768	10.225899700301673
-3.5096992818845263	0.12128870546584025	17.23221358849971	18.201267492949853	17.13347743831351
-1.6775482227946235	-2.962769122858131	29.8231211662073	26.14661796074828	29.926496177240804
3.200427795505794	-2.7454931838755137	-2.7052926563294486	-18.79563825628228	-4.431148391180193
1.9581318379136512	0.47042173417291533	4.231220556104228	3.899930218882331	4.414748963846273
0.4299989042162897	3.2942242183569412	0.40912198476923844	16.082249220940742	0.27431500645484225
-1.1765192926533108	-2.3151968975279544	24.11205340236934	26.486075697982773	18.415509699149318
-1.8422419943468524	-1.9330044723814899	23.678124525239085	36.230738714755425	23.564301453593814
-0.10519161755376416	-1.738034208826773	12.712542734617525	43.0651385556902	18.20360224789099
-0.24543490491111974	-3.786995096779371	24.02150293217911	18.696417305490044	23.808694079496643
1.0130454648207294	3.0069682543547422	0.3352607831952503	0.5946773476440734	0.1297641810861952
-4.635812345933735	-3.6302613319630064	50.78714252650527	60.451976902031454	50.38099188162546
1.7471925425369417	4.419151188016439	-3.398057833463744	8.730167492501598	-3.525835776304636
0.9971059979323762	-4.460426106138655	15.48172735251564	29.841740152766228	15.180150113560119
-0.6058438590556978	-4.371120269286476	28.09082143109098	26.870329099080546	28.563169836182237
-0.6748114283857802	-3.727795141885565	22.723383906330966	7.12446838594353	22.43181742925657
4.517862226636394	1.5102376319330322	-4.182565647857777	-10.340905955184494	-1.8133063132683889
-0.6142087236056373	-2.5333472026469517	18.088648538702287	7.878021640402448	15.779030006022527
2.682494271376977	-2.8652273472597347	2.6037157170925402	-16.354135150094127	3.233969251438147
0.18704434413672733	1.8339387480407492	5.118193644231896	-9.306565636972815	5.559509097556561
-3.150845560150941	4.248969640747266	-9.638469811644116	11.80571374242742	-9.249077287747145
-2.4482124306851825	4.360321974544764	-8.871101727902792	8.361325654146134	-8.96890260406771
-3.717799440029358	-3.961788353587765	44.80255311047215	41.562681919886174	44.668723703991134
4.445821320979002	-3.5276614510365825	-9.012311025847849	-11.242977084979657	-8.865483276257239
0.7509654850509717	4.082559407453685	-2.964779892879104	2.475785414419623	-3.2297158882158863
2.506844169490879	0.028699377863277142	0.7731074039010694	1.4374447681353524	0.7654040025848968
3.3145162830039894	-0.8852355689913622	-1.6333264628308175	1.2873360388688244	-1.6093312754032423
-3.4763518235489412	3.7504389704525884	-2.9465081688993844	-30.796965259332406	-3.160945224485151
1.0415644986674586	-1.0414950299284085	9.339966196990185	-18.264337963509583	8.633712952811297
4.210847212320942	2.249529864918455	-1.630223007789958	-15.807517044617088	-1.4601414097577505
0.6445956800085124	2.8549151541020654	-0.9476653242933082	-0.26450618451345775	-0.7853205257815983
0.7826201476383554	4.427510905014584	-5.127300740429475	-9.91431328450043	-4.949428175050681
-4.80326861254384	1.2780524294729787	11.594768097923392	20.678317768884853	10.885092753514234
1.5496486816150394	3.6894991788437306	0.37903843109711755	-3.873876862349169	-1.0433100436581428
-1.1482012229699547	4.295029661613874	-7.369348102803221	9.972210188191914	-7.652485412442512
-3.953364980464783	-2.844708377821994	38.92436426745492	42.01110632697921	38.60427454988169
-1.1974679419670853	-0.45588408748449183	12.665895549316943	6.411846407216543	12.367683655564939
4.043489541121588	4.848082949255311	2.0022039820925794	7.7160405710419	2.8334808497908384
-2.411221702252119	2.9841843327289386	0.5404351467780539	-2.0164735073436937	0.3469954687159782
-2.798522050496551	2.7026573347785217	2.861285947759418	15.5956812352668	3.1632443801981336
4.30704610330514	1.7114700581463085	-2.9767047477343045	-11.034903992502526	-2.3059106414562764
0.10632411862136149	-4.841254871719935	22.954351377852635	1.494079020255704	14.298826415286948
0.2746733120452145	-1.6553270220611815	14.282368830337093	18.731982675457964	13.487312551647411
0.9434652567656219	4.091549888309773	-2.7971859850279266	-17.40865555239178	-3.31796363821317
3.266354994672895	0.7470231358727109	0.7705766183806759	-8.792022808094831	0.8577329642245761
-4.82363874865737	0.8802976311459441	17.942970841099605	8.740231752198786	17.180495220541737
4.567721116784554	-0.81599902868283	-6.774957902229329	0.7058906528769731	-6.450038912404679
-4.753039381849086	-2.4730287013883823	42.65217832928463	36.59936647744651	43.93594019484202
4.7801052736099745	-4.592013606170402	-14.329172574463097	-15.645787786708881	-14.060449061679343
-4.461867029667173	0.9112328390700872	17.273349184222816	24.956659180863298	17.33580232986436
-2.437398138973035	4.616183573988028	-7.318702248615072	-39.639868532063105	-7.650874250251814
4.6210749133901174	1.5038590063502646	-4.424936159611156	-1.0508782492382518	-4.38763907926687
-4.688038577498004	1.7457530357516857	10.984509231696807	21.47950965627609	11.000985642420863
-3.8435948850463966	4.159843192630067	-9.837814783418914	-24.047524359434757	-9.829540070361539
-2.842174452196308	-1.8498437957195026	29.789157044959854	20.030270377242122	29.58330031193732
-4.274135423212014	3.973651773765388	-6.649902903515052	-19.908161985146798	-9.141036255916632
-2.40974267958165	3.3432950480056096	-3.6093421654078686	12.240893978729943	-3.538516613832899
3.342240282605607	4.602938266754711	-0.22395772733708175	0.8106126566729052	1.15259097388777
3.5384767442428515	-0.796886760998559	-0.44402819605163013	7.323203157423084	-0.31700535577969263
0.4183381339476142	-0.04663785312318147	9.739621824943246	17.493288322303844	9.684871784589541
-1.2158389617992285	0.7938949267746622	7.602082348084076	-1.0816447706470464	8.103939211605507
-4.428473165702428	2.665973928048988	0.5426054373065212	6.159481539447166	0.5324564858371772
-2.7803726972879925	-1.2034151850467625	22.973169959178602	28.82238948711654	22.84999377323251
-4.201413996107547	4.459965185108517	-9.334276549671484	-21.830902021185544	-9.012967262664985
0.6506640392138259	3.4290223891961773	0.8765223554641224	-5.372460251968486	0.6794972247954273
-1.723713180142349	4.057405083176501	-5.640258479758725	-12.455053544695211	-5.161708628801169
2.5957319032386774	-1.3069330514705122	3.5820096852759225	9.956863915996031	3.8501214085291036
3.3263436177896466	-1.8470826301343757	-3.0128037630081987	7.419934801492584	-3.2210622792194794
-3.1522900873309636	-1.196831426309748	24.809289032448344	25.22450507413406	24.390812264287767
0.9290736376751871	-0.30992583967755394	8.095164276284635	-2.8616130596854514	8.145950705164392
-1.5586851427755533	-4.268986824082933	34.96998540413811	43.348754180429424	35.06063842368652
1.5783034561609828	-4.432381551239652	12.566591063394545	1.4422034421204781	12.027214985553567
-4.89122905084683	-2.0565477908776533	39.04493128424052	26.59902956140997	38.7662456209176
-2.7592258445840545	2.8224479500477004	3.011472181515235	14.24136280705784	3.0216650775126914
-0.6917326214427337	-4.383993466489743	29.255434623390176	25.44286792709346	29.151081454534026
-0.2835162538948701	-1.6773729277155311	13.904670452599024	11.249339087473036	13.368818639871447
4.4741889518710884	-3.128193392746029	-8.561589502675782	6.717226264512366	-8.59059730127599
1.7921257340700123	2.0525165121788067	-0.6877295331160644	12.355139195446558	0.7064141193263325
4.265059515306682	2.925917324350542	-0.6554500763066419	8.845342291631557	-0.1395835001374982
1.237972475155491	-1.8165550087190585	7.78699493536932	6.393061233556054	5.367060058124419
0.2745910519252801	-2.592435881207628	14.156991756210672	24.10677900647749	14.230027464622632
-1.0807374907536538	1.2971655084458211	8.787203072266717	10.688606258316739	8.664232926220606
1.9231866186588356	-3.412134137273166	7.523057030147801	-3.082102128534964	7.588901456246162
0.0763536437335075	-2.6343195515050266	18.03690027044759	27.574655061990967	17.994542944648355
2.061692674311562	2.7582477270572845	1.567559848216663	1.474438950133547	2.2389748933195404
2.173601148555756	0.3898332088211953	2.7679544440411576	34.69066519454505	2.65444945782458
3.196158491083686	2.5847961642903527	1.7338112019379217	8.246336928997671	1.8149505777122836
3.6251319541301292	-4.039596032064844	-4.145761717428606	10.980490641817374	-5.454860664504316
2.181801477691061	-4.0936167841739906	7.478406468117851	13.248776749457853	7.163158131893951
-4.823618741439834	2.429268076125819	6.388605859055242	-5.7375023971169155	6.989197877823829
-4.2636550935905895	-1.8505204496984797	33.35239636975701	28.34012631210606	33.26573513363647
-0.24653378926344516	-1.1354912600530955	13.790191806516773	-5.495467302397319	47.08402290705514
-4.812667299015515	1.3001437460432559	11.333530936883632	33.35693299718705	10.969246592953818
-2.811828967341017	-3.487802791720074	39.05479681098537	18.897587627618925	39.95679949939619
-3.505009215302979	4.203755250950149	-9.828707750708842	-14.365042771283967	-8.800645010745253
-2.615475127257869	-2.9011099276724686	35.127338124339836	32.049137310625575	35.31256877090106
0.7816516024939162	2.8556418425789403	-0.7103511805859846	4.625430631956685	-0.059661653124505776
-0.7863488472779725	-3.0172837471472524	24.43370378836955	4.69139067837213	24.672079693751787
1.35071210688697	-4.699176525406552	10.957890323591265	8.876783966905062	10.618713537674568
2.70677708875858	0.897251858554247	-0.9133114253127111	-29.638989354414022	-1.1450565814105098
-4.507448289035425	3.7786774219707127	-3.9424951374251913	2.301690958722486	-4.182350250378286
-1.0380103034917587	2.831218747386661	-0.08780515087401586	-15.167769534549159	-0.08521066414470337
3.2517856285933693	-1.1715960861882357	-2.3809095394880826	-19.048922511002434	1.2600341467195775
-4.411470400149624	4.448358482262124	-9.55656204989344	-33.87472294042348	-9.234845207154379
0.7696844997860364	-3.7862435101946144	15.174025440859586	20.1505449101399	15.174604264513654
-4.516880053907468	3.375671998376804	-4.46895638423957	10.63178415545299	-4.5370160558038135
2.817546085720778	-2.2694319229249715	2.7703629311667153	0.7148655367658625	2.848637473753129
3.266023809005935	4.674538544421409	-0.5047637778227788	8.919148401449501	-0.6459591629344664
-2.298748486574719	1.2281944285882416	7.420717200314287	-5.032571846747337	6.987773700094108
-3.1997648840613344	-1.1419461984025716	24.424139387708436	29.07539337872771	24.144180496445312
-2.155798507412403	3.506064600901734	-2.4074589140511566	9.728240424207002	-2.6842153363842347
0.8754049681513507	-1.0707404970965317	8.37741902593712	15.266416130864322	8.82209576651101
1.0452709065065955	2.1391135128654115	0.2694751288971211	-1.1519154536507406	0.3958943612062869
-3.64118996680457	-2.9112358052924625	40.381983357099216	38.01498952501797	39.887749830558846
0.6603801507252332	-1.2590563783766084	8.044962710999435	7.685909432145263	7.981152827049315
0.8988756200729782	-1.0034215067023577	8.792803158290852	21.352671216986927	8.773880076204431
-2.2292669245847985	-3.3088522471155626	34.99008183380886	27.168817981089546	35.17931598857868
-3.3875356896053885	-0.22817725496904728	20.261809711904032	17.809318308630367	19.96608513219104
4.777721235635758	0.9332955618402261	-5.046859864353026	24.247951749300718	-5.189478881316597
-3.9046531890274805	1.2752883461625162	12.784311435237058	5.013152646881835	12.721625615197365
-2.1960452648636117	-3.9073295594947552	33.97982037890337	22.05456013063042	-0.2921456724466225
0.5659786077499351	4.643664147833061	-5.605430439206051	-2.6028025719038683	-4.820360333895631
4.781822356159809	1.867918829837115	-4.007937053995235	0.682727456553784	-3.8173174204674947
2.9858980934338106	-4.469432726676471	1.589147309351877	2.775568840311741	0.8055543249601537
-2.8245518671361634	1.4183528047808949	7.32676049583502	29.24344830829285	7.4371366544275705
4.595778003694871	2.058345096680977	-3.333709446929145	7.0784767446878565	-4.606150026264093
-4.091143971756731	-0.7012758870524793	26.91247788817057	4.377030801701295	28.444685938940122
-4.5356411330504764	-2.904054647558254	45.868284978700515	60.85103292661907	45.458518558083156
-3.7373875585911187	0.3858684803680674	18.223291748978106	17.664736134626736	16.319599595933123
-1.6318091328911901	-2.8480248732964277	28.61256727481139	34.156780141944836	28.465634015257386
2.253166744120926	0.19669207281439416	2.799199140848727	-21.214042231100045	3.0847627089780065
0.6033273656991591	-0.09159693750592801	9.352529573832923	21.89878457374484	9.604546428910417
-1.6764347094568812	0.01455703906403727	12.779777302772047	-11.802683553759863	12.954277717827662
0.17580164571203571	1.219183423762619	3.158418346645534	-11.65702029375187	3.4993119573907414
-4.948835919521465	-2.678805268760974	44.985500910121424	60.26698009830285	44.99615700902473
1.2259330606982317	0.25940956046589836	3.232986873438203	-4.114676431357243	5.108586647553643
-3.9825762110138987	3.1738568917875423	-0.6008716389453763	-7.640154008259383	-0.8345162245620952
-1.4877953025196753	-1.5655657741543152	18.956495256044548	32.139580274350216	18.734303983432955
4.986818683734105	3.37249355477071	-0.4207477302527043	-16.13755702026732	-0.6339814188739372
2.3136606486551674	3.6447178145415897	0.6853471676973801	-35.95609847361846	0.44954768722335237
-3.893653039799779	-0.47067836913582006	22.58824399823891	22.299742135514567	21.979560555474045
3.205475269879601	-3.4489975628369596	-2.038583112843873	-14.079468132518617	-2.168357186456185
4.964081269865586	-0.5167722695221508	-5.033924852109516	6.913815481023935	-5.5274339737015
0.8205457904983522	-0.40427444930747036	9.401537007882666	-1.3194753439863618	9.957589177533547
-4.9653442752671175	3.8940313865324256	-5.494384308432297	-21.17189425283096	-4.96707478899807
1.9306684045559805	2.710425732043655	1.22083268431063	22.966336429140238	1.0099478872702836
2.2915303593387106	-2.6932980097311154	2.223788850758535	2.9706005262108985	3.9104381543161564
0.9640553329860477	1.875217861349415	2.6235003098808214	17.15190571089446	2.404129380355739
0.5803385524719609	-2.5067860619168556	12.81067347771269	14.506150653081075	12.65564932814388
0.421658370508724	-2.0047611168461077	13.869956378235328	25.10126901360926	14.416396795490424
1.7245643397079888	-3.5402082769653918	6.356359153562391	-0.42168904944027563	6.750818547141295
-0.43703581198166663	3.920300656575936	-2.4704975615724747	4.041578383240977	-2.6424688962578835
-2.7257414549743917	0.1498836517758555	17.69997989460506	21.656898464672334	17.986909800292782
-2.797368286938547	-3.142190503139568	33.62998970675314	32.36731004864224	36.87987808809118
3.3104511015310276	1.578272273288647	1.548809621108867	-16.337263167552763	2.2117217473465227
-1.507456981325869	1.9153398378550701	3.120270641821948	-20.15784160764411	3.110802292369625
-4.217627767739218	3.899315742659395	-5.018597162593489	-1.8304156404898646	-5.053331904104923
-3.84045385086989	0.05808409401065795	19.148529044285585	20.372002161864117	7.9836324815031166
1.481545699268545	-4.257611846079072	12.880585347077265	27.95372092889364	12.779670764417435
3.827366149877653	0.3777173865618568	-0.9988604321868557	-5.395265374295899	-0.617575785694906
-1.053725423387133	1.040164304969288	9.307571372007612	20.48684563493149	9.548727146987195
2.7718677255507345	2.2430576839817684	1.8379379520622512	-13.204391167860523	1.5447179099676158
4.341989208304442	-0.46952414823076527	-6.654277706028922	-17.52633233400748	-6.433614168092334
3.742055715362463	-2.3607824663996233	-1.9828876419702122	8.959162277274135	-1.5567330824591166
-0.32261900925862097	2.130040341630778	4.838267993478583	19.047835061913464	5.212201805255077
2.324898545471382	-2.19921998289721	1.8721405408564324	9.888394959907913	1.75929950228434
4.593202433507994	-2.541552465532395	-7.481905615131586	-1.2357107383370334	-7.772576710756045
-0.25972816863347603	1.1058557669007136	5.702676362010733	-22.409348419961383	4.866225465741334
-1.5999404044545495	1.9333578650107741	3.230828433502709	-4.6780146102028555	4.551575251908362
0.923008597158324	1.1217087575743143	4.97759577061894	-6.015068842326642	4.992927268305304
-3.9565146692075093	-3.937044925776255	48.88557524634416	47.27581400248766	49.06958274293116
-1.7177367558954981	4.678961682585243	-6.57153859504893	4.669159530463629	-6.323715248398106
0.2390263867592246	3.8292652680231747	-1.0917763117461552	-8.031706741059741	-0.10809516611325187
2.624081978564094	-0.09977314019052752	-0.032710372373186525	-6.514222276339452	0.0889025599890815
2.1470360206098373	0.3860398343390328	3.032977695700468	8.147282828484903	3.0228364202877875
2.3812890610145825	3.2203302991451803	1.7691157645589468	26.295154323189227	3.0676853009829776
4.646315866588587	-4.312529589740178	-10.458909411920686	-22.018611359376123	-10.19443912973112
-1.48450678732409	2.6091301434900114	3.70211311300615	4.318166888860719	3.7550470538548466
-4.482299670658754	-1.8809121423592599	35.77522108891155	21.188938500452238	35.8294518197678
-4.760774508714619	1.4442523188961065	11.29648003029042	-3.734646941971887	11.549862927754814
2.6631382439874702	2.7197750536296414	2.0746367360960676	-17.20461960028638	2.714501860378039
-3.9480773196066874	3.7799036168597144	-3.4506249726772182	1.498040128985541	-3.799134104160582
-0.13723359192422624	3.1638959771458293	-1.138688441862957	18.856451955112092	-1.452131809377346
0.4916702173170071	-2.8807621184524312	13.07581798619957	1.7544106984925847	13.076050598387313
-0.4880611852268206	-4.6848705981417895	28.720824509331084	23.242248503049886	28.517816263455156
-0.5246729105290253	3.2215950022406066	-1.523699364232857	-14.746172366322373	-1.499632812582798
-1.7178856038386336	2.868666923504035	0.9887809208759576	17.058962691841685	1.2356272693264632
-3.8671453281626333	0.9622437726148512	12.105752354295731	-0.21932638960238648	12.336441309990787
2.713967421429312	2.366018578534188	1.9063900358216528	1.1560000504544865	1.9515715465504972
4.637374080781356	-2.1888993394670866	-7.057211964830031	-2.6740866851618375	-6.870608204217134
4.378036498584031	-4.303257548687541	-10.069471940474564	-7.570426554226385	-9.807426819429027
1.6906813871818915	-1.8917806979397334	8.129331441753394	-2.376107281032553	8.034010878627825
-1.5723239375126488	3.093996789943853	-2.31784407497118	-1.7191649691542068	-2.5220160110006287
4.0446559218576255	-3.0123271097751125	-6.896911704553914	15.088853561192803	-6.340568519814799
-4.878962331922782	-1.4141109429234744	33.154349307421796	31.71489659370446	33.38803964397903
0.7221918485804446	-1.4622186625673015	8.542555924673495	4.435798833665907	8.844490508467612
1.203250837701936	2.882176909560876	0.24234106368947186	2.467231178813134	-0.0039654038013146875
0.446994890744449	-4.415534339681418	16.93495506394177	30.460630446729326	17.02699218075622
-3.0830693036049137	-4.2440520813872755	45.991610425664085	55.43441587375892	46.492170034819154
3.1997850726975923	-3.6541677087175604	-1.6444972102205018	-1.0271000774570829	-1.5547137586737922
4.848597714521205	1.122493391100921	-4.758802935597865	-1.5301607320007506	-4.731386883264789
-0.21084998979516456	0.1299287212731839	8.105429277367453	16.851046377598703	7.851679727053641
-1.179463125772747	3.2226598288718726	-2.477937094859622	5.879376430861673	-2.123779430474296
4.858494503938381	0.23393177063745973	-4.957865873662837	-10.530536720025506	-5.385486464882822
4.602088078549819	1.5855454274443375	-4.2523882631034065	9.579485733485807	-7.3868946212426545
-3.153758464893267	-2.748139030609903	33.546586894865975	42.98721842195373	33.60950316884611
-0.6586939013055364	-4.224516764016531	27.588488913910624	26.92149606959611	28.489808034153874
3.0746350306097465	0.10923784898654976	-1.1014655125906465	5.665331173611841	-0.9184608247338677
3.3073810948144455	-1.6791624082156953	-2.8616683021919878	16.827267713806265	-2.9629290599074634
-0.6367975194914681	-4.6830602112302895	29.03629695158065	21.740425962060815	28.012306795584916
-4.213830400440433	-4.322791362586561	51.45765263079162	44.405193801971244	51.038464978348635
1.3461383677799157	-2.8271746842058345	8.301845214266931	5.54125782555463	8.426600859790051
-3.214367208662977	2.5952273369952703	1.2120905267621862	-6.027958578147583	0.45784236020499636
-0.9814284183895738	2.93853434053762	-1.4334173850692662	-0.15322135326623054	-2.0095978397033374
-2.415065679784154	4.843193027971321	-8.447147186062669	-31.058081109241385	-8.201196010748308
-3.055117873079153	-2.6198012733623943	34.844831486404786	26.85120282959621	35.035958837215595
-3.8995940139008303	-1.1226060181241615	29.175357598890248	35.440018079208436	29.621607662530387
0.03293943178237235	0.48562034303411394	9.422253026232557	-5.337259509323539	8.812610857933905
-2.456464373640035	4.758016531972078	-7.625485149245701	7.4613443589232915	-7.777224836255671
-1.1886694043413648	0.6568099186713159	7.8194638238224945	8.440179589934438	8.822220163472098
-3.0894068704285793	0.376139975871256	17.037202307957262	22.706023408923112	17.102544288901434
-1.2576398218211606	3.2256021519963056	-2.5636677337162306	-7.918860289054152	-1.5983618173809724
-2.5295422490593946	0.8873808214692627	13.672536277829366	34.5135952798529	15.106906112476189
-4.738204248533439	0.7513910344806014	17.175322408548848	-2.568517415113984	16.4980110181662
-1.3933362748009381	-2.8596624936922534	24.450990481793724	33.30036464908322	24.244014264521535
-0.042957467192143994	-2.7661381549049113	19.13625572835568	13.748893544971645	19.295345762691213
-2.8783627673202616	0.8430577838582467	13.225374744111928	16.988158435058317	13.277434888115764
3.5786349680038256	3.109919797081135	0.7962390771051562	1.332979376224992	1.3889418247375656
-1.5744509294295064	2.2283338474470415	2.657698925094825	-2.8136596665915055	1.1262776847495524
-1.574370278150293	1.7028435785479097	6.406805516440918	-6.997087278053766	13.652154540636662
-2.0908420628062316	-1.9412953119950513	23.15885478178259	3.5014813588886824	23.397538900888225
-3.94630568953634	0.6530262164813525	18.29126064407534	30.95965700569802	18.653756398772806
-1.760521410636895	3.954627099783023	-4.027711198564851	-7.360464567164273	-4.124998811605356
-3.774615261203972	3.7834845010134757	-3.3204553366456344	-0.42900864326791854	-2.8620048193942176
-4.680945070331789	-4.765647252423149	60.929630017634345	59.89817620472767	61.17423197074629
-0.4446888780809841	-0.1603461802203343	10.185396960426726	3.609711038367946	7.196901503113157
4.21407788908939	4.72162415426693	2.3979259053068738	8.077882035392417	2.5893352855681298
-0.6014096993127964	4.591810103738306	-6.545416626000295	-35.89787075752852	-6.5151421823715685
-3.5164644354042327	4.307388087446581	-9.996922896790238	2.5256625287102334	-10.07394750376507
-1.8108093170117678	1.899788683032913	4.583787467233634	-11.333291862063836	4.590783747914686
2.0310412501163535	-0.5557053094485838	4.32386496980332	3.0332325135639717	4.621001504865024
-0.34452273468437955	-2.486499401704471	18.53662837637559	8.491795846242098	18.49719522288323
1.8529329008630455	2.207832980420293	-0.3893935330525027	7.054878096647395	-0.29599995213086905
1.1234649098617986	-3.3809313136843135	13.351363384473007	-2.6011457409481302	12.664043894447689
2.8706947159512115	-0.9244662855078669	-0.8142589238866119	-7.676130271906873	-1.9466027852655974
-0.5360054405428292	2.439244785275493	3.412532458213328	-8.58667967347396	3.1467873516350378
2.412703458480311	4.1557412192605465	-1.1681574388489835	-0.02597989006666701	-1.2769225197311558
0.1482495866461475	-1.441916039472988	14.382087346114268	11.584735369903719	14.248027067887309
-2.150244885808333	-2.7599561637060397	28.324483333612363	26.782024584533517	28.4243517575065
1.3467308742256776	2.0636922520995205	-0.2739796251478601	-5.367050898985334	-0.530954780592086
-3.6092204176378804	-1.2414790698202816	29.66796014757415	43.40757123019093	29.901518081939848
4.040011896861712	-1.910816295921177	-5.575916138660963	-22.36896408648836	-5.8171968714047715
1.1096057229879133	0.484550465092779	3.412152811701631	2.330891164058867	3.0152932987170558
4.705303934327471	-1.1191840325261415	-6.1204931904428745	-14.938613687951023	-6.079006986597533
1.900592825295762	1.665995638035639	-0.4982817446178567	-1.5464080942243783	-0.557796683876892
-0.6989430730584436	2.1335992204356122	4.422557325724396	13.159033271453003	3.952008038106357
4.250394582966898	-4.847836270936877	-11.411507493110536	-6.670205114188126	-11.778660076541506
-4.007472626206664	4.008500059462829	-7.203059464645782	-9.124377215068517	-7.501214928852394
4.465078242976359	-2.9589810989377776	-8.540902025100348	-19.428148151663045	-7.821829842687532
-0.6555468232877306	1.9816972370526331	3.7793956231018058	-8.55861145508148	5.539032672746409
-2.6937279283533124	-3.611304098999927	38.90446216134255	53.60686288293517	38.50288255900628
0.5526679702270485	1.4751619389718238	5.051791160483347	-2.7936602536605237	4.981268034084083
0.8669708723448997	-1.3965492823364345	7.514192005710584	9.667001475663259	7.180479910682492
-3.305298795150743	-1.9208234395683474	29.695143913568042	-6.099603786436678	28.08704360967862
3.957077093052707	-2.711247018656906	-4.897906355170796	16.31050683420189	-7.508269979047032
-3.04989382412585	4.101224822217864	-7.97144920351832	-31.85182418834156	-8.209177089838791
3.270712109217712	4.505313481795929	-0.31296193669731864	1.4210913081274819	-0.13819191154999627
-4.725535822310559	4.162017582987508	-10.95257686240938	-11.013077292149712	-11.263561262237943
1.1717875309882544	-1.3105939851594717	9.151402475348796	26.164069429651498	8.900823886970413
-2.893285439804707	-0.39175070756232167	18.169342584882244	21.09853832215263	18.147284371982888
0.06127122147336905	2.7949341248440867	-1.3962084925315765	17.902695077283884	-1.6019749217065784
2.3476692922708846	-4.376999248817514	6.725501780082007	15.57707874484503	6.89335517409002
-4.020954414730278	2.6192587811656924	0.679450049267758	21.774091236534797	1.7044874077759467
-1.9317387837108138	-1.9114586299786218	23.249677580993854	45.12453254428232	23.46230721294331
2.3452012784074237	-3.272109108931236	3.0916022286806526	-5.913040821420198	3.865944808145982
2.189294744163007	-0.5073953717911239	4.749600177845937	2.7647236503855126	4.4567396503547085
4.560069094524803	4.910725258792915	3.9573384785717622	12.90061661717705	2.861308561734938
3.720156396633932	4.468043421641692	0.7960113057475557	2.8408565561546384	0.6642429101465844
-2.4407626597757726	1.6825728001419327	8.577158290680991	5.587717881779411	8.609876992959132
-3.9478469263979243	-4.082904139119401	51.18508005086976	41.03582611369713	51.21331870902908
1.359265946869204	4.983325232299986	-4.2907611033919215	-21.87863982911911	-5.010289235749219
-2.727148706863071	2.0953258991074453	5.669526828073165	-16.37307283800402	6.605442129203128
4.131751792433638	-2.0618345990306954	-7.16158071546443	-3.7383724719412603	-7.275681437495373
-4.499016302149523	3.516624589740717	-5.520120030602312	1.925147028149241	-5.597334176780211
-1.5921412667475652	3.30581375208536	-2.7534989264796232	0.8413361226386789	-3.0396101747563202
-2.162795678764269	-3.9105092166345323	33.68070089929493	46.24149055407084	33.71612560027272
3.6423778728715224	-3.927122051631634	-3.8460425455847114	-14.382759621740455	-4.199582833333198
-1.3158311839442707	3.506137090505078	-1.1970692232366367	-17.776575749143593	-0.6257347930228807
-2.4441648198337096	-0.4550429365024886	17.967551860086324	35.7236248290827	18.170762601549445
-3.0898769965238646	-2.4202050358810223	35.007182883391685	45.818040760598905	35.56988238039441
-0.5748833513590634	4.24021986985422	-6.215127897610207	-5.346704146727952	-6.4683989217572675
1.613383035836149	-0.038082229761441155	3.7906960209227987	1.127984655043658	3.76150554420963
0.8075381475232764	-3.091235022582265	12.148653138943697	24.13845871385829	8.197626772774171
3.090799121989896	2.469815084816913	1.9197076815716814	12.86041563497601	2.1858163249120666
3.060234839908345	-0.918857526334536	-2.2279898956356705	-7.763410684011804	-1.3697952544102177
-0.9785102097179808	-3.883425681959023	29.385286847817607	47.53636587873673	29.443174753532986
-3.543797690757419	0.6919947579853805	14.749352752067336	31.525995830450093	13.647356480789572
-4.152154094149404	0.8589561975235851	16.22513990460008	22.686249511975003	16.001610104560726
2.7002718025898282	4.529858310136509	-1.7295661566677043	-1.4221370410981558	-2.0942595994251545
1.8689982473604658	-0.9347223879015658	2.6758854520299185	22.88315965114503	2.7390573748663654
1.2127571883094763	1.531737766105497	3.7475770558494035	8.076654911796386	3.9259265615194736
1.6576515699687766	-4.245875062140771	10.623614522968834	-1.494799799555734	8.93382866447024
-0.3245361135744771	-4.728851152363635	25.7930456622799	52.91675836128578	26.146491947610464
1.0693907256748405	-2.2339318287795598	9.008064925445218	-3.452143497784574	8.727429750603203
1.0242025462586755	-3.619098375252068	11.817699902103026	6.912922931107892	11.86847064136973
-1.665739271780299	2.20437396036343	2.3507056452819404	3.6933137801889595	2.3539549206801613
2.3239014257391517	4.106973396720942	-1.1051007942726008	5.026388242379452	-1.2278867713052999
-0.49636277570676324	1.7170439564682258	2.996099049234682	-14.391411382723348	3.1011052364373923
-4.223127106878914	2.7074001132533185	0.24621208341428424	11.993422181334754	0.33280895047612113
-4.128903269133848	0.49133409764100744	17.39451716178985	49.2804777500609	17.282381095791404
-1.5082718559971333	4.9901929984569176	-7.497909254948133	-23.08009059849839	-7.455145017846659
-3.1057956761178795	0.19323855427976344	19.018624724520244	29.775744761019666	19.041669471669618
-4.420097294280052	3.9268640781956083	-5.722179224800285	5.809805302622265	-6.6809722808465235
4.614838460626391	-0.4917552165615309	-6.380255000800318	-2.5821324084707786	-6.9332979592962625
0.6486983040100398	-4.016777714929972	18.472017611481633	23.057900673386527	18.276628732453048
4.6088754393887506	4.4260065583536825	2.807239140551068	-17.598801667511147	1.0540950222755794
-1.1757975106609408	-3.4233149535240095	28.14493164968148	26.520750225916526	28.676751452596733
4.091760390618729	-1.0396051928319294	-5.302540338709289	-15.06445423396291	-5.3234823317076465
0.06440265137491963	-1.1005822610363678	13.918782949183433	2.5984190392325672	13.934133108787545
-0.03530785980005113	-2.3922748928082305	17.59669374602247	24.25654813897239	16.787518514346367
4.712261368468399	2.239204455668805	-3.2032487928002458	-2.598140099368886	-4.819605263657044
-1.6931457185897472	1.519787441800453	8.94656575025377	1.9193033151209802	2.7133136894224457
-1.0095251676226837	4.885020052126173	-5.635294936926008	17.86773230525791	-5.746678607858492
2.1023307613060593	0.10462414773132878	4.389552093952633	-1.362781550271877	4.675243230214186
-4.5459122427398215	-0.27813958918831005	22.920536172573986	29.273281023402607	22.979589327206238
-4.163961436313687	-1.433158061862907	32.48927678537998	24.230333111060375	32.23414316057022
2.2940932826789338	-2.3005403174743853	1.8026019312955246	-16.53976015406167	1.8156478922460066
4.001225437008014	-0.23943824195814223	-3.2537982517561392	1.8014400814870477	-3.7304339697345728
-4.175401345499997	-4.497894297775539	54.502436900081186	42.504243619898126	55.88530094713165
-4.468227184807153	-4.348056435261603	56.87690001020794	56.11098628124563	56.96053106903103
2.4880881072611603	-1.0481598942401416	4.023391455478959	15.065993210127179	3.768147001259575
-2.2942481447978844	-0.3254478923716775	19.339488615643553	25.273652295064743	21.67035026506124
0.277773062533897	2.944908919043155	-1.2646639819045535	0.3136601773018546	-1.731566229304856
1.1623879233223082	-3.6903467820568037	12.630512808618464	27.02576839457507	12.87483937528458
4.6029672775586405	2.0514089761482808	-3.3658911768613082	1.8948885803620028	-2.6206578891509604
2.332781001135311	-1.6651379842135317	3.0721760269191094	14.93678251568204	2.5332880465429484
0.31288014946169174	3.3006497853505117	0.25957690297274627	-14.794654209790556	0.7833819559953854
0.8054444991178764	-4.641606822901982	18.009143281726306	18.679109270441515	18.005394370891615
-0.15382438505379437	4.12983236608566	-4.590365262161736	-6.808404689825652	-5.389579218663848
-3.069080352642829	-0.5075135567327438	22.15379746105835	3.190712966988194	22.215502563700575
-2.7119049536656927	3.9912234593157674	-5.5440276993537845	-12.374043108036776	-5.942611107862917
-0.6845688973577699	-4.681583025306146	28.644112210799534	9.393352887257038	28.189548413353922
-0.5061041053355471	-2.3069183727086138	18.317035899778826	12.37826837671659	18.541597967719426
2.7617470822787613	1.6568177601087761	0.7956951036644293	-7.991621517435822	0.2968588651980352
-1.623185983747486	2.1921663378353458	2.384702924065949	5.6219891983001435	2.7291760263562295
4.686117453188718	2.0808798820229724	-3.4855471852162	-13.81856899242526	-3.082655854308126
2.960706358905422	-3.7392503926028686	2.2290549435390723	12.680536485412908	2.2117022419006855
2.0733602892104646	-0.40368214170597216	4.769656365629426	0.9262489698768257	4.679749422115996
-4.138015207168852	4.218612519151893	-10.655252518238585	-21.938477678786782	-10.614581113113324
1.6278721726244871	-1.5391825414870985	7.31311719850505	1.175759340317108	7.504063238635791
-3.5075901408976486	0.7506031578026864	13.293123151397443	2.1067147312949785	14.031228708930133
2.9365435502940436	2.727010112761299	1.9704068244937951	4.356697600824454	1.9971309382599627
2.463758833037363	3.7228972657393076	0.43826339982086865	-21.89344735263137	0.29005948834336437
-1.8197405842204804	-3.2331488759583227	28.14146878559998	20.217849905229297	28.02210510189642
1.427340795012075	-4.133810514193018	12.96923696596909	7.7974463097541715	11.787181070603665
2.213870738393312	-2.2284010071731872	2.126856863173376	-0.302266824764875	-3.9434006573723965
-2.1042165574647265	4.2116186315879816	-8.107009778014636	-13.356842817745529	-8.126947002784595
3.680226245851122	4.02042812788569	0.6810573292204037	-0.9417362609187033	1.0323985248481833
3.471468274383728	-1.7546939563411579	-2.041912411729352	2.569019818790615	-2.3244159823055037
1.2320547067367427	-4.427966790040702	11.186649990342124	0.826091433980082	11.381110624730383
4.345444318341652	3.8899694983586297	1.1214038847296612	-19.40534036471289	0.3477679168351696
-1.0938067539073049	-4.042590416307963	28.578287814776072	37.52175784078642	28.06053726033132
-3.067394092366742	0.6271471116919276	12.472365612973718	15.211441394007228	12.576227345184536
1.2278579253350843	4.43832400376227	-4.423720435944135	-19.501736198667363	-7.114311414717326
1.0733689418386563	3.3411511100330404	1.2163389159799518	6.110595106816832	1.056238696409311
1.7183608963085355	-1.5551788288101664	6.054754556164994	-10.159191904027804	4.686175227571857
0.3590385401845495	-1.2040601770735448	11.298898378117103	7.006870219345706	12.978522961600312
-1.862127111991363	4.916430056261088	-7.737746505976109	-11.724524991659678	-7.2683647756046
0.8275068058720798	-0.9513152536272882	8.584104144028437	19.914214386499165	9.380012555896375
4.015544428940949	-2.554423327740455	-5.844180846254848	-10.27462054665604	-6.663954837757462
2.5278825208785625	0.5588810726686324	-0.7239478595038666	4.157469088773272	-0.8680391309760422
-1.1975109532495534	3.3580222009725382	-1.8905195928926144	9.769360171631977	-2.3278543299117826
3.2670965364520725	-1.7305713239939893	-3.006627196043614	13.747707494480828	-3.435273110190504
-1.6711503812343818	1.1639872284412736	7.842831833726878	1.319457143369048	7.678980619388442
0.2284891385590324	-1.4838087357599705	14.358728336849447	29.403839442291716	13.71061579637479
3.1543559148471907	4.174941279499137	-0.11343891967752717	-17.38232155683843	-0.023478843970456048
3.0918335831048243	3.2651182960534832	1.2622306345068084	-14.132761634498403	126.56784171773162
4.872501401417633	0.504870138285499	-4.856047876022025	-0.6950698574818999	-4.909947949652589
1.7862038764284236	0.8810913424788369	3.736340409382155	-10.250532405878824	3.804633665549975
-0.5383447043121254	3.16116074750399	-1.8049097761829995	17.06734091477322	-1.5477482902433288
3.071550550048938	-4.599763624405446	1.439235960937907	4.612667299655678	2.9835446598415807
2.3721390413628214	-3.5209314829946714	3.4587680256723505	10.559555226320045	3.682044293530744
2.7717959591600625	-2.892478922198004	2.9823907251813724	9.501535343192604	2.500716207923935
2.1964968235363127	-3.234934181813535	5.936638994504749	2.9384215006814514	5.861628810476895
4.671722426634666	2.114031831425881	-3.389416797417244	-13.453703507578554	-2.5948981640142152
-1.5091113730503016	-4.311806970869462	34.913574199581824	59.353952270678384	34.98631171392548
2.8418679366337205	-2.4165902536640846	2.680487269543222	15.21409652848343	2.427708035198698
4.598747016482665	4.694863501829342	3.517954459542917	-14.60635009446068	3.340497361311816
1.4701099068068233	2.274494027920424	-0.7708169552768054	18.47236695420354	-0.8542235260167568
-1.8264722692562096	-2.4785965013724445	26.538758679045277	49.463107005964204	26.594050091677698
-4.844439997202018	-0.8526908032164631	28.47460000127749	52.900678891234364	28.676750376170006
0.5056058043325917	-4.260065341014551	16.997423432721384	26.897094430607666	17.078550134991
3.0598528325121457	-2.077900833207682	-1.3816144263220131	2.662086669549085	-1.0618486731911108
0.7290517461809145	-0.8029653218542565	8.631761931543071	-4.9188137446833835	8.535258162084876
2.3128611032066537	0.6862045473547838	0.31319991506806577	-2.683332036506264	0.41967187932438005
2.5172430413292854	-0.8090595857823359	3.338081414518451	-15.541017682545453	3.1099886167746154
-0.3656743157868245	2.9111385152914435	-1.6992218708125677	-1.0663621593060713	-1.5523475583448887
-1.0280422926833435	-2.7181137084659026	24.43731285681256	23.75829610223589	24.477901579884332
-4.740162121051932	-4.427685186891869	55.519676159632915	24.038020358918853	56.43646854474228
-3.9311943862943197	-3.258503046313239	45.08304483869159	53.81735563209719	44.65856191460759
-0.050930387878938	1.4564430269760331	3.169089494233333	-2.2444438308590637	3.112808656855211
-3.7574451208087725	-3.179014717926778	40.241470082686554	40.24395052019031	38.885365030887755
4.106095959206115	0.19669416217617908	-3.886032879195655	-6.755549379391203	-4.610723160374702
1.4791113027465848	2.254229339867412	-0.769518439502314	-12.674748718838867	-0.5683683731507234
-2.14388937837061	2.0933158172207245	3.1587987761521608	4.958108450624836	3.5003445178466617
-0.37338229793049393	1.710635388677682	3.2409746901294016	-6.2611125279823145	1.8492091269426274
2.299784724677676	0.35744870892618774	1.6704702776367841	-2.1310536399473263	1.9966148388212024
-1.4536625943451842	-0.7259815588073586	17.790527850082388	-1.6407452183709417	17.581852213529988
-4.894021071897971	-4.94151481503673	61.02261009871444	57.55919256877247	60.68620511096293
0.19469104762769973	2.447563249112318	0.8159382375045796	13.85080644659298	0.7403745594890514
-1.8945404674553457	-0.23962232011671336	15.573186555400925	8.754079954295545	15.671453327589346
0.7610213924881881	-1.3287481665755418	7.692337749249918	8.91894684818452	8.23156997750081
0.6127412551655134	3.599889568341487	0.5216395517927246	-18.968729558563084	0.232721501425748
3.581361060666463	-0.11302198487724091	0.16743000813742737	-11.292212527606631	1.9629528485544359
-0.1698893374198862	-2.610142786771432	19.088366768647695	-2.0421180929214486	19.006816658927306
-1.2933186220559856	1.2978925470335483	9.280213775816337	15.229855564125186	10.633904968627487
-1.122643006160394	2.2231098824384983	3.83653626372864	2.937711868806524	3.7432323169819908
-3.275194357758777	-3.8576469920285383	44.190643118919034	49.04298372848092	45.07707004832983
3.742676029824775	3.0077730199966286	0.510890257730859	-9.56379901674397	0.45779122598279204
4.718371972624434	3.0391789760773555	-1.2061002599045663	-0.23811929180700475	-1.078520436094249
2.7646737964526675	-2.617741682892145	3.2197869910848382	40.20153397739152	3.5821774809740603
-0.9130662500297859	-3.740255612377247	27.021784233477366	21.99009999713556	24.804425874709455
-3.8676530020808233	2.5383194972324654	1.4197523042573021	4.946843027274855	1.468580282767747
3.369488284448215	2.14376378788913	1.5254272984983765	-14.705120149278516	1.341079568370544
-1.6706283399696575	-1.3768619254789085	18.844562437389325	11.267104228826177	19.07934814375988
-0.8255693738509606	-3.200542326251794	23.344463596614098	36.7776588307039	25.46658536715194
3.450980389720055	-2.403527361180627	-3.1676978350711247	0.9363998642925404	-3.0879735688326853
4.857127599872076	1.2151123761304774	-4.684742081052647	-15.684620866285844	-4.558696984777854
1.8861709985983506	0.6864872222286849	3.8971511034263004	31.15791206217097	4.1550037826327495
-0.318984180247746	-0.04212357875645001	8.128754110785284	41.1078206059188	7.9444251198981215
-3.015070617952509	-4.08204350509383	42.892800947619314	32.782795060126006	42.31788015979769
0.8563247193368237	-1.2530359973458136	7.6742528704111495	-26.051878037530887	7.944870680371457
2.0196154727214672	-0.4208844465585333	4.595325837864849	1.68895508529116	4.450029148329915
-2.9287671734156695	4.36226321787619	-9.25734276414115	-17.32080270729743	-9.154122578180663
1.0016058596507573	1.9485071728840921	1.8380606434148523	0.6771473258359781	2.4928325997948253
4.913470551107164	-2.414323754764307	-9.537531508124424	-5.037216850139904	-9.885727323177683
1.7287421699930183	-1.8792475267991215	7.619140616605714	7.630366242744761	7.484871646452267
3.9260762450850386	-3.8286523207163983	-5.229941416622177	7.691047585289715	-5.353151958074212
-4.183911818161893	-0.6497459436641186	26.91275611350362	25.749871290079632	26.636795825722327
1.9492292673682101	0.20226059048573308	4.935469221629884	-18.665233402732706	5.428067645480935
-1.598047338488191	-1.0255872095116447	18.79062743562661	40.11596136121241	17.907258550234033
4.870774601499324	-3.385485932366785	-12.240544015448034	4.010339613187373	-12.161717968283568
-0.27691716096089536	-0.3169747103545326	10.116085774415618	-4.113974613103029	10.218194791195602
3.9412639992766163	3.1569219658928933	0.2467025904192321	28.18231527946836	0.3442073118319676
1.8173958144272815	-4.331902980668106	7.43770775304772	0.40055852507872647	4.666121047795638
-0.5949616072987762	4.602396876170607	-6.490498145154859	-9.91849840302742	-6.018258679054135
-3.7604434395520348	4.018395789080438	-7.1693572547564575	-26.02007846006957	-7.7957112541488485
1.3570837671261016	-4.36108227559334	11.881060896456756	3.696107895331787	8.404400882676727
2.8641768541652777	4.615637315791059	-1.5067365174501302	-5.073594587260207	-1.5782581560201694
-2.5439142365651533	-4.4582962140050775	39.485309095132415	53.233781406633895	39.458581355192
-4.396649744257086	-3.255716736586214	44.384071877683255	51.65837057153857	43.46886309717693
2.4073275082839896	-0.5354549242864461	3.710847478051111	-10.072188343786918	3.359659635729132
-1.820296220067359	3.6444997679197915	-1.349906594846386	5.285087897226294	-1.5198453509457763
-4.025240237895509	-0.012927823380033843	22.585534540898376	18.679936400277448	22.60965173421472
1.9730862111294423	3.317911622484214	1.6381941524173191	-21.21087390577666	4.247381174599736
4.689793056181154	0.4160703169485638	-5.6073734291882245	3.4885699604005707	-5.680783801522674
-1.6015169805901905	-4.961640544499475	36.50232150700868	18.820274258216582	36.935662870123316
-2.604950929663692	-1.7372246070897388	26.939395795338907	27.092638054748793	61.58868855521381
0.27468118930114827	-3.7750511786165983	17.190775347251893	33.10858855355891	16.86393742039054
-3.705473886551901	3.3044154880112266	-3.636535991100807	0.6707397730542208	-3.2985573709243665
0.2076798220721905	3.6022563889457047	0.31441169197315766	-5.724790712296692	-2.064914275854942
3.2773233937287447	-0.31290990914890493	-0.869245360203082	21.90419908425923	-1.0036761210331042
-0.86022009169589	-4.097364089033684	29.390156023424804	39.96893862772649	29.06451804966239
-4.059718084643023	-4.361590826788177	49.993869150502704	55.37395991656326	48.219463258036264
4.904751179230157	2.7581491166893155	-2.263962518373975	-28.39500941624865	-2.0320325364159446
-1.0444015362477685	-2.4678633820890683	23.985871632319174	31.99101980129037	23.99231898234421
-1.1185816548511918	-4.115283198935428	28.019447472329766	23.55712117720514	28.065671690240062
4.21267067785454	-2.7165801688681634	-8.912092252445563	-3.9180644814411885	-8.98476938833785
-1.3475310691032059	4.178673886947067	-6.757484856554344	-6.3111902389107115	-7.273859812755882
-2.4908588323369085	3.3520062091467935	-3.681854799809166	-7.9898160646887	-3.6809869680566427
-4.047766947210926	3.9259809622447417	-5.403941300623718	-19.776698435052396	-5.429605033581934
0.47430094195616146	-4.007819762930653	17.781963087658916	18.195233461923298	20.262715985102638
2.1266418161487435	-1.0330733252915456	3.514375329412512	25.760918888540346	3.495873431038208
3.878728489793424	-3.1880143117877067	-3.906734657894872	-7.842461707146107	-3.8602757916528474
-2.1694759263330408	3.3642366936244823	-3.2905145585877147	13.745399553228205	-2.978268685828645
2.5172315362568654	1.1906164280644447	-0.8349516057987473	14.863118756867525	-0.5009467931164453
-0.24814997073005607	0.8900766303916523	8.055824727803547	6.613914336782649	5.225028761101
2.447871302622606	-0.34830378886625635	2.7472233959035397	-4.638633584635784	2.3829695452270525
4.779490097134566	1.4775196575019862	-4.5548836733593285	8.044110097264493	-5.286924412725886
-1.4719536561646738	0.9014953228108151	7.488403710977083	-23.3639899524008	6.922845120929703
1.2205055831977587	4.67462535529798	-4.888087684506223	-17.819372086631088	-5.0857680577087905
3.9093181066024414	4.914951154078578	1.5755510717573682	2.0273032250672327	1.4230799239628722
-2.575057822646939	4.09435482985225	-7.263794010206923	-2.6211253532260166	-7.660168758317558
3.435863861905485	-0.8112986482894469	-0.8322584900550908	2.840948660260594	-1.3807519236634205
0.4905504779393821	4.871124956139486	-4.864140311620078	-0.6836143347336838	-4.872030045410767
-0.2628528505615666	-4.920846368210773	26.49102145135144	16.181735672526155	26.05071959147596
1.5968127963347465	-1.7851162054911618	8.659698480687165	28.43888763442222	8.327897465487657
4.213592685753669	4.004955300802836	1.2217232341828617	14.309377015405635	2.7824075306833254
-0.042896036178746044	3.296165782003458	-0.31768607865224385	6.858404333497658	-0.41255788298117263
-4.915235070474386	-4.782957452297218	62.074846485263926	74.61352705518765	62.0355441027485
4.379771729629024	-3.099333932152679	-9.277446019494075	-10.453196020267756	-10.132336840608417
1.2027470659842754	-2.1742104953803407	7.299427897185893	10.686743552324065	7.592832601607448
-0.0066260480225954765	-4.440552831443494	23.718620342887483	20.630577594497815	23.945987181829526
3.429117800607873	-0.17640343893550536	0.010957191348226036	-2.9865893221521462	0.19376371212541108
-2.1817402376289206	3.190973012805742	-2.9067419544925457	-16.003367894703736	-2.9810535774415943
-4.96786401970815	-4.0474125492013835	56.329652851970124	56.02245712116426	56.39451367239366
-3.443857404659231	-0.3162557464796558	22.678697867790355	19.920114504689806	22.188344949247693
-1.2185662862162374	4.440915973420559	-7.568744395737252	-8.237953339455315	-8.216652337452636
-0.7787452320678581	2.303380421355106	4.568313098901777	-2.9259815262569386	4.700892564401228
1.2007342808471941	-0.1324932256166491	3.954950836204665	17.085497219847905	3.8359882478411835
2.0511399749563086	2.3255824745883826	0.3973014697983305	7.111940256722862	0.5513758598722098
3.7848034216308903	-4.286112476044344	-3.7630879539218967	2.6788235623344834	-2.562698622420118
-0.487919175638849	3.876477206668177	-2.0042826121203943	5.336128326661817	-1.6220626198756392
-3.1049471397117645	-4.4769075619570655	44.62176775672008	43.17725427646656	44.06187053312572
-2.84638177544005	0.6044322922746534	12.10355799735261	10.993248230676322	12.196386571806936
4.518916019903548	-3.9905502136192905	-8.929915073476453	-22.873414480217242	-8.426772916165396
3.5685745083276252	-1.4874994690695207	-1.1532671140187836	26.19489323533705	-1.1139384484598551
-2.8886826340212868	-1.0506056177249743	23.388017519732504	20.266325140381632	23.84326792268086
3.7794371225157537	0.04823790953251805	-0.7699781194275366	-4.829624636010073	-0.6709807218795564
-4.667739538744354	1.2322678076208504	11.734945274234276	6.317065402051345	11.93810868887398
-1.0010789465876693	-4.622289734812346	28.97968300180164	18.47871043662266	17.04381850210511
-0.3472310962474161	4.061405755049831	-4.080342117117106	-2.034758258135322	-4.084755848438806
1.9019769858281999	1.6630899229314853	-0.49586052165443006	-10.467017522837788	-0.6730020677003163
-0.4778963303873436	2.969633861445163	-1.884692117762113	0.4077592775016894	-6.103487334949671
2.298468477485292	0.1183137777253016	2.6538132292992316	23.70880635955431	2.8503555933179925
1.07240095467297	0.049626095687492544	4.002836002892501	12.797419909762143	3.3138037055744602
-4.589812861392801	3.6348575398747265	-4.808275458449401	-14.473595705910183	-4.541393376685981
4.182561881533665	-1.401598160298886	-6.872950289516126	-8.088939000051672	-8.000109715422793
3.832840189127321	4.849757747171575	1.2574162840022824	11.288837274638816	1.263585198279129
-1.8685591948770908	-1.7634279355689175	24.531464945489894	29.74461545345136	23.473652131466935
4.703085864208491	-4.329409777860166	-11.654521204080412	14.204518406361208	-11.557436417509903
0.0410732354840011	-4.513228367245405	23.73927789617072	11.114515128904223	23.567017610016197
-4.407348876903407	4.477193898999321	-9.41299051451206	-7.214528851209884	-8.625645780458315
1.8438927684948139	0.782038527885871	3.782654111490113	-7.338651103413594	3.8124512519578246
-3.7839775768929584	-3.5124970253849277	46.05408194638383	52.87876771692431	46.34546921548838
-0.39641243519272074	-2.076265029393781	19.240985026788078	25.078907966912503	18.935282819996576
-1.834856928080939	-3.8950642658529167	35.07873296877528	36.60160185019852	34.531554937246966
3.6774515733016813	-3.8800694198696926	-3.531812698962951	0.29991981016460123	-2.830447474129822
1.5740154811041958	-2.5426429978411735	7.576427151942502	12.93651301575368	7.227712548428245
-0.5712158279678201	-2.0910062136274474	19.016695366471744	3.5059989820006248	19.635111127697332
-4.131947317239716	0.7927172462550613	17.36755690644062	29.064114409871365	17.187245210222272
-4.0188971765520565	-1.4905271885577474	31.609868483822275	47.29449352249863	31.134643250864823
1.5674769653042278	-2.0859522072138805	8.857041549272942	-0.2111102349904641	8.763132625958274
4.851629293471845	3.4361650322945234	-0.11625882156499967	-25.75710068482415	-0.5577480941180961
1.4910217516872155	-0.5834362328045994	3.6561734702060242	-2.466014762732189	0.8997703279488953
1.2097171918494434	1.5836132006962442	3.4222260846310837	-13.74842079580727	3.0367076085004974
2.645637853129444	0.13221480880151848	-0.7134172297315577	-4.44795967411263	5.752308209301854
-2.0234108273481866	0.40208531964168337	13.678444257967929	1.7525690055886471	15.865027015948511
4.589866339215536	-3.1079081766484187	-7.974794590259219	6.814003745856453	-7.221353880509347
-2.984042288167953	-1.7225701939795046	29.793905405156647	14.733671417942313	29.785816202462183
-3.877012778510518	4.484683279460345	-8.958419040828916	-19.036448155504182	-7.187858242537518
2.2608063537050684	-3.2249758282260577	4.59998546215061	16.43534895540794	3.19951397609983
-0.22098811944050922	1.5180477697972607	3.037000495570481	14.10709058362708	3.106675744426278
-3.22019339601904	2.019356661193906	8.073131158293252	-4.942721176002889	8.209788913317555
2.794033834310744	-2.213447946739878	2.9450419054512715	-2.342141732449694	2.479872653224356
-0.4924431730963601	0.15462410460685483	7.937326775187787	17.347236948342516	8.260470307090912
3.9674120810785425	-1.3021029070596981	-3.8180542261614496	-3.65333094138088	-3.575364615377824
-2.35397309494911	-3.431962277075934	34.23967524347327	29.917527491412407	34.04683168563907
-1.8482914754184088	0.3337385249847893	13.971816952380992	6.584472462957093	14.313411931584398
-2.4097047350636935	2.3563741630736903	1.6900920201476777	7.438082786010366	1.7421168440561734
3.983260483971298	0.7972789916597698	-2.0586758827248954	9.135216989137728	-1.4876108776507064
0.6398730107071904	4.3776252019807185	-5.160900504319162	-3.543792955582753	-5.033363642243162
-4.095285511549146	-0.3562045848324926	22.51381313299158	18.95559100553737	22.323760590782314
-0.27239334734588283	-2.8465664367915675	17.47474194356835	12.088857999540739	17.10452285974131
-1.467190703038609	-2.6048626920622486	23.038324352283354	36.55744841697867	23.115098286853566
-0.06864063626218453	-4.125669100191777	23.860687846939108	36.56420593246514	24.198703502893
-0.010858413133087552	1.406810044565539	3.140187454097839	-8.63900565768074	2.926640835387162
-1.3706291216590083	-0.19138428077253966	12.95594759551658	19.291346580232542	12.84420863185683
0.9386066747057455	2.6863412994266582	-0.8949462700857942	-1.4807995713983713	-0.7329880402151092
0.8184001329075219	4.527046511062485	-5.320167387088624	-35.61428631718893	-6.428583252759869
-2.230344725932217	0.6541981245981976	14.091308839411107	21.348015220931472	14.261025198974021
1.3344574716440425	-0.47065404752722273	4.570703060622066	0.9770391694264648	3.971881870088456
1.6024650320131535	-0.7063926005402612	3.262280174195435	-11.137114109940459	3.2482745317102744
-1.5008635098310572	-4.905157368717025	33.66433137285046	66.9279212990284	33.65745289932193
-0.37442710435179993	-1.3467927488044449	12.697717367334448	20.379768046144743	11.847320028178533
3.0602604089821543	-1.5215931876209887	-2.0497113197388646	10.24317310618253	-1.4723212171120448
1.6384744903300366	0.24653538243959794	4.8127678773585405	17.820597501368052	4.7822459939960735
2.203757700385241	4.934161014534965	-3.5285835693042102	-17.659109227883427	-4.107434693429837
2.6171416262986167	3.5349393662940223	0.9945729063158777	-1.030417070490948	4.113138040889843
0.8843866697945728	3.4732793144380736	0.9937893028400084	-6.019787591942023	0.6979805700606821
1.6213720209245164	3.385571495722772	1.4565058566364153	23.239807266014722	0.6910287891650072
1.7561340468892714	0.7485107888081188	4.497102184396276	6.0679717976858445	4.184058938545385
-1.5726728608423812	-4.836292551067655	34.12470963578512	16.121536915062727	33.99431523541756
0.5788100290699729	-0.9931024729034119	7.706511713655944	2.3187780073141147	7.942430612090597
1.8955789716154126	4.948711156371324	-3.973704468688558	-1.4598762255127	-4.042131052609238
-3.8644285421815407	-4.336517496545702	51.160968459943625	54.752834864178304	51.41372605106443
-1.725571307517002	-2.7444627351939612	28.73317454373329	20.799493926214282	30.845294351570885
2.4168038440235478	2.7226263771818813	1.961318501586176	-7.220426973157149	4.202505558089998
3.3902214892849614	1.5987528053139979	1.4418573681735494	20.83659643061197	-0.40761557488035227
-3.89100077446641	4.009893026130689	-7.1151468420956645	-10.481764672960809	-7.648209012942299
-0.009168262760269386	2.2536260834725255	3.5622084885790493	2.8911427689604006	3.6501879511198068
4.272964245856802	-3.023725333132179	-9.54916901210774	-3.978735862267511	-9.027678180203628
0.38544347028384784	2.6489164858633742	-1.052841620072332	-2.8413466794772915	-1.0648775317580201
-4.496093728003832	3.6978712147234063	-4.144178655119074	10.019732674677613	-4.300512664450169
4.963210527560463	-3.031425816045986	-12.781430470926404	-4.339619452882014	-12.498481175427028
2.836635929845656	2.617957120584008	2.0610415558088335	-0.2435687253649892	2.152164736105274
-0.824673076503613	-3.2553617824090466	23.05977550222224	22.64748390250265	22.373528033009716
-1.8076625730816573	-1.4353009046487673	21.62323010478695	11.120859235872308	21.652012006863714
-4.870505554620056	-0.5088033379121697	29.112448897178623	35.4140968537169	29.38615862795842
-3.7409437984775087	3.626618721478316	-3.72673465321489	3.1386181802972932	-3.173378673173678
-0.9272692062152785	-0.24064470287149575	14.505976224183895	24.113062890776266	19.268004171486446
0.3562595836246114	-4.42077921839538	18.280717392795104	11.519128394883381	18.252077630092803
2.7279064233796824	0.3857335210396018	-1.2755323390107054	4.0734532332980145	-2.4735871798642926
4.054524182285503	3.7300315050517785	0.7403973161638889	-7.84679540164987	0.349409058863348
4.701361118923156	3.162092032275684	-0.8330798669092281	-5.68959315056561	-0.847970206204986
0.10461493638636465	4.285630960393162	-5.516137898250887	-38.30125119005527	-5.321232597002725
-2.006606042427379	3.6712654838231984	-1.5215988848961424	-6.509997999641105	-1.444559924979529
2.575913290892597	-1.3569234519648021	3.797186290474169	5.415990320148453	3.758393968486667
1.020385877421461	4.61466037043002	-5.128847551227643	14.129017107423394	-6.122977131643449
-0.9876309964999113	-1.6305441498910547	18.84508832573247	14.247139785008255	18.6546430457729
2.49675505869382	-4.400848949448738	3.8486858826405332	7.406649521356101	3.94180940669686
-3.1151643821932398	0.05712720608511823	18.432894734194726	22.41781499190969	18.18494179387226
-4.97309476032013	-4.943713656670407	61.356162141401185	46.95720413608769	61.12079369198822
2.6518707143761313	1.7285389780196319	0.6012052638112314	8.554543837456801	0.011411318418136918
-1.6782188016511523	1.7342976781840234	6.509946911169033	18.09330250204701	7.124518573058904
2.3367726580655956	0.013341644502776973	2.661993791053635	1.4806711798098555	3.028688646810276
0.5815919954849571	-0.9665225403232789	7.682683294035731	5.022992379808407	6.592348272242235
-0.3131678095969894	3.9318440120463958	-2.507850624699211	-19.405894837566755	-2.4218017462442156
-4.224276452106382	-4.651923727493243	57.062769017029424	65.9093597451378	57.062305363452865
1.7014846704264848	-3.207321147091452	6.547000623843012	-1.6923950153843297	5.537246800668267
-4.697188694332826	-2.467059746000536	41.48340211937073	15.643204936703196	46.38773780622621
1.59924408224387	2.44888840945091	-0.32783247488689093	-3.4563641349605128	-0.4628073243445369
4.82839555079482	2.6306962659461295	-2.4877314635421413	-16.87493076083357	-2.249722063134432
-3.8609899262779788	-4.0445480749775	49.12292329994102	17.044452843405367	48.507900800280396
0.9745377546788827	-4.924637100198134	17.963130402458848	27.795484225573198	17.783676658050652
-2.380461510827392	1.5326184039529558	7.825064499672546	-16.294674263053185	7.70958083797473
-2.024770623178589	2.7308486083106134	3.309466126941048	30.482014916037077	3.471005049489091
0.851569159833911	2.6632288456759188	-1.0281169065407938	-26.807704756602813	-1.4454463507490138
1.4133754991524041	-4.672126041995145	11.320207409800807	-1.3883307058900733	12.105485441391961
1.9303109272637435	0.1385399133667118	5.041847752953723	35.405796269155026	6.959030588421788
4.719591028671831	3.1304334225246055	-0.9470898383240232	4.174187253846064	-0.7124771439063399
-1.2683177323786818	3.9158956837914722	-3.051870711659733	9.830744088643463	-2.736309113498446
4.239999116667892	1.9929916471880933	-2.1752272281462113	-0.7863873630665126	-1.6758485953218571
2.7139138935841745	3.762914920701842	0.3821587808909284	6.1396032290480225	0.01797735054632532
0.36967395906739586	3.36218360124915	0.5179416860960216	-1.6560298767022603	0.5094819569470227
-2.173182185201087	1.8366920609278479	7.436066301742288	-15.912222961601655	8.802412715607327
-4.499674207332067	4.231873440036008	-11.080730662080148	-33.05953866874578	-11.317020640616064
-4.88576389909589	-2.4171591834561577	43.629010735942444	55.41356402070603	43.66751233180585
4.345277235515262	2.5779943164305097	-1.5107062557013151	12.904448197464735	-1.5502877486719746
0.9408801085831984	1.638033421597532	4.422340490003417	10.544326597821023	3.7533951811361783
-1.4182689891751554	-1.6203192549726952	18.771397010698216	9.933337449656298	18.602736530274303
2.6829779184185654	0.7810190519101115	-1.0770181709154065	-3.649414885237359	-0.5522494500811275
-4.310212410769278	-1.0242252904414526	27.836880513854002	18.14641217984293	27.678785676237762
-1.80714938153117	0.4009324336451128	14.268122908848138	15.873139122948057	14.823959404663116
1.3696208434891846	0.21087004239314489	3.515517797583622	0.1885280606056523	4.954489969963196
4.380736571456049	4.438030961925266	2.317546697558172	9.095760368749318	2.4762561916089747
-4.017329136118369	1.592632852263213	10.747867952263656	39.923125079454216	10.727855755220922
-4.147104611331676	-4.6991697549012965	56.99182582513232	48.25475904553316	56.89517306332067
-1.9103266199455495	4.512223072714891	-7.653387233704856	-19.67158803527267	-7.7749043856975835
-3.296786352677369	-2.125071027842711	33.576717798501626	46.2917421048311	33.23323763211571
2.3477900399763376	-2.527795193892739	1.6493405934229113	-8.983558302086069	1.1741433908454981
-2.7237489930218226	2.412652235461861	1.465031894455473	16.877705465099613	1.340125808945499
4.7810618683258586	1.2214299058781997	-4.819048074304568	-9.132823351342875	-4.863093459094022
3.002857044647655	0.8289594833360967	-0.04697605230221237	6.689905262541693	-0.4739782007208576
-4.247138465460206	-0.28605792504681293	22.393537193235943	20.564237533201815	22.41450847842212
4.255200242982845	-0.27209929850789205	-5.88061632559854	0.4575812357805402	-5.929917860712923
-0.15402960690536638	-0.11096541697203044	7.852617190968075	7.290615205530958	8.166797135944362
4.576249540850288	1.3452272109180665	-4.606655336350852	21.922420705992515	-4.54707878568192
2.2953604698941197	4.412171184488887	-2.2874848624302033	-2.608979829588491	-1.6709161744774899
-0.3905477689487693	0.5165936765096069	9.224476461479236	-6.769281392393056	8.572591646891656
3.620717572732149	-3.278441574160432	-3.153426883874312	1.8239406215810972	-2.4966509285451695
0.5875581267499328	1.7671143694916625	4.919577676022104	18.61401196748686	4.905881607585608
-2.32981093012011	-3.0072663526802024	32.745249377159126	55.032280524756416	32.86983211566368
4.3352379385080795	-4.333132237794062	-10.47353302018102	10.06352511153068	-10.461774094098036
3.4137988744878935	0.9636133134540961	1.1137663978421344	-9.096410166106338	0.8651549150793921
-3.6016461757519225	-2.2917321687510297	33.64016079438694	12.893970708055644	33.882013126317155
-2.4855788129855974	0.9550238480080795	12.783134418467164	-11.705070293782768	12.707197205084192
-4.8665657701870035	-3.8649473926254005	55.16568739449643	64.97273018404853	55.078912711836345
2.9561596765443845	-0.12318497049589094	-1.6985598499945882	-20.879404883810263	-3.297237613186816
2.3741175517149324	-2.6110348101733205	1.5724542118638323	9.789704561906907	1.510665054682056
-1.1755674259309723	4.527233180972441	-7.179529695790659	17.867494544374363	-8.924014135037977
0.6370274906469415	-0.8609675461584265	7.930033196140901	-2.754486012509984	7.298611321748365
-2.290986820714153	4.0733120343155775	-6.568934958029988	-24.050717534287266	-10.072950128834602
-2.2622577254509113	1.2196745723748688	7.386023468920887	14.522822224080336	7.706394976320216
0.14073415039284587	3.2426153679259535	-0.2598896086399892	25.43430674736537	-0.3078780284422751
-2.841766375488244	4.227706034802095	-9.171805816430462	-1.8208580426391192	-8.861486901853665
-0.025486419799753968	-2.538258521653937	18.610372888133337	21.728276808391733	18.31553879664868
-3.459655900182923	4.0146177155468195	-6.771735636646326	0.3523938188939786	-6.349796316979243
0.6958142256801736	-1.0554146144152554	7.665751038876708	23.160760137954178	7.537494918886972
-2.724420202192863	-2.140642808896108	28.55446363162902	36.726621454673825	28.765548519514326
0.2545998814702237	-1.436577626978953	14.176795184887418	16.290620246783543	13.351540765990894
-4.680302604681517	4.718152116843676	-13.09715314294427	-8.62087511447903	-13.201118067586629
1.2203098372356171	-1.7715371674943512	7.834089326192794	17.628485046801437	7.610256079523611
-2.91873219927131	-2.378249603590511	32.125566681484	-2.1542866627987394	32.1533688916513
3.8033193290621643	2.45660317395223	0.16131045849028142	-22.92909897440836	0.36026060098363416
4.516602047129329	1.026781106454945	-4.991375130267541	7.612442771307239	-5.407903222946948
1.602812939916845	-4.1723259715691805	11.371189414181217	27.13462205565821	11.559405036223986
0.4091267096314164	-0.27323905092536727	9.191275331038632	-13.742424076397239	8.991724621125993
3.817946075886411	-4.893428616980251	-4.458730168212635	-28.706951986663388	-4.487279664682986
-1.7804996053390654	-1.2103909333610519	18.202126896088902	3.858855992596318	17.67482466629518
3.0986279540242183	0.9522241965380127	0.5665642328442844	8.83031467051721	3.389551499871323
0.8634688322436244	-4.087645754807182	15.60751779829739	24.06372986130409	17.67295568407258
-4.785793771493822	4.339441753749879	-10.74592560196056	-19.49881519467499	119.4469568406421
-0.6923490112884316	-1.4299519639189748	17.036122940774785	26.863298463125282	17.3251910602782
-4.717207256689015	-2.912747244624124	44.55132225092978	71.08828025473726	43.97264145462872
4.9691623583226665	-1.615273054618931	-7.597502840396094	10.868101554509746	-10.152804431000671
-4.569079823897542	4.217431973068864	-11.129951979233327	-17.64895997690015	-10.757975914998294
-0.4368235119693882	4.251594788918739	-6.098458827216213	-17.315735160670535	-5.860061350659564
0.4426718542851402	-1.7405153644951419	14.123053070196757	-4.099573392624425	14.227838307957155
2.263231791411066	3.933420947984038	-0.4569651411156863	-19.723165031067406	-1.1691911012237854
1.2093795451543219	2.0734414352889807	0.08393043408929302	-42.61833890811812	0.26844608067960574
-3.1777044034126223	1.0704860414822006	13.562883238732626	28.34413101191458	13.07551039666966
0.6054420610979339	-2.720611364033684	12.23283301712155	-13.91658809770053	12.880074886472942
