x1	x2	response	response+gaussian	response+slash
3.685869425666766	-2.0162155561288433	-1.5414206253075138	-15.36039792501347	-1.6172027907973154
1.3901033213363823	-1.7863355321753849	8.845044730909565	9.332365567863144	8.594150426235618
-2.029925057948777	-1.9363348936386116	22.939041135348	10.41848193255281	22.78284222289721
2.5821726961161753	-2.3999349075816676	2.9434926299517206	14.560340436595407	2.827624699692516
-1.1611659777936478	-4.586260049460147	32.221098983871286	29.998886950520355	32.14636905579374
1.3513795928521564	-1.4674531418106018	9.247933101302765	21.162598679450443	9.09016464576552
4.715562280243274	-0.63770557325849	-5.888606146792846	-6.6763843972938055	-5.803542348797408
-1.635755884570317	0.7047795109874233	10.090258878620478	12.726848639302768	10.225899700301673
-3.5096992818845263	0.12128870546584025	17.23221358849971	18.201267492949853	17.13347743831351
-1.6775482227946235	-2.962769122858131	29.8231211662073	26.14661796074828	29.926496177240804
3.200427795505794	-2.7454931838755137	-2.7052926563294486	-18.79563825628228	-4.431148391180193
1.9581318379136512	0.47042173417291533	4.231220556104228	3.899930218882331	4.414748963846273
0.4299989042162897	3.2942242183569412	0.40912198476923844	16.082249220940742	0.27431500645484225
-1.1765192926533108	-2.3151968975279544	24.11205340236934	26.486075697982773	18.415509699149318
-1.8422419943468524	-1.9330044723814899	23.678124525239085	36.230738714755425	23.564301453593814
-0.10519161755376416	-1.738034208826773	12.712542734617525	43.0651385556902	18.20360224789099
-0.24543490491111974	-3.786995096779371	24.02150293217911	18.696417305490044	23.808694079496643
1.0130454648207294	3.0069682543547422	0.3352607831952503	0.5946773476440734	0.1297641810861952
-4.635812345933735	-3.6302613319630064	50.78714252650527	60.451976902031454	50.38099188162546
1.7471925425369417	4.419151188016439	-3.398057833463744	8.730167492501598	-3.525835776304636
0.9971059979323762	-4.460426106138655	15.48172735251564	29.841740152766228	15.180150113560119
-0.6058438590556978	-4.371120269286476	28.09082143109098	26.870329099080546	28.563169836182237
-0.6748114283857802	-3.727795141885565	22.723383906330966	7.12446838594353	22.43181742925657
4.517862226636394	1.5102376319330322	-4.182565647857777	-10.340905955184494	-1.8133063132683889
-0.6142087236056373	-2.5333472026469517	18.088648538702287	7.878021640402448	15.779030006022527
2.682494271376977	-2.8652273472597347	2.6037157170925402	-16.354135150094127	3.233969251438147
0.18704434413672733	1.8339387480407492	5.118193644231896	-9.306565636972815	5.559509097556561
-3.150845560150941	4.248969640747266	-9.638469811644116	11.80571374242742	-9.249077287747145
-2.4482124306851825	4.360321974544764	-8.871101727902792	8.361325654146134	-8.96890260406771
-3.717799440029358	-3.961788353587765	44.80255311047215	41.562681919886174	44.668723703991134
4.445821320979002	-3.5276614510365825	-9.012311025847849	-11.242977084979657	-8.865483276257239
0.7509654850509717	4.082559407453685	-2.964779892879104	2.475785414419623	-3.2297158882158863
2.506844169490879	0.028699377863277142	0.7731074039010694	1.4374447681353524	0.7654040025848968
3.3145162830039894	-0.8852355689913622	-1.6333264628308175	1.2873360388688244	-1.6093312754032423
-3.4763518235489412	3.7504389704525884	-2.9465081688993844	-30.796965259332406	-3.160945224485151
1.0415644986674586	-1.0414950299284085	9.339966196990185	-18.264337963509583	8.633712952811297
4.210847212320942	2.249529864918455	-1.630223007789958	-15.807517044617088	-1.4601414097577505
0.6445956800085124	2.8549151541020654	-0.9476653242933082	-0.26450618451345775	-0.7853205257815983
0.7826201476383554	4.427510905014584	-5.127300740429475	-9.91431328450043	-4.949428175050681
-4.80326861254384	1.2780524294729787	11.594768097923392	20.678317768884853	10.885092753514234
1.5496486816150394	3.6894991788437306	0.37903843109711755	-3.873876862349169	-1.0433100436581428
-1.1482012229699547	4.295029661613874	-7.369348102803221	9.972210188191914	-7.652485412442512
-3.953364980464783	-2.844708377821994	38.92436426745492	42.01110632697921	38.60427454988169
-1.1974679419670853	-0.45588408748449183	12.665895549316943	6.411846407216543	12.367683655564939
4.043489541121588	4.848082949255311	2.0022039820925794	7.7160405710419	2.8334808497908384
-2.411221702252119	2.9841843327289386	0.5404351467780539	-2.0164735073436937	0.3469954687159782
-2.798522050496551	2.7026573347785217	2.861285947759418	15.5956812352668	3.1632443801981336
4.30704610330514	1.7114700581463085	-2.9767047477343045	-11.034903992502526	-2.3059106414562764
0.10632411862136149	-4.841254871719935	22.954351377852635	1.494079020255704	14.298826415286948
0.2746733120452145	-1.6553270220611815	14.282368830337093	18.731982675457964	13.487312551647411
0.9434652567656219	4.091549888309773	-2.7971859850279266	-17.40865555239178	-3.31796363821317
3.266354994672895	0.7470231358727109	0.7705766183806759	-8.792022808094831	0.8577329642245761
-4.82363874865737	0.8802976311459441	17.942970841099605	8.740231752198786	17.180495220541737
4.567721116784554	-0.81599902868283	-6.774957902229329	0.7058906528769731	-6.450038912404679
-4.753039381849086	-2.4730287013883823	42.65217832928463	36.59936647744651	43.93594019484202
4.7801052736099745	-4.592013606170402	-14.329172574463097	-15.645787786708881	-14.060449061679343
-4.461867029667173	0.9112328390700872	17.273349184222816	24.956659180863298	17.33580232986436
-2.437398138973035	4.616183573988028	-7.318702248615072	-39.639868532063105	-7.650874250251814
4.6210749133901174	1.5038590063502646	-4.424936159611156	-1.0508782492382518	-4.38763907926687
-4.688038577498004	1.7457530357516857	10.984509231696807	21.47950965627609	11.000985642420863
-3.8435948850463966	4.159843192630067	-9.837814783418914	-24.047524359434757	-9.829540070361539
-2.842174452196308	-1.8498437957195026	29.789157044959854	20.030270377242122	29.58330031193732
-4.274135423212014	3.973651773765388	-6.649902903515052	-19.908161985146798	-9.141036255916632
-2.40974267958165	3.3432950480056096	-3.6093421654078686	12.240893978729943	-3.538516613832899
3.342240282605607	4.602938266754711	-0.22395772733708175	0.8106126566729052	1.15259097388777
3.5384767442428515	-0.796886760998559	-0.44402819605163013	7.323203157423084	-0.31700535577969263
0.4183381339476142	-0.04663785312318147	9.739621824943246	17.493288322303844	9.684871784589541
-1.2158389617992285	0.7938949267746622	7.602082348084076	-1.0816447706470464	8.103939211605507
-4.428473165702428	2.665973928048988	0.5426054373065212	6.159481539447166	0.5324564858371772
-2.7803726972879925	-1.2034151850467625	22.973169959178602	28.82238948711654	22.84999377323251
-4.201413996107547	4.459965185108517	-9.334276549671484	-21.830902021185544	-9.012967262664985
0.6506640392138259	3.4290223891961773	0.8765223554641224	-5.372460251968486	0.6794972247954273
-1.723713180142349	4.057405083176501	-5.640258479758725	-12.455053544695211	-5.161708628801169
2.5957319032386774	-1.3069330514705122	3.5820096852759225	9.956863915996031	3.8501214085291036
3.3263436177896466	-1.8470826301343757	-3.0128037630081987	7.419934801492584	-3.2210622792194794
-3.1522900873309636	-1.196831426309748	24.809289032448344	25.22450507413406	24.390812264287767
0.9290736376751871	-0.30992583967755394	8.095164276284635	-2.8616130596854514	8.145950705164392
-1.5586851427755533	-4.268986824082933	34.96998540413811	43.348754180429424	35.06063842368652
1.5783034561609828	-4.432381551239652	12.566591063394545	1.4422034421204781	12.027214985553567
-4.89122905084683	-2.0565477908776533	39.04493128424052	26.59902956140997	38.7662456209176
-2.7592258445840545	2.8224479500477004	3.011472181515235	14.24136280705784	3.0216650775126914
-0.6917326214427337	-4.383993466489743	29.255434623390176	25.44286792709346	29.151081454534026
-0.2835162538948701	-1.6773729277155311	13.904670452599024	11.249339087473036	13.368818639871447
4.4741889518710884	-3.128193392746029	-8.561589502675782	6.717226264512366	-8.59059730127599
1.7921257340700123	2.0525165121788067	-0.6877295331160644	12.355139195446558	0.7064141193263325
