1.7027998793332124	-0.7396128144747861
-14.88535374109233	4.38883293506943
19.155382169631036	2.454765832557539
-4.112310678215958	-0.4892885794991393
19.05625788726851	-4.2904306515030814
-33.27139685687561	2.653894459176253
-66.17214900251822	-1.4461489578386655
7.461913703775725	1.5370979058246894
-31.8995236953422	0.30003573815479606
31.49596444379674	-4.370242646544755
40.978169180758265	0.06291519276176816
-14.672624523394173	4.33662017182824
-16.78560823837071	-3.394686608852607
-48.27357908227609	3.050183630801378
16.300657266283274	-0.9644059028039478
56.38282360239845	0.5681195934279042
-12.012580292048979	1.2892299849067652
-7.2955295528198105	-0.773176221482895
26.002387407650406	2.3573187711442354
7.260214869677823	0.350559284945514
-7.162155099355704	-0.19474164226597046
38.19743819121763	0.08072633309275275
6.051963419530897	-1.5985087959050048
-4.417268453545943	1.4614223317059976
-14.231020909016644	0.1671985860187001
-4.181968265147724	2.7542578917399183
22.66563427576019	0.16824858245704685
-8.45016559502925	-2.4742830147811645
-10.678130352512852	0.18158427911580854
11.382895161006156	0.9855098493409361
28.28779769380998	-3.771614710939706
25.312291075890432	0.36098646641707083
11.771343809121548	-1.3531120472363523
17.23391232898579	-1.447603294336635
-17.172938379838087	-0.16447204757596998
-7.993535581157181	0.832258914631166
-5.515990676539743	-2.1137640976853493
-26.175824983733296	0.27224836988486395
39.18978558859983	0.9334692982699779
-29.356418230202117	0.6800993403370882
-60.7830835340237	0.5237288740162123
40.449684779272935	7.0224134549436465
-14.186727068467965	1.8516531260405849
19.372190698255277	2.1796536610599504
-2.948980981834879	0.6760508693848177
5.667202821388333	1.1481672787742918
-45.601176855696586	-0.06463044839005513
17.53445491987616	1.6329898008106525
40.693482069097115	-0.25228243404407974
-17.244694839507197	-129.43581457897054
28.508814340875176	1.2500705462073767
-0.7066339418435416	-0.3410438421401128
-32.70982034776982	-2.6725663741873604
3.5630959910885562	0.5437205943508399
-48.26138312947236	-0.4872302230448183
-15.99143573038662	1.9973555338196023
20.582222233492203	1.002838846044973
-5.71097492254021	-2.764438406859482
27.255297783033676	0.3663280941125009
-50.922580443114576	-0.6337097781325467
-8.748770060551173	0.28142258410960125
-52.84126295156846	-0.546168989463268
-20.534052428659255	-0.72566856986427
25.802421768607044	1.0697239404335361
13.575046721454669	2.582499516291612
25.227152126437225	1.4979546235349055
-47.872239506406146	-0.232305018079313
-7.6554380224903245	-0.6166802874121164
26.446546626478455	0.9000663969059252
-45.53465368986556	-1.1300901980406157
43.74079341473515	1.2828395920955005
19.237966875545304	0.1486635301895474
-35.994986815271886	0.3562388179372506
-65.313827368256	-0.8519906491912587
-20.635569427896893	0.6731595482351196
26.543904275377077	-0.011700563256294849
-15.31221380475824	0.42027089027921116
38.69511119791948	-1.4259728463988623
16.936182834930875	-1.341508142267493
-7.8235153606582495	-0.024524080559478238
13.765067562693199	-0.8798901321460573
53.31848174312653	-3.7886574096784287
33.26056035015149	-1.409024153350545
23.506564868407064	-0.6991316045179582
34.454946876141776	2.675464904504402
25.957714917961074	3.62564870605125
5.462081446203494	1.0470946323824237
-21.155306288130035	1.7333602062386613
21.838636695950555	0.026354842289059127
12.074829212345378	-0.30604670565232545
-8.457403465607683	-2.4045013778362767
-40.5352361123745	0.31413064563685555
-27.853569779344774	1.214236471856426
39.29372061165705	4.218805042939957
45.45196361400192	0.10080382456902454
31.392496447546005	-2.2616257649848293
43.38169196106574	0.1892007823803851
-8.445132934895186	0.9408209089258454
-45.89131354485192	0.33566081739917825
-9.697291095964937	-22.10900464717316
16.662367911564107	-1.2802892956079424
-3.6617277415784693	-0.004997427156695307
21.249211799032192	3.517195500900914
10.609600499509067	3.85220069703295
12.128506319947105	1.202528487973385
-20.582182512702328	-1.5450618625183539
60.396655339629106	-1.0105259055504416
33.51820171308665	0.15247355268877313
2.882041228498254	-0.8032108734091575
44.038497357834025	0.514174710495434
31.00006357425756	-2.8560944186597115
42.87107841723994	-1.3066030289267436
53.135209290138384	1.4827844042466851
40.401861897531376	0.0711602963653326
28.595918172314697	-0.6144189611500692
-34.69633547860141	0.5074540170317663
-13.93682601942794	-0.09803113328872809
-15.966519600154125	-0.43141651811494536
-16.967455569036698	-0.9295330801757249
52.97745673066451	4.600234355645688
-46.62900286118961	0.5857998236908943
15.481826078628437	-0.4807990453896951
0.6257945535297719	-4.409892218241346
19.117253297498557	-0.818239198176961
49.76831087964791	3.6196035789336642
-24.950170107838066	-0.2122613166055873
-24.86961211042847	-4.257381808559489
10.236417788895896	-0.12160302608050787
-37.15839954071339	1.426464159919266
-3.4909511913690303	1.0768166959644445
-7.794725112998615	8.220750650264282
-9.609361785969671	2.5551584302282806
46.62667595818301	-2.619127654001268
19.337725792249707	-0.1805061306917707
-30.001920538891266	-0.3947738806210881
-19.86116640811035	0.3279934667426717
54.47631193108151	-0.0034956941290191722
-18.527859252688234	0.23663466893493285
-27.740094939168984	1.6733221984528555
-16.43131062363114	-1.87157056608494
-30.46113127406005	-4.41895511568032
-8.424850580123204	14.358414653325525
55.57993009470912	0.4740539004993704
42.7264508079938	1.0190245005685388
-4.664023333419113	0.9790897977564365
28.770114471242014	-0.35542577914009693
5.1558713617098055	0.26100865847446586
-44.60508167298923	-0.03357060988625017
1.223027064930123	-1.6570753571954224
37.353901976973546	-3.3461649868660697
-19.826622632869686	0.3891994786871683
19.58760766807987	5.42560375225712
-20.83373493126564	0.6895634381244461
45.33769838058173	-0.23204238245165953
-22.879703998934414	-3.522076413936424
-15.428703233005608	-3.8034780718399532
-25.988152227805116	0.8906862159452426
22.725943272142512	0.867325470796802
46.43574921953668	-452.02080434468354
-16.86235860040451	909.8334012411551
10.098066441310134	-0.5264077847505624
2.6325012302291433	-0.19688623087138657
28.43879568797742	-0.3605054206841823
-37.71220981755041	1.4602300137876827
21.215292074848318	-0.9420893693328702
49.802652302848145	2.344303803375253
1.1158931016975238	-1.9323626400480893
-3.011678811035508	1.2660371856148165
57.50582624275582	-1.1292371373704402
-26.210023561432784	0.4138301610510823
10.252766034162347	-7.7123108113826575
3.2078135663833627	-0.688319577912276
9.296505730688416	-0.2745777222483053
0.6804598507302971	-0.02160904020264953
-21.860465973689266	0.1378661182982472
49.21533734849195	-3.270063176021508
19.469339524286674	9.64793864236828
-17.686024376531876	-11.466935277870059
-75.70012514806179	0.005061641756008409
18.237636022251163	1.312549016282609
33.157999753928564	0.8964154681406213
-4.292241024971163	9.888800149667173
-20.137921146335913	0.07666585897036374
-10.021811433500408	-5.114564194102034
-0.4875333850072629	1.762855131530966
39.47990373868152	0.35624365190019075
-41.48273034547897	0.16791048814176082
-15.391158698260375	1.8225470889490685
-17.699183239415866	0.0045223832741187265
24.56024752579977	13.642516134389814
11.056778934699597	-0.4994799289534444
-51.98430240598634	1.305261427383065
-4.615779332132751	-7.236765429731322
39.712645473320904	-0.7245767073965964
-10.83385232625655	0.965928620278257
18.867795500422154	-3.0225865258573283
2.827357760555318	0.6008862360332504
-7.035078082138758	-0.6504315683384938
-54.70693492784168	0.281715029827425
11.008060123349997	0.40150160583141087
80.67627421591374	-3.245277643722157
80.4265812520218	0.8179945079814257
2.8864468296314882	8.225971765875677
-55.46856463270912	-0.05087420635236271
12.910495876506513	1.3844426951256188
4.61511595477206	-0.3512625963365902
-43.12160503397731	0.34246921722114293
23.43600779074687	0.3443017166638081
83.3986362615593	-1.0149346776056196
60.720965895540814	-0.21852393332139933
62.01803940964954	-0.6051617430672126
73.90728816159131	-0.23498967451712593
-19.72403600464644	-3.191479321727645
-34.470496320593575	-0.7576477489740968
-6.677624785777044	-0.423664360227735
-19.838577728751865	-2.3409739114346784
-13.693803823376344	1.9004366916706656
65.28489927003771	-1.327645299599824
-46.66820852280909	2.2929749487592535
-40.498839186472246	0.27421911311324154
29.313302052873514	-0.18890111751288408
12.154519314341911	-4.496980307017541
23.051728298975647	1.8185735401240901
9.463790526274737	2.6622664613178335
2.1795827550041125	1.0789317148700304
7.147457819872065	-20.155786752980802
54.76031344712876	0.07265099841052369
-36.83850063378789	-0.9106775044890234
-6.759677666489316	0.3491124211026935
4.663322670245015	0.5117207202004695
-26.01144516232669	5.784481565807609
-34.39275889533697	1.426779444556749
74.0377328816952	-1.053060209582573
35.899962394718095	-2.4732742931460416
6.404315239296282	-0.8089048838593528
41.710281445912635	-1.2490045045735416
-16.544306204849235	1.1909168583144452
-8.137028833989085	1.746877532296683
32.13353743184318	-1.6072613274795475
44.34575909219042	6.473325531854656
0.0725337445228807	-0.5974637057067044
4.281643955443376	-5.766969295672171
-66.36008157752173	0.6535519055194083
9.958393430163229	-17.87049283860669
13.617777995135501	0.009489502743659966
-24.134278060936282	2.912945725640514
-19.661370065557826	-14.06504581405381
2.8922777190077404	1.570704646421062
-10.282194432591995	-0.9726870372234689
-17.91319654080467	2.610127738272356
-71.24363982090847	-1.3453591837896852
-13.140026751995366	-0.4321212521219149
27.93690970629511	0.9474592181811781
10.42676604788633	2.8297649812831867
18.779899151488458	7.080894123852658
-17.93808649178351	-0.8155852592715076
-4.674620765393834	1.8992751340140512
26.564663092855213	0.5004418644808207
-24.03100410869387	-0.24872111882843334
-47.86364315597214	1.2376565167649949
-32.47691337497527	-0.2548511354184965
-26.011844214986148	6.6275067098933915
-7.230129978975148	10.561190952528019
-13.331192187362205	-1.0906468249564814
-12.673239497718255	0.8271072468545294
-5.5255767230615715	-1.6280952947339091
39.143292400999634	-1.1168429980642238
-4.60198895617344	1.856960096237761
-21.92844619764146	-0.2535694402553003
10.82238907757659	-0.1509858454379651
16.42035279132039	-0.3267801401561178
-23.511234808591375	0.7807294605299795
-51.84392411442716	-0.20243578647591348
-12.779548462431627	-0.5260974160314001
-27.154892856167873	-0.10809956515880417
29.356662873530695	1.0264592469585054
-13.53715868274483	-3.611393064128448
7.323766861875579	-0.587202100279598
20.536227359989187	0.3657717745341914
44.33496421085657	0.05167943191197041
-0.5556387447947079	-1.8705617008024717
40.43832807641254	-40.680091880458036
-27.515618892042863	-0.16421080872515484
16.157605750695495	-2.2627994250099226
-17.199336541511247	8.710881086871252
0.4930559660597102	-22.500958040528463
14.80431848035298	0.3046084918327819
-44.14023236558429	-0.23915188734868936
-9.162154320168215	-92.82025560107692
-42.084174136705265	-0.6999133633828629
-20.59411384591162	-0.216705716260545
-55.495261713516555	-3.656878013587203
1.3326271189733043	-1.2007460143757218
31.57083818371321	-0.6440635617420427
-45.730996553221	1.4875421348303115
11.240835174193126	-6.8601554867260655
-67.77200339011772	-1.3757119937411115
-20.265540228759942	0.955815918686355
-52.80899144197481	-0.5797343435104739
-9.615585486080402	0.598020433438421
28.988642261468467	3.9350113398861737
33.033939349906696	0.3006185701553478
0.4141226734644517	-5.05658142819009
10.847773334422008	-1.5190911330300865
-31.833082357505084	-0.2258954722233085
2.136489800645657	0.04656008767383396
48.76305948439942	-1.0508407607660573
-41.80087931145545	-0.4336260394172943
1.567902994166564	-2.363006816181344
7.389690853491033	-0.6968673431903515
-5.616129078651413	6.64579528645717
-49.939410676049384	-1.1446098119025072
12.607387312527923	2.8875619875582026
-13.422053693381745	2.5550327427759365
24.834370621280048	0.88804551333165
-7.010539467152893	0.6256668037725404
41.734085709078165	1.3339454196206038
-34.21976719414866	-0.2573900054967302
50.82973187141261	-0.08813361198120744
10.319936511428637	0.12747153694978314
30.205968606486078	-0.0021070183524870625
-21.822463975607455	1.8226458678748045
-34.322723393640295	-0.8616300009982205
-41.14508596692766	3.9965711107269692
27.329657324002003	3.8849217011301342
-6.3442233754747965	3.776430611022488
10.953991651961534	-0.15360629533719802
-66.09960132927041	3.66757511047684
22.84763135140334	-0.3017153098780323
35.72105877312181	-16.306578015609904
-15.94068394552244	-0.48978581329209747
3.7538485108132678	-16.967720194548708
44.18984076321806	-0.08514403674151923
4.642259639147851	1.3880056731390826
-23.120139321488278	-8.231372107718313
58.572757580947446	7.835268507351377
20.34155332296354	-2.0404177421594216
33.20734027753853	0.38365180190001263
-32.60397752660543	-0.6428769241879982
12.621032998908676	-12.093459981246735
-39.84614589910221	-2.476880586136907
-57.17508835079844	0.013993564870457964
-63.44864260096689	-0.4448962111351587
-13.380411644756531	1.1636727023323268
-39.14800350265047	14.628510952113896
-39.29943601063692	-18.3136311674762
-40.963606903088966	-0.2896789004123894
34.157249372736494	-1.450063826335759
-26.957851565249573	-0.9819325012404382
21.35917731074371	-0.2628829959763029
17.25607996883014	1.4758417840736404
18.719811719383955	0.5546050131410891
-21.465616400767022	-0.35950694907365155
-28.676680901934613	-1.3231742654507497
-0.15969387673923113	5.140233450321175
37.576099752156736	-0.24107031446822358
-38.655306717041135	-8.192160266183024
15.244664699870969	-0.3485413798874363
-15.172317173325077	-0.16730238625754384
-63.08006711863952	1.1122379157938533
-41.93028572041584	1.1346011868099013
4.248173159861863	0.19594848166714932
13.33109919546892	1.7142269851957652
24.63430520260869	-0.5021429736705261
-20.446437045799186	-11.875368250012373
-6.787488550661439	1.5710707833684412
-20.33927213954973	-2.6727075701683978
16.634172352131863	0.7089657011023648
37.31466904871973	0.09154707043968534
21.058791650684206	0.47893407894733514
-48.50359484674173	0.23066254537249534
-17.460103977934505	0.3589306591223818
24.19620136766665	-5.2435725595278635
-13.758306903291913	2.4580917348634643
14.010664487522495	9.140899808951858
-46.18778851494963	-0.13708194163540807
-6.494021725854914	1.3947306373101387
-14.351492428807745	0.4535378850368357
-16.299999852786637	-0.48970256607502893
9.335438867835785	2.1097570656607334
-37.262633330973806	4.212344335350646
22.421809379009915	0.7188011007507749
-61.72915956089787	0.5959314914973621
8.434255890153668	1.7346910912783027
25.62641847356251	-0.09546235827137134
-18.451298274489673	-0.32096173725667904
-14.432595127565335	7.189731402664953
48.40049961626522	2.280315275293401
20.741652143681108	41.15523240256603
-28.441575050162097	0.3603947370245467
-32.84607500122686	11.541825980715787
25.093826385711946	-0.06439965809215928
-33.93281031536787	-5.117309178817721
2.8032707468829035	-5.345335091482065
0.38531693883885043	-0.2774410483853713
-8.685056433119913	0.16551445485652466
13.152126923847952	1.1434994070726168
49.15440688008684	-0.03786788871325152
-0.830775781899743	1.4386933641619253
9.00115262131079	-5.678754998277155
-23.838175988292466	-1.8417038899642173
16.921093180797644	-3.126476865844577
-27.00364967621571	-2.02311819504026
-31.119999662575577	1.0016584445059324
-4.720324278107168	0.3398501064329582
-45.894038305058814	4.655965725079004
-14.905096884794245	1.5455699804774743
49.36021504224505	-0.9105749607952581
-18.844320866773227	0.8805767441562985
12.49512781736055	0.15503239071777167
62.16752883416834	-0.18866563547805218
21.86541649370297	0.8345389956568455
-7.079297380204617	-2.08861518168995
-64.15116554697606	0.12534765098599432
46.051168801703454	-0.029559942259418076
-54.5509496993719	1.3515988754321167
-16.220713022510786	-2.740041785541798
15.555267587844957	-0.13695089621268575
37.14999346647449	0.8089066335685888
13.97798748388926	-0.3425076422989114
34.053095736781856	2.6115664349478465
31.538850827670384	1.3460856074069842
-22.24739017510002	-6.820972663280024
3.4004701101580914	0.48202714185905493
24.138247191034672	1.9410205082464267
15.678189754393566	0.6441410342884458
24.97678706739661	-5.658859289319277
17.805646454391855	-1.1690693899131475
-17.459718449143505	2.5393983113613077
69.13935147220676	0.2911105969558963
2.2561122854417537	-1.017400063582334
-3.487538515833155	-2.5670345073498626
17.645703178753482	-16.900200001125523
-34.077685729245715	2.777047724599262
-17.57343826621796	3.1279669140710635
-36.50204001687765	-0.33256479542639666
-48.64259533338953	0.8039725759786607
-33.237212937446515	-10.987518220613083
-6.650731027232251	-32.577975066565315
15.283782383038098	0.6082037953458586
1.0461562811486378	1.3621876585644823
-46.72579104418941	1.099717160737255
-3.9111964994404342	-0.04760202930741496
-92.79412356267574	0.6222593097549682
-19.49411077572024	-2.361932243746985
11.820135322750476	1.0325182434288729
-26.674228568290424	-0.6947615316883743
-6.45059594662099	1.1587802940855831
-30.388037385241663	2.1591847622304354
3.514354515614566	0.47612041942060757
1.503465075612234	-0.5568461818466772
-16.557936375014467	-0.6701575348349614
11.092959159156182	0.11903817221792824
15.200688912632474	-0.5497361415321428
34.98741820081979	-0.4197274290208378
28.08079608681347	0.7483710548200427
-1.5141428123298637	3.6858004626686633
-13.132177516699711	-4.92819446260692
9.625304006808728	-1.5112287964983087
8.859092407163367	-3.3820793313642254
-11.12685931835532	1.199680243487291
62.657490139699696	-0.24559274090703717
23.970244161429882	-0.23306911336923905
20.15982583964754	-0.5990249578829538
11.075124381806708	-0.2774045300798326
-31.658492473754198	-0.4352925131580463
44.67618684914443	-0.3789467395365725
4.884023826559352	-0.01159852387884393
-2.3722131018494514	-0.8101476704472669
-9.47669884872852	-0.6201290920207143
-11.145953515690717	-2.142834127015251
32.6144506022076	7.476081003603248
23.847889219412192	31.548435615478216
2.8030746244313707	3.9856660152422925
-4.7355742852275915	0.1565616515757121
-1.357476873389266	-0.009899093899821748
22.027270436906747	-0.7652960985641082
-63.057837451341406	0.597387718272255
-9.660289268079753	-1.5237695972408762
-54.68301421637302	3.1261557320856976
28.60638748367498	-10.621918499536623
-14.961011220750995	0.21701911798284673
4.649979748876418	-1.2118128070068537
15.927990688697998	1.067111522822764
30.36567045724037	-0.3351910954498151
-16.695331602074123	1.4237544947775653
-44.380557409509045	2.601505742617451
-26.725613139754106	-1.5401077369939369
33.00912085354625	-1.237990992305079
58.10873950707361	0.3724146605993416
8.575582610795827	-1.3711104311461144
37.066139061663556	0.04883617859948885
38.16244657292447	-0.6309536673405094
26.142888105255622	-0.46280038811413016
-24.239295009856654	-0.36075159814585533
-3.749494298456701	0.5210804387096626
-10.58830865158521	-0.14554180783871054
11.006424997468415	-1.3844832633645783
1.694149276316377	0.960899320001592
-13.956241497973403	-1.6073727183313455
42.83225996139557	-7.082139562413095
-62.45162919976946	-0.6155706075525712
-1.7341125754948958	3.7723960729938217
-7.960949079625847	0.5613854680642729
-64.30710775209934	1.6110636840076045
8.072996689426729	0.6891231116324869
2.704035656008435	41.523382707132065
11.61944844307223	2.4445637254610455
-45.760961933551386	-5.383464402498507
-0.08451170471117384	0.82467227581246
44.373661504817676	0.41271578448545454
32.283881261891054	1.024919078947011
-25.97445822355228	3.969014314149699
-21.42528862279492	0.5074473331531059
16.924724678086335	0.6114633072636728
26.735386269697162	6.6317302334473744
26.279771268168208	4.478590584280415
33.45260226463827	2.934095718053409
9.564570181521189	0.18505888857697736
-36.14237914070793	0.2279197009127121
14.731775549311815	-7.832740663407138
17.508599140470476	5.372539565263317
5.215125816943642	-1.2998984699742158
12.140566038569684	3.621611073816296
-40.58565644728019	0.23121524371929897
-48.29516938689867	-0.7342814090866195
13.657337910553393	-0.20987142328199665
4.609849099495911	-1.3913911703707442
-31.34247062498664	0.7968971296882992
-56.05731325810114	-1.033249708517322
-3.4520604461508677	1.5573962537787112
-43.57144400914828	-0.8457392470595615
49.70953129952511	-0.3571214598845025
36.36962447556525	0.9815323533710181
3.400373451803605	-0.04715331918627101
27.316048440636983	0.6730287463508425
-73.06397690084262	-0.48834049482844283
-16.568092382971066	-0.10049767170677708
-12.601627128650215	1.331020758039142
-11.49038764882661	-1.2567429731122193
-13.66504342143896	0.670586969030269
-83.71897560034566	0.016531391151514054
55.77249390333629	1.1928701979280218
12.340690707872072	-1.1694450589057503
40.44440371786505	-0.003780081086705231
36.6291354088743	-1.3040395682149988
8.566340681092278	1.3406633438101208
27.801824866314767	1.9112950562783355
35.77143659010839	0.3613497247729652
4.410422284608512	-0.4086444697396735
14.003719934161438	1.7407326940193721
-13.767120555685677	-16.846715181609646
10.429707425483278	1.339867882798661
-30.657471424451437	1.1083841076473662
17.294412220872232	-0.7077627836042013
16.38189716261298	-7.676404165282489
-39.07674357230654	0.9163383523943338
11.259367455315534	-2.6420427110877545
35.75843243936534	2.1718445278059315
-17.42307496255005	-0.17640568641984705
-19.704264171594062	-0.5627525544538844
-24.707565223674653	2.015114750476168
-0.5511557560389378	-0.29881367117426155
-53.05047513710478	0.8348934543807466
24.4964864924313	-0.0648858215526026
-1.0362615979237344	0.5891904830005563
34.85446318057612	-0.38396854569713623
0.7286184451722074	-2.6941812662750872
42.1000910493608	-0.059390974758940035
-61.64917823347072	0.5012054791568454
-40.58874650673404	11.524543466479374
28.20464974598971	1.9437638553250542
-9.744054581838805	-8.585968058972187
-16.216546956923544	-1.2061670233907689
12.206120562841653	-0.2967125141981516
-35.68391577081273	1.4378330692421764
30.68027019267299	-0.5551747101633586
21.728826359276184	-0.8598081218824218
3.5380990892637896	5.5316756281711585
-0.8739942619159032	0.102307364359806
-26.66913470964465	-0.014306110931479595
-54.41178678739604	-0.023110455733359028
8.056712389946348	-1.8032296878290044
34.429809783228656	-1.047004896922149
-26.45817356385314	0.41663248434655537
-42.003670148343474	-1.7897750548499691
-26.753635456995777	0.2691642933445546
-35.52145726179537	0.5949219477845806
-36.46898312359195	-0.7095952451952975
24.831003856488607	-16.474314645159062
-43.06439374154498	0.9291663347668953
1.9486545053821995	0.012078778779140226
-55.908137016807835	-1.3771371572885884
-6.189739020503618	-5.5357953426424755
-15.2694762854503	0.6451465991070628
13.753478844030512	-6.553360641479521
17.17869623998803	0.9718447899421198
-4.126238462914054	0.5448193027030005
-15.511498166782388	-0.5481542897968728
-2.7608100236604365	0.4955527187744216
19.886579526518844	1.3534924654921676
-17.435834191651992	6.40757451917121
-7.7544180535590055	0.3586492466301015
47.182151793816004	-0.7218250338166408
7.539138383289051	2.6570118758992427
26.81592770058603	-2.1276924668374377
54.732656828467796	-1.5248121140644548
-55.58440623550801	-0.07569603260474041
-27.502176224307405	-13.457120677941202
8.13152477599697	-0.6919246264663137
24.457324817529948	-6.610080690628169
13.75029161152532	2.470786207378342
18.69242985479583	2.144365761182822
-3.8276562986376463	0.8376915841118303
-17.356785160138244	-1.1677867586379087
-6.928693442302137	-2.6255428278694537
39.875991108669126	-0.9786603988897825
5.123607493048707	-0.11319899645274652
16.51117433733888	0.33803357533377776
-17.384761257224135	0.2593816956658475
-32.68263711601993	0.6438775510125807
-15.491361813105343	-1.2048020268603774
-27.064153921412238	0.7421116476105629
11.217980543046995	0.5790938416873249
3.2884166687637357	-1.1326941883423332
51.110087531115816	-1.978853599323088
21.62745023938859	3.3083591059674515
-12.879599083111994	1.3333421892281982
32.27317176763218	0.9443474185938026
75.5963920511282	13.841640206756075
49.20220655317793	0.6765004501468586
-3.055148956782953	-0.6401964514972639
-29.21145123862627	0.908010929758057
-10.596332973166092	0.5231204952096781
4.978170617782336	-0.003851526803151749
39.78153615404765	3.3801332260064756
48.21946634034873	0.6395700577161372
26.89356421484652	-1.051959918299072
29.190053218639573	4.726061782090506
-24.76553188363286	-0.3359985319796212
-59.532529376963986	-7.4594213320400335
-26.987999930289476	0.07800464694287453
-13.935905574281984	0.07422904064199354
49.3518979885013	-0.3398512534092849
34.29902241098896	-0.35291624194730076
31.581695273456187	1.4098332069671682
24.365327537629895	4.8982024982658805
-27.35253265031623	0.8030599688567782
-35.7201948245214	1.5308686460972651
4.774065747904748	-0.9503705069413945
24.218414811091428	-0.1787411515193375
16.30676056968471	0.24416463685519965
-17.25346609860426	1.3964060488415584
21.78336345099647	0.5666706720625263
-43.10494413350064	0.3729669442681683
28.8891802039245	-1.0540755389611953
-7.8049211053920695	0.06540016571733272
23.25584446277903	-2.3766791968381398
34.18368080809733	2.256934828984247
-1.5238894142677073	-0.5742489013804423
-25.46779397471035	0.4000637121686563
39.189083372840656	-0.2020417293007529
-53.13809504962245	-0.5750537934007384
64.69349244056474	5.931950520474196
32.083030098947376	3.291765949405278
28.227368418214706	1.2468518752601163
9.05268034348537	0.2849040707447275
-19.114137134094946	-0.4751512895732387
-5.721901540171601	0.0377045863885799
14.833799869277335	-0.07371505971094607
-36.11424232725128	0.18483613606124832
7.375428743780779	-1.3512895743059659
-13.070583171286717	0.8062096337370379
34.427103710814464	-0.36024289922133895
-9.779951971798216	-0.05985651491365331
-2.920821258977311	9.365037967518912
13.977575316735683	0.7221367363257144
-31.397199698092937	-0.20473756847817665
12.250217246188443	0.6285207232868667
-4.083977893040217	0.4439158880454838
-32.34732145687597	0.31783524765779836
-0.9149440963438304	0.8985580248655929
35.93199431984287	0.45430134861154303
-14.365547229654243	-0.3730708165955264
-7.875414966873413	0.5888881632302022
8.875588362286907	-4.928653945517469
-22.968206664885653	-2.6505136430472995
14.404405883662566	0.2111544094856505
5.9474685646560905	0.23944515650462656
0.4477887439798096	-0.7768701317468184
25.617871210847785	-1.1601144753104788
-30.424668261695633	-0.6204752473832336
33.11347638096331	1.342761943736022
34.23762649013298	-0.22896991509755063
58.970434924081424	2.990756282594354
16.787604102863245	0.20922191104160376
-45.97784475149973	0.29874178664894224
-66.0634063061747	-3.522080548145473
2.3670073385693113	5.261759296158986
27.655429114632653	0.34929010893058476
-3.559827311856311	-0.46549587635651246
-4.555340608881117	-0.8381578259004261
33.579663936374146	-0.29297647412621575
-1.387113307322456	-0.7403131941997129
14.371919086428862	1.4743314295554784
-1.1649109165440377	-69.58943147327561
-52.47909220955099	-32.85353301644586
36.234850701618505	2.9560836906689087
44.95234808428558	0.6532649419902932
51.745445249308716	20.68622870346311
4.433903927806739	-0.9036454850467952
55.52344939901302	2.250211612526088
-18.300536200436834	-0.3272986471626326
37.90433746591741	-1.5159776270601242
11.214049652232868	-3.0654529302257374
84.77496250576856	-1.3014122232954304
-8.412194664500596	0.8307379723559749
10.48195144112352	-0.14633363237564662
4.1932652565175195	-1.5636240221468312
-19.756765828910037	-0.661909497515665
-33.76337926097239	0.2684232260901015
5.8231552971759495	4.471013747513535
-11.320242076539378	-4.364303665329002
80.76053796609611	-1.1048956417188849
-5.631925218439315	0.5091776868996747
-1.2433967293198476	-0.8490217664047778
26.105037968426796	1.2342675983943696
-17.20996589117166	-1.690222352690572
-32.78737243942914	-0.011043452679123175
-0.280575723690735	-0.003970972756498582
-13.839676375660607	-1.4337379393464802
-38.99313619947283	-10.241200852252986
8.990154261310504	-0.6208545290681374
-3.683990602260438	1.6626605503988856
-13.767536584453778	-3.5062846087939707
40.78603284662159	0.8420961336392512
2.4417119882727074	-0.8730247126323663
-59.06223251716981	0.5298636451100707
-30.054964672550565	0.9662995314434573
13.669853386918463	-3.2893293414350877
38.72770770476885	-2.1659604424864907
-24.69241716336865	-2.2048987689004367
-33.58246213573484	1.0303095243901346
38.52281529344298	3.3398072939944723
-12.675868420583836	-1.5269354149745407
-19.721600073046655	-1.2038366477335312
-37.82349129483563	-0.261789329963018
-53.7671090704021	17.86394278341098
28.84823124898893	-1.60014303684192
-24.214619565631963	-0.6148478247600555
10.833614522254695	-0.38909417616729
-56.915672063744765	-0.8312114534537284
-33.67762776049519	0.7777608483593017
-13.915292945138042	-1.330271176137506
-7.497885422054198	0.5802429714687882
20.87638359360819	-1.4523176227758894
-29.400293530236805	-0.4988359369643553
-27.607154772748164	-0.131485870148035
-38.3456198575263	-1.4983287104873388
15.565089173124132	9.936199498001448
-14.425558107033975	0.12571721960018398
-0.33158079374657745	-0.46773518089025806
-0.015124987681307829	-5.781100112546559
-10.15284330925927	-0.22580339796993654
23.122709407535428	0.6126175863504312
45.926233718970835	3.5223876571045176
-27.37853797786353	-0.8156379516104655
11.834424249763764	18.39985727398344
30.131561793361413	-1.488256584390901
70.80425683407505	1.4187995529162274
22.72897770097293	-4.528587675444629
42.33075413650943	-7.626529960114225
37.70899930550263	0.5532898925621845
-4.107330536916819	-0.9581892527518427
-65.73291395135719	0.7893244649588866
7.997327135257379	0.8223851810993271
-8.632211350215114	0.10772746684279497
-7.441432987939421	-18.97602936590781
31.521326286852346	2.385048189009538
-33.26435989039936	0.9467666546643524
-20.492902587874802	-0.7895717304754531
53.24852839843311	13.63497455237249
14.06082886450137	-1.1046688191081895
-53.255645793583795	-0.17021274987823895
10.955454422641132	6.5758973897104775
57.141220846407286	-40.46846303573439
3.0045835536938137	-2.657878843629606
55.83655779893774	4.086393593615482
-22.663706422392945	-2.2420713845110214
-20.328487268454385	-0.2069813232810292
-13.954251164669046	-0.30775941119789374
-24.777871110999573	-0.2669075590811031
-12.954259603177128	-0.2882858175470157
-22.506534709060173	-0.4169726181824949
27.543990670700847	5.872995788943737
30.707165552155033	-5.6578377849970645
-37.23909020591836	0.5527770943059693
-25.46199465281178	0.46220349338867434
4.557473879247958	-0.2637454895766752
26.9568725491622	0.25396783145925533
19.428356482387635	-0.4371023773129354
-4.573704570103082	1.3711061221105498
8.499202881888019	-4.345160246879894
0.4886702786967661	0.8983491249776802
-52.13430137903473	-3.3974692423196204
-5.644437833419652	1.5020874794365309
3.3015700189967143	-0.7738708749358986
-16.480457949909532	0.867778801130709
-53.16152513354969	-0.7103175969221532
3.3860928865411544	1.2075274035664254
14.252898894364929	3.758375371007417
6.719234541246684	-0.0908613682175175
19.356679956979008	0.8343770537552387
18.31751865754049	1.0932820366122884
1.4539106205849128	5.976347628344879
-6.938565430657165	-3.9627500698920675
-15.185570644595007	1.859802196997634
6.037314216864811	-0.3978731011577968
17.94681347664875	0.6259987197926097
81.32383251786634	1.8199486972187273
-50.23152697054922	-0.8322929875487013
36.19712335484965	-0.3151486166118228
65.27760316694848	0.43868068974357377
15.323482156653768	-1.2071241050037678
28.402399580741108	2.3048567839786553
-14.640093824589181	-9.398368072250636E-4
-0.8115329558715713	-1.6767866731683048
-24.79775553751942	-0.4081151966873288
-23.80243488801911	-0.7262702652305507
34.0199242601385	-4.44557684761388
46.923577704664375	-0.7037476698073537
43.32657068996055	-0.4160924724509022
18.332554001605992	-1.987854235713134
-15.174602766840607	-108.1765133752104
-43.587623951565476	-6.7277882383693255
31.811473480705505	-1.0650094773000824
3.576560067051592	0.4200140491301177
12.795068617446727	0.1361430948736404
-39.89463004166781	-1.361937724377006
-13.487989847360975	6.1658375802739425
-0.9970867608001562	-11.706477997401006
-14.783059364400076	276.9010813224389
26.593075862324696	1.6416613079263986
-11.092189544892683	-0.34733469251386756
-16.491809815653333	-0.333038616302618
-7.450302676449247	-1.2994876198453442
55.38678840950675	-1.636222981816697
2.1690541598518602	2.1367533157080283
-26.440920598287466	-3.8115718253055433
-6.29956428579443	-1.3658682149110866
16.569711456176478	2.5013335907149745
-6.096156021757915	-0.7225594958087741
16.86324911151875	2.79737988251493
43.43820001449663	-0.8235403105627217
-22.181282922390526	-0.394295046241053
-5.346644102272842	-2.8507311279840937
34.45449878398375	4.623071605518024
34.75029233628056	119.76944118085622
20.274344132307007	22.83917549115132
8.880578728312345	0.3470776853060197
19.92694425097256	-0.39014779873973643
-11.150952199323525	0.6750734998356988
-65.82348024295375	-0.4744478651713486
2.3004451858330714	-0.6773541688060378
-9.08196492008696	-0.010608822677648845
-42.07044387221176	0.22109737408601943
12.221454119286056	0.25642572062930696
-1.6907152116210142	-0.6023377957922369
37.02594905297799	0.029764857550328195
26.08135485818443	-1.1437377722304432
-1.5300236187892275	-1.0384934528299876
14.757459323135858	-1.2050231680240506
-69.53641095797967	-1.9189842044119012
24.057828289039207	0.24927460908325594
-4.163831397658121	-7.0917041273804555
15.101309408409934	-1.1895959143774406
-13.150966446008482	-0.23936395863093834
-27.45952122040853	0.9015601581680152
29.40668985001905	5.223893558379025
-12.30885667509193	0.9452357053418973
-28.320452359402896	4.13998952129175
11.041697487219517	0.8523440120053566
5.8902062758996205	0.8224196948418472
-1.6947968968163873	0.1683288831435579
3.3130453281344456	2.18719416704031
-9.682429700937512	-0.8626594192470705
-13.791495317996292	-1.4480322673827997
26.355598175098212	0.40866847151178604
-19.9580031627217	0.9535124818931385
14.460072418551345	1.240054621620014
12.737106629692418	-0.9693049909159518
-27.414439384736728	-0.25049875109739694
47.34267524637474	0.40364157336495293
39.48948194721517	-0.2505878012136693
16.7295590050041	2.4330012560704786
0.8241955666415953	-0.14031432972023844
-23.747593947134124	-0.10596189012295551
-52.735208173490456	3.114881527517756
26.81645235270984	8.93445566507596
-44.035507041314105	0.6134230187474381
-44.6368656360482	-0.552591092897237
5.785123542876509	-2.065683954542065
23.73522360973965	-0.16634864718611525
20.363411819180783	0.03397240460418524
57.896689823597015	-0.6307871315807508
-13.914558774062355	0.17871408468206085
37.16004114425957	1.7779159160348594
-20.044648562910552	-0.430426360287403
14.18707951391742	6.866131885333146
46.5285337693532	1.177591559384194
-13.045623857860527	0.6278245552564058
-18.591516848960875	37.628191316366575
0.9643251865313122	-9.409972618847616
5.172613891934903	-2.405237797950537
-14.79296298676461	0.9348373485516736
2.744686110849223	10.51963990425165
48.66348602924666	0.6408444259202999
19.97626810523219	2.893060387920339
-28.703442644590226	0.3945470142136335
-17.90561039852085	1.591590425265709
7.78382899422322	2.362103281006565
54.12581907462758	0.6916720551457411
31.407892296602135	-3.127307134439173
49.52119463931295	0.5820523907346262
-40.19623420869127	0.21860293390558092
-6.453565841870832	0.4394417333066245
65.08312771302398	0.4543081070014993
-50.64109164733783	-5.706079021463902
31.4882110803093	0.6413204456546374
-24.227634638792757	0.10800498161770235
-40.78609976556047	0.572603269637801
32.53041946006906	-4.195507610937997
-12.129227708302837	-0.12621491594887213
-0.21769642905357214	2.7233530021483188
26.28271158709931	1.4337138136299914
24.506749967422127	-1.4403843057096046
0.43627413043443375	2.3579765234565997
-16.19711190460121	1.5581763616533193
-4.748805309986785	0.15501385387502328
-62.30354707283353	4.70150928919715
2.5760001268519153	-1.0262882979544223
35.155911488865634	0.7592425497696056
12.215304578050594	8.514359932008789
28.220080351527145	13.147727746152508
-29.4743280048081	2.7675175378003023
-3.0255401686074768	0.5733292873210658
7.7166829420180445	2.679075708798866
18.287424267256867	0.3858070110469525
-44.963727474655016	-0.5776166380716521
47.81767468822295	0.6942904575755902
8.227004300897685	-0.009291920096545708
49.254926464034135	0.002549017050182667
12.556831491203411	6.56068635525974
6.648910728003372	-4.24147264848893
27.945777292279658	0.8990500220153892
5.737798796882745	-1.048503986981137
-26.86456501547262	0.8336546037031655
-29.73394983070092	-0.33436305465580024
29.58836620800789	1.5113098158799223
-11.496606584710062	0.9441484922565586
-15.013991692838905	-0.6257304115381513
-26.64639549759654	0.01743061801439901
3.6803750538581537	1.5834347060266103
-18.599332127837673	-0.39318141628648345
9.858965644517424	-2.74161816828076
37.57233181271022	-0.001539699365015913
-21.55878368619862	1.3768829766059136
8.833095893051299	0.9577693004704941
4.743880926210545	-2.201060291472113
9.287980019471712	-0.09186494253907711
-37.81262785875876	2.88274908489303
-16.190714286342555	-5.253845298343225
9.574269995657096	11.804382862059914
-42.66508283641923	-0.6087573521807775
41.41347526266155	3.940026165810732
-53.077784700384704	0.8898244333988526
31.265060063674728	192.82649301561716
-15.406306824481149	1.05764040228603
13.47814067626904	0.5331268461329919
-40.71469514648256	2.5784750901336126
-35.060130567469095	-0.8171126423054701
-28.218283387435797	0.21977633157869672
1.0474015544115303	-3.589347014387068
-10.207190554548527	-5.144143070333335
17.180516120808527	0.8972246228202605
21.710882366373244	5.10200327325907
-53.183155292060775	-0.12962903502183115
14.658033185427449	1.1313831987020708
-24.722601318781027	-1.6276212441355793
-40.87211373161764	0.33200803779246174
-10.211317327984107	18.122654271925622
-27.0939090658789	-0.30376626218969266
9.237771581951021	-2.3683464763320234
-12.323754278548805	-0.26047406158722486
-63.37955222521972	-0.2237332882952153
71.5933852735238	-2.6946959781330864
-8.010415049499402	1.066750313862828
-10.88322271069907	-2.1601414200774767
26.274675198924527	0.3854172039180279
-29.133775809418328	-18.225926230527698
10.06664176897869	0.7727639666420775
-16.569333626326728	2.3502293349811754
0.6845662594040315	4.813365072338923
-34.44042573258825	-0.8052337885547236
51.58275800524922	-0.741537848498197
11.167695445944625	-0.8192889369835833
-26.25551983966845	0.9889677987087457
3.9455468056803125	0.49842726190760844
18.954720551459125	0.10601268271474538
8.885790777021692	-1.3335122379557227
-10.164824430639884	0.12201556246114084
-29.611578187993103	-0.9481836130228269
13.816446384762529	0.32393361261407966
-11.877969582346964	0.4739795985722986
19.448591751552076	-1.7438082209677543
-15.089044472139905	-0.20421160861526383
-2.180004269341013	12.164772791555558
8.09273426022912	-6.322409740435922
-30.061808223498605	-0.7492401270605886
5.529102165441079	1.5467806535258177
25.36694894069558	1.3462704998016335
46.506641039541485	2.3634884552044824
-19.08276280802517	1.385419385302329
3.1100279999487563	4.276888226314701
0.29841254234581516	0.8037001400551205
30.081699750476016	1.2272188788089637
6.406237922054626	-0.755246567292586
-20.623766256531717	-0.08920362091339756
9.072821394061013	-0.062670025600583
6.001556077687452	1.765848687660933
6.961650533785559	-1.432415077060342
-19.924919663527152	-2.0806450441455095
18.60885250433254	4.892048561919348
-11.543423688675947	0.7585395495408462
6.270691402381178	-0.6334002675102528
-43.96180815641315	0.23797514496688857
-43.422247217005776	0.8589234534605537
-15.792487367091153	0.10280859776598716
5.107069655262739	3.0482927565695204
15.830446701410207	0.43046187969726357
-39.01437872350934	-0.5855408774809397
23.84531484412436	-1.0069917383126696
15.283272961725938	2.5236371397947845
-15.820550435057205	1.046662133447029
-10.477954308462307	2.2636592440771475
-32.0769610187283	-0.1867043395506542
-11.916727530112933	-1.2491308538088894
-21.274198848515336	-0.005480792878902413
-27.56271852679108	0.043785717330953225
-9.294718313321827	-0.36061858104605155
-0.8432900651905699	6.436654693235527
8.683292205706245	-0.8924177149689653
-0.36301181232108864	1.3004340111538364
22.40095585784921	0.4389903427490091
40.86862410760345	0.2814635478742715
-13.535873396049094	-147.0789534640886
5.957334174926356	-1.7128395827329632
67.81368896935803	0.35931444042003957
-24.533728278054134	-2.413594475904961
-11.615677681234477	-0.11900940611575717
90.3574136444552	0.002333250510157558
-15.893600671479597	0.642931469017889
-28.769210652317046	0.014436166445379312
-23.153316667596428	2.99889133090838
-18.38039033592197	0.08999370737132359
-20.43850319947212	0.029130992375673924
38.541660954551766	-5.380798456352746
7.967397304335957	2.080496081861268
-24.765782288795517	-2.1193097568057144
58.481590580121726	-17.124128018626514
39.63963289390781	-1.3241936069017881
-23.901003679124166	-0.2754962080216916
26.59090468452472	-1.7335563552605155
-5.632927289420568	0.8363325025373632
-30.252571085656907	0.6422489547384218
34.012361909556	-12.451870349037332
-11.735475308347688	-1.7056923458207687
7.540382418168711	0.20351380525348178
-42.46677438675012	0.7484230299915559
-10.450070078992631	0.7870914040439329
-20.276795976733613	-0.14941489309152592
-51.08124457304728	0.43984361028851543
15.97577866854045	2.420553497936714
-17.586813098350746	-611.7495341888529
65.6638527990448	-0.6171623361046812
-22.090010365526897	-4.094777383655012
7.142107588920194	-1.0612699969671617
35.62321303248107	0.9429699173287267
38.45549591102649	14.397823283459486
29.1542472014447	-0.6869926361828442
-0.7054192847970232	0.04301721627274479
4.105331363112712	-1.3137713745461144
-19.83609060674485	-0.22467816712167618
13.530502265582674	-5.152005721722213
52.69898957569694	1.270818114030359
-2.6890971252128906	0.010262607387005759
-30.795493869859765	-0.6891370386666932
-6.481744658353881	3.5908715454832816
-34.80054578018628	-0.31175113506181057
-8.38152817199721	-0.3583978976918675
-19.997265448433144	-3.3880301182844015
11.029231535522237	-0.5219299928941675
-5.616705944588292	1.9722176336661825
3.2644092665989097	-0.9477894143825444
26.292053655394586	-1.8741463682540132
-24.1648123129448	0.2108132483283139
-17.560634859764193	-0.055264671636204764
31.601789402412816	3.32928498506736
-56.182622308850625	3.962973989214488
-69.47233845824	1.793934144297712
-30.604537909570798	12.267256648245395
-9.379556159939625	0.14878184606301909
-12.124773922300559	2.4856390583348325
-33.736822178633844	-1.653206314950943
29.820490864694985	-2.1051181775144663
-27.949665205877416	-1.3281188160633683
-17.46566223575873	-1.2935408057699815
30.161265392336087	-0.07260542783566945
-27.961758630545305	7.1301682187887225
10.371262079398745	-14.424502110967577
33.010100313764625	0.3043810729540108
-16.373188743349978	3.3683580141174567
11.532617669262468	-0.2950111046685289
15.983582123443032	1.1004837601668074
-6.789078610187428	-1.8375154916304617
-6.245628027577351	33.370271419826096
1.6948992582299347	10.55291250378926
-13.806218709347496	-0.05105377452215905
-10.562477965951317	0.7168727912956996
-47.34711883646249	-0.3021821376281659
-14.12323520263514	-0.08407561533773597
8.317957759471817	0.5320248044716086
-26.860390120545954	-3.6443700499375793
54.0325394560465	-0.04307813764966847
-39.517665105099525	-0.42060144079552975
-4.200294417937725	2.3204315070208468
6.30465299365978	-0.3006749684222981
-37.96664571504058	1.2383310374387457
0.32196140537240775	0.2459417160087421
39.87395351252641	-2.9639108550428404
21.69452486682415	-1.277970772096749
-4.5713585060149615	0.22699827102974648
0.10093900568130834	0.4742292802028803
57.56251111202562	2.2112993196987425
-21.175737778031092	-0.5896388550251354
1.4445196297819045	2.3183798823309045
-1.6715307847471024	1.6034420895070158
47.77135061382594	11.663915771046469
32.96634224872548	0.042506205427232886
37.47891796747899	1.8416581910270085
10.364863949911172	0.4664329498001346
45.203212439052315	0.046024507081949606
-18.24009916082263	-31.21153937532651
-30.53828836479035	0.8410925724058737
-4.012345460701581	-0.9715211047595231
14.618791883425372	0.5943061413854394
13.58429809841924	-0.3135689522565821
-68.94908718173373	-0.9844830381650967
10.418352082348513	-5.653721016447065E-4
66.33659472745107	0.3700865409351186
-33.47715483694039	1.2055491253021346
-11.635149841455227	4.668410920248576
-62.77424394520076	-2.340238875972103
4.4163521318119505	-5.797527818468996
28.10650537498384	-0.021051942422562687
30.414514623555007	-0.900997476366044
-15.855229372775527	0.1628288228073023
-10.635052632583571	1.0530120081633614
63.35201339122903	-0.3740172584983189
-29.36459189786418	0.9691384044740076
36.59046575466799	-20.77362625174284
-26.210053405731635	-1.2403844172553717
15.004563569201942	0.46265989894527776
45.32534961351278	1.2795261281449615
3.4726568820142063	-0.04350305912448049
-10.303392559832934	0.7727316062280642
52.797514111705816	-10.97476658679747
14.665645934044969	-5.228032467248247
7.012899470849815	0.19557754446488002
27.159356498454503	1.0393450089549692
-39.858894584388324	0.3762093059186821
-33.59833731152179	-0.5953448467728525
24.239637866724323	-2.1557699115680844
30.415145160766638	-0.1582551820554875
-39.56807082006511	2.3248921245112486
55.04560462976546	-0.07276481207049085
39.73298919882905	0.604534184931762
-18.35436412853146	0.9964920672606579
30.994481197570046	0.17254553121924068
20.34666512649558	-0.6297776467710868
3.847412247876847	-1.172489907330387
-6.537145450874342	1.2482991015148188
-22.99565353945633	-0.059951924207077664
19.59276382332163	-0.6600137981299807
-21.29213707651059	0.051517114022384625
43.548854411553975	-23.658481448228116
-7.776102093141732	0.9578386733084511
-2.271980608898191	-0.6954597716218323
-1.6767472297747819	-1.612679481769862
-20.00289839679168	1.4237571368157844
26.878181209758385	-0.7989174526828547
-19.70428220756661	0.5490939739146529
-18.582514240699837	0.5137815728613584
-26.295563591096546	-0.8579442353940765
-15.68482905256371	0.27271060844857997
-14.955264189748016	-0.20591281411822976
33.17601450755209	10.92317685543418
-29.677293927895306	-0.7524264751237355
6.826078344556822	-1.2181207810711112
-15.16976570305776	-0.6649463277455777
35.07798005820798	1.9939573407582096
14.294582428064846	-0.549719385832534
9.231293767405665	-0.7508721816168678
58.236655584290865	0.28531609841101213
-34.658347820451404	-0.14777770503219764
-3.67907830870146	13.907127372967407
20.995646495269266	-0.9797564273048148
-6.016099013880377	0.7638755698643825
-8.648439608657997	-0.12075660658462789
-12.382033393748257	-0.04735700570334379
27.68971041888871	2.2663916888478357
-33.81964209443426	0.31878437959235534
2.6858147170384834	0.5199478551789224
-19.82498154263585	-1.567324069798663
7.956428471398631	6.789959755979373
12.646374963344725	1.6966402869433017
-23.24956915899857	4.943971123368751
-16.024170638413263	-1.0386865190431278
-31.21891292045252	5.265029899055431
2.9893181227610883	-8.217976900425995
13.425509806365024	0.7320679069396347
30.040846806760868	0.2145215879901358
32.70450364430036	0.11023180597722777
61.96524502905356	-32.247201940420666
-26.96814485854752	-0.5122826455745549
7.505160178698991	-1.307178101219299
-14.155580211985885	1.4620170562669217
-35.42799804129275	-0.28527728652329987
4.367918721091868	0.7286985023657879
-48.31846477033107	-2.754723717001704
-29.919793430489143	-0.4905040880667031
11.540472355420619	-0.9300650331505969
-33.106818735757756	-0.8132564611880204
22.967047160743014	-1.9652932263104665
16.048740360785306	-4.177211646932836
20.433256798529115	-0.49953870616376894
-19.65116984704413	-5.349372963224588
2.122926993661834	4.59267862476418
-16.59631774389764	1.860129248019643
-3.2322627505670836	-0.09152340781938659
25.798719952249616	-0.9050636152157358
-69.872219422085	-0.008441847522637396
3.6241106006678967	0.11571766659855513
2.9396983758652353	-0.3478880487860868
-25.969670953807206	-0.9480540123575456
4.191961516609309	-1.1483332022193629
2.786345486109284	-0.8261858204566607
-8.109069410158995	0.4001419277163568
22.093729701142266	0.3766494716236888
-6.003971010287412	49.64334964114424
-3.8377602820486945	2.5134537148983225
18.314095355577923	0.8794255399538354
-40.13928350481396	0.4977031989767896
-30.37427545753714	-0.7442432991886025
43.78701959806441	-0.24375990877872353
-37.30580033438931	0.16230025222061362
32.08854708875534	-0.9959868496371108
48.583329745841816	-0.31680226873147405
-46.93991384123086	0.2813798485609672
6.596992838027411	-0.3391316297054706
16.667217949617452	0.9468938206219323
-47.819107186139924	0.5104028955440383
12.10849901587245	-1.0326656929794642
-34.811902346694595	0.12963121480575282
30.832200370202877	-1.7503984335329794
37.94325615971621	-2.2665271811651624
-22.991174107840095	2.0342087161114506
12.86023681457272	-0.7014489183890793
28.917835194888315	-0.5806361337374629
4.06898121750766	-0.8985310473589434
9.499781345107419	1.1610132377319458
2.7123966216509845	0.20683968744810827
42.94800744955536	0.24305944165551158
-57.265146776497616	2.32394810378107
26.456789186784526	0.13643397626353496
1.950989195924089	-3.230125445251201
-8.815495152198219	4.2470284609293785
70.2579010258311	0.28835109719509655
-20.60070868624368	0.4664685158434866
-24.82391137512873	-0.9685233987059639
-22.885164991074674	-2.3958038439168843
13.535119766075116	0.16914233634853224
34.98991825829282	0.5702504883994823
-7.551135088340861	-2.33863160147128
-5.6799523987547005	-0.36619703501825546
22.2399130844062	-1.5882875845682536
3.093022032453141	0.3269025528418146
11.119116261592268	2.90264183643434
6.5058089915695385	0.9923136124776463
8.567584149010724	0.7296843750755806
-29.92055768219527	0.19834685286312392
11.249203584923627	-4.371065045262123
27.20467775470046	-0.2873483582413129
19.37229154534079	0.855107478953203
-16.357699282270506	1.4418114141162757
-41.95210852935161	0.6000237194792919
79.8154905635462	-4.918828792925837
1.9754014948981706	0.36129951434179935
22.58580029442785	-0.81104532139848
-17.06970214906715	0.262497129051343
-48.02966997063159	-0.38881288908559203
35.55510817971205	-0.5505661017097598
-24.179367073776287	-0.7076209715605393
0.07750048731211157	-3.474256763954603
-51.43126754680208	1.2640229323380985
-11.333181988359724	2.7047409709338277
-19.49691742641713	2.726582098144342
-4.765092245412538	-1.1507960729187943
-15.982090414592095	-5.674958705776649
12.568724800894625	0.4941623843311823
32.95511394387956	1.6552504073735685
9.21382536564349	-0.8883796168056558
-5.643123795040245	-1.3273004659254917
25.8048929099654	-2.2585550181036487
-42.62357294577015	1.580042489755994
-15.620789247798026	3.326315948578961
13.90209470529884	-2.941838010152064
53.59649511189766	1.702939180444171
56.09553198421093	-5.197206190732141
33.3254917788878	-1.3849412593871213
-61.0276221504503	9.619894264492661
1.9174139149273148	1.2488997941799618
12.479955547753525	-0.04062234389844708
-2.797350881976148	3.54271970441734
-37.12816489113129	-1.0372819113013128
39.005482142564624	-1.3101179116244446
8.931538693242262	-1.7898771602224837
-73.60700580702431	-1.4878304847328399
29.88602304629643	0.16450169632360653
-4.36688864393132	-1.0823736881529642
7.931894592259535	2.48834441858593
7.078427863997319	1.7888584611336389
-1.77158441696222	25.884192569328622
21.302422463237	2.2173691180482944
16.780517612089287	0.1952288222975121
15.362758191636404	0.48046250745670344
9.241706930964048	21.116022777860596
27.583106128474398	-5.92996350683853
-12.293179807320808	-0.5446798576572447
29.544338752316786	-35.9184314950259
-49.86885298208065	-1.6924853098071868
9.567684905991117	0.4651704487272784
-43.24615027404106	0.5180013461270593
29.94679934312663	0.16854177669318823
-8.219426132616771	-1.0936754856052193
17.08375921443693	-1.1591600137634495
-39.45273055697039	-2.9547821711827864
-31.385873352414915	-1.051767483868719
11.164976207880915	-2.1226720636227636
-4.592525273081987	-0.38778833885937286
30.788888404582877	26.316959453316944
13.625570625809553	0.14987615567948806
21.26467186418366	0.017880055846577123
-31.762225938504667	-1.0149888381403809
0.6183727510050034	1.039088497793996
2.984428758423555	-0.3303999596378168
46.08131120802498	-1.2859719322309835
-9.96598382850386	-0.5601452217180564
23.42175812270481	0.013804463102275542
34.16653527949615	-4.734857513973825
-5.4271227552655015	1.7052227071006074
-4.369731129371547	-0.6117143046207926
-22.019907500997896	12.319070102969228
-7.25523755567646	0.5752442174453435
10.756804681264923	0.2764704877962032
-19.99426376493535	2.4510562180208812
-23.129874855187172	-2.126232573498948
-45.78767571058682	-0.8446278439223694
48.62910973317757	-0.3926999449167299
-30.683319915368877	-0.20934928728485758
21.62966596062234	0.879849292683912
-19.072977255173395	-0.41433620949079814
49.62052235286429	-2.584664813843865
-7.378842864890764	3.792050508342989
1.2242550392568057	-1.592748566304413
-18.389396671320835	-1.015106468870259
6.993856490763191	1.5711010514386456
-16.30187725776583	-0.4464936177206253
35.55366778680515	-1.392383927801654
-37.323811807828804	1.2194197923017531
8.400413355011617	-1.7559187528028941
-55.67180225846609	-3.084185828002834
-17.821936582999047	0.2610966302436858
-30.910525122663444	0.02787065736049769
60.3615328267042	-0.6970978444990757
37.91700112786182	-0.2689886274564696
15.093920101673428	1.0195542359189664
-31.440755374671784	1.6069952863278798
-14.79596968706436	-6.356920236241978
74.58017803226363	-1.5159525946768477
10.404045528953725	-3.45543953218243
-19.004776513714067	0.19068208449841303
30.261431383848656	-9.361335783633944
9.949378746615404	-0.17598925244243246
1.6634783036554333	30.60958456293172
3.2421992149694856	0.9407396826436915
-24.658162747072666	-0.7688996368207797
-2.846913335478349	3.044859664315879
-32.06729034594088	-1.2058970260607675
-45.66581070434972	2.1710358535949936
31.54332046618696	0.10301769783257982
36.27736021134862	0.11920247023051668
18.257479633960187	-0.7651930732641293
-23.078268859466846	-0.28202751097246415
26.049180931027422	-0.4614329225458186
-59.0133704725266	1.0879030460374828
-48.01386762319928	1.3067362949377663
19.45413553305986	0.1807049703834778
2.6241112498884314	0.4777639086376198
-7.225269742626198	-0.9353875272554422
-9.316910060858712	-63.723913496324464
-46.22293085501316	-0.22220979564469445
15.027450741774116	0.36472957304268194
25.555729109534372	-0.32629152223320224
3.8639023372402344	-0.11012144481198505
19.855962723953336	-1.7421432129235561
-10.065757567974908	0.20097342086867687
-36.62204337117528	4.3613962784428555
-10.463036436559571	-2.4056782774097054
28.863175946613175	-15.29036055191422
-4.988678141219859	2.134328299083582
-30.64654675638374	0.6517403536056151
20.69132188492164	-0.445681235840458
-1.4911022494126325	-0.6476739594132637
-33.4346652050176	-20.199694577137947
106.8197807318498	1.0636074198385939
-37.56182904945714	-2.105599722370994
-3.5931882427156694	-5.096110483140199
77.0242438735406	0.29055366238000585
5.3412895296896865	4.891510429532278
44.46175427697314	0.5724329539477938
-38.9449532176703	0.6103329974187132
-32.81272374783387	-0.3206971509330012
-3.71181427554769	-0.20415404112185775
-9.02730097300627	-0.19858173310542038
-21.977530191649045	5.313394170632
-18.310357647442242	-2.535175481149292
48.98161995622537	-0.9894817309928345
-17.21332608718994	-1.1993710729310005
10.127130149165701	-0.7955498869180154
35.81062905165539	0.8436497089047349
34.35513699727816	-8.695973666217752
25.970358922726074	-0.17633585569660198
-0.2516769075306007	-9.540734856509529
-28.706127838012414	-0.6306899113800345
-37.2334916069066	-0.513500561368005
-15.329042156021819	0.42509543240236597
-0.39326223390143117	-1.0636479411244044
52.862892265644156	-3.6381910172181895
-31.132126121030826	4.725971265348825
-68.42434323421473	0.6644740330601646
7.804267492764728	-0.5808262215611496
-53.41024526846725	-1.5628151795836491
43.211706509045385	-0.4998228341938646
1.70143231425033	-0.01872739582056649
13.750857966446217	-13.092155580889754
6.646225016215233	0.7683752778229178
-33.838289347825636	19.056434309037506
-26.966438168852847	8.650199701518835
39.848113498830216	0.5637853908697058
-16.61211268216833	1.0018002498026375
-18.220858687290473	0.021283217967848576
18.914433755501168	0.3875464656719525
48.09091102766561	-1.5806088757869792
-14.846518339887613	-1.359878113734397
-4.487987961235385	0.7469099032141868
27.60441975337821	-0.9361665538933177
-46.94022960187226	0.7858584742540965
45.979885917941004	-1.7410675244873268
61.42303274596556	-1.720982171891074
-48.194074856543374	1.1105486963343922
37.47218141460497	-1.757257334081335
7.960478435411117	-0.35010736867634973
22.114236245298027	1.1944648526756174
12.393656376026751	0.30785059432805606
-14.731621344532433	-0.7821465558703726
-25.147132079217517	0.28551957987792326
-50.854831855438874	-0.19325305039576987
-44.259221498286976	0.7073323698491117
29.12587638136493	-0.3252587465697597
25.16236170219152	-0.03280407075413183
7.296494121766661	1.4513759517804052
29.258117150324143	0.29303134363154054
3.6744364204932634	-2.49561764696826
-24.77854089564016	-0.37947239335961447
-60.64318601540936	0.6358072328373299
-7.771419322218234	0.732101837671653
-25.13981178342284	-0.8369351389041871
-16.21559649164519	-2.1942228027803625
29.05290147331847	0.8235681012484204
-7.2037632641771046	-0.7901107176514067
-34.09471008877279	-1.2220311668504407
-20.944965951831637	-0.25834569734090557
-36.39145951162551	1.2697753831343461
-45.54988399561373	-0.018133570933007204
-21.010691649783972	-16.019705978347833
-23.095167145611086	-0.7599045685328082
-47.961634199465024	1.674696563049509
32.60103079240145	-1.0152610304048384
-30.420499063800914	1.860054978849408
34.524111508585	0.9537526897616759
0.8482570853131762	1.084679610153789
-6.0909067222998985	-1.0410723863269797
-3.3322740463846823	-21.231395661502834
-76.4835385039001	-0.9508369554005864
40.20685441500626	-0.4965849014057897
1.8466219109816369	0.27078434537342677
-1.6090931536233113	-2.58604988704229
-12.622949217612756	-0.21387756966186108
-12.443352495771432	4.68372380959794
-13.696716648095148	-0.737779798456491
54.70941191708698	-0.2915985301974923
27.772865347352287	0.06676459709524699
-23.226205481213743	-0.3254368786859116
-7.653451599700008	-0.2584158494499445
-0.9696305511342871	0.06775321957206573
6.636653783801074	-1.043501228108116
9.457326520520676	-8.945557218977083
18.606561806838528	0.3780120846720721
-40.0655270386589	0.7389944615357251
-43.33315950771098	-2.1153313204481825
-23.653182223871177	0.18114120591468758
-15.09139243085647	-0.001350131297066729
-17.626232447902844	-0.8677086461019942
19.60384864411971	1.392542219668992
-2.777286357958577	2.8400437235562936
7.735936484330162	-5.557941420701955
5.494701954374238	0.1927951985805834
7.680747339315688	0.3112123499138104
-49.37131356198333	2.2261219808303587
8.750635493764785	-1.0794073947944762
26.8709061805269	4.29627325850727
7.946240259914585	10.005426963662327
-27.973975255230947	-3.114299127644624
-10.72817824461117	-0.1745687066245265
49.75523279967443	0.5108789082567488
25.668943315528427	-0.29051633346635436
-20.93268850332448	1.7975410704521357
-44.88414635731093	-0.5466670711575444
2.18668796292515	1.0303661086813554
25.745878004954417	-2.748824928043333
7.102932230975277	1.2876537429499972
-7.308577855940691	-1.8140269565765377
12.861396522704824	-1.2259761042740385
50.94350295787977	-1.2439699539435185
-9.561877559286138	1.2426135772766687
31.781938214350724	2.3921083014808633
18.792072436558332	-1.7405003436816706
29.135102030088394	-0.7045822027048102
3.487607889257003	-1.8939875575271727
0.25183825724662273	-5.273813522547003
-2.5249179890230558	-0.9673372947783042
-16.592914634210295	-1.3407140950901544
4.743930575553954	7.9011831484097055
-29.16350054832632	-6.7084806666029975
-19.993548802023057	1.8887218819249902
54.59972497012541	-1.794558287022439
-10.55077074498179	-1.2994308142096809
31.027383711283928	-0.08499849652173808
-22.902004280022528	0.9990927152826514
59.61402523479422	0.11265206417385269
7.078231072191479	0.46144810160803545
19.87135061491891	0.11639571627073307
-31.56190747339679	-0.26067074864171236
-7.9869071455043565	-0.11336632848748787
-3.231031909655651	0.07666218999762799
22.333475462624946	0.6300596230195723
7.143163692398211	-2.1083826055307235
58.08460417175155	-0.6411024945193211
43.97054419655777	0.2959892850983315
42.07193321640287	1.1313921693306825
25.057980365831746	1.3153239623228214
3.191142882694759	-0.4087888654420659
-19.05954691854015	4.7820273469162204
16.51057801151629	1.377261607918743
-16.30257447842025	2.2401156209190844
-5.155370224015125	0.7103186255919989
-31.530413068879636	-0.07667338866335209
-7.747770760404264	-40.43546258508694
-38.21076595163033	-7.51115895875544
16.10859366509081	-0.06713578972742171
-13.36889194450922	0.7372941646302653
-18.68998786742107	-0.6892268621874605
31.170404868166106	6.816428131673534
-9.283500752059462	0.11026648411604367
41.730704448419175	-0.020755774134743877
10.683030134005506	-10.576493817096333
46.59921277988406	-0.3695690917983221
-1.3525334913193667	0.6674909239232345
53.3025603990308	-0.1560624444982134
-4.526757124261631	0.9781017611786446
-37.487897205067874	0.4171230969148472
-2.3523075786471703	2.423093778003748
27.672545793500085	0.6158058787598799
-79.00984528902094	0.4627714172543971
6.381486770297536	-0.642139847261511
-52.301061396957905	0.6905754435641139
-41.58764867398353	24.22218083514081
-25.855283685022528	-0.29899492498192287
-31.354532154756594	0.3936297402917801
9.685749497961728	0.47305401766067284
56.48027842451223	-1.1964515373571274
4.133346508155733	0.6093238368999221
-2.4438359234111204	-2.266987017646847
-27.608741435457922	-1.4761596868111093
5.1224655788300515	-26.442105638595475
-19.521594506878046	-0.28948795866825433
-37.15453370920768	4.517226834518321
11.055066049227957	2.6790459989148427
-23.58562668058713	-0.006543073512219447
-37.492645463211566	5.8049127801938445
-37.442881733560675	-1.7252768932792477
-38.546325287274676	0.4533414282076277
-3.87816032971433	-0.30636207679572014
-75.46455789041889	-1.6687479789215585
-7.73872261154829	-0.4337487926563989
-15.039604633542464	0.06545263253793858
6.3539468542206246	-1.2436521293974883
14.17185382257905	-0.5689398146283666
31.270218069395174	1.3364606042115732
41.939630161153936	-2.5497341697345215
-41.603745742430526	0.5597804260864181
-13.515341019318855	-0.3093689530463154
-15.438148274581037	-2.398440074016837
-41.09321287185739	-3.595406849555029
19.458903176902506	-2.7203556782795117
-34.14134782888646	-2.9495448994245304
-1.1163374250086844	3.146369311028907
5.546508605565835	-1.5967637744144219
20.92945507134251	0.5788342344149275
22.12643577664013	0.2806410695426078
11.635886419534922	-9.52995435729424
10.976076297416839	-0.08757841105928582
23.317156715671093	1.5570536006076956
17.590469896114406	-1.7504258333752014
12.699409474744167	-1.2600350858744258
0.8782290607781157	-0.4265709149437554
21.717080819922664	2.6179770635994
48.03301558708125	-0.5835410528751028
-3.850814863720173	0.08778615644346102
21.07064539930645	-1.1134530886478755
-20.72784969545184	-0.3881090333480209
-1.2111398012886172	-0.4066797666739297
7.4324658542437865	0.9018841699570485
-8.405625405395782	-0.8924569624909581
-46.06624880981829	1.2775036884726578
-17.67226625321949	-1.802561645231264
49.08888413164627	-9.383977955245873
-37.34518224138846	0.5319907233244688
-10.217350296809213	-0.68605650699276
21.29544558548144	-0.20363389160032908
-44.40969824214492	-0.5353516202543245
20.27289856646878	-44.29244245867315
21.01067064328712	-2.617102925720389
73.28169494825735	-0.21152681707529417
-15.590217689896543	-3.423283314424312
-47.48690143382307	-1.2502714661012413
27.54367136754452	2.1934571894051293
12.16037182903879	-0.3285579140242992
7.933627252356059	0.35436571342227596
57.52014026244778	0.1129726683337109
77.91053712590156	-0.251303570545563
28.234592604994507	0.6836425531439367
35.90168811354737	-0.06138174668389756
-37.71672642216116	-1.0271563697838955
-20.865228116502962	-9.833495352725425
52.29837524131611	-0.333085327987595
-23.660882823588803	-3.5860290949556273
0.11335375066997906	-5.473295520805955
35.188127110942	-2.603083475654564
44.15490099426559	1.925117071367336
8.931182771703849	-2.389051671173879
34.55188346649597	-0.23499545169006
40.50463843215188	-0.004508799750844133
7.7008669403073355	1.3394817683860554
13.441185666307875	-34.58705413328469
1.7589225501629022	0.20421643203579884
-18.746210557507556	0.8048356873246936
43.268053549500685	0.21352930999920813
53.69410284344534	0.5647289571819457
-8.86196185612792	-1.1964253224057593
-25.18743533904479	-0.8306906592732269
8.586161955545208	0.9953387737397946
2.3762382004298623	1.435926149716704
-8.921638480223427	0.6776295379856749
52.34648054385013	1.2432558974121233
-37.4926112680327	-0.020716379864955614
-17.539421879822278	-0.5702012091478479
-1.1663947850493708	-0.22558014178038746
32.996813664161365	-2.2108014925210666
-25.57740226539649	-1.3016614847528465
-5.047079057729122	-6.898057001206014
23.68322028177131	-0.38816117384561144
-35.37772222347188	0.5088566270699364
-20.21436489918749	-1.092399056641162
-15.521021856654867	0.782287587044691
46.20143792313107	-1.1546884608208443
51.75713730279046	1.3629877555148624
-0.221058966588195	-2.4763807449807946
17.572364588589057	-0.0297871105312541
65.02030488807917	0.6952846064901838
19.03407925605194	-2.967558609538682
-30.703097479535728	-0.6282552750912918
-66.00097370925104	-0.5905353522428982
44.243703598311036	0.8816823564146308
10.492172327338093	-0.0873668340493706
-25.82944743560265	-0.033319193237434465
3.659110497072262	2.0441554512720854
-31.45051933030345	0.2643079401561213
56.42050174328632	-1.4454858669167046
-23.11441517777204	0.1013646331690291
-35.41809369961398	-5.017609421401843
27.25988913790805	-0.9604423719981692
14.439689663626195	2.020179528768108
9.972815149128268	-0.21372573299440875
20.65898163382582	-23.582798399257733
-70.65201516749512	-9.00233973650466
-26.025663536354582	0.5337970276917056
33.895654517713005	0.9693889211592143
14.328236117012098	8.135186464651872
21.33052176362722	0.552643115754816
-41.25125815564635	-1.2541780805694576
22.405455397085234	1.7618932889244336
13.935459423106208	0.5442611264787475
-5.4798357174344074	-4.088889735143729
22.02307431646597	-0.7350641889770765
-17.21381149301993	0.15202051638309497
20.038953489628334	3.1623265804132132
-26.80469422140827	-0.6092822509856148
27.87993917117714	-0.034695683240735506
18.381361793450385	-5.986955903064574
-37.69769035847191	-0.47750942454975737
-23.67313256035053	1.5124636465210661
-66.35334838751216	0.5082759992242589
-77.03568363611087	194.84854360778522
20.613560430295067	-0.8760009787846275
19.508305677053634	-2.666683935148873
17.42411886960328	0.5623558352217032
-2.9832057387024853	-0.33566809840744516
-27.443162147280304	0.06847844810693435
-35.556646399102135	6.8955670694955264
-21.86738052074382	0.8833212933450638
-40.28013596847768	-1.6000919748010443
-21.884685972502947	-0.06597391149643023
1.662539233981878	-0.296770803520585
-3.083686565254908	1.392468576105008
-7.401440686028488	1.0840189098695254
10.5425334726695	1.5335463504272784
6.002319917976221	-0.003356534659642439
-4.930765562991422	-1.7535048510386089
-12.001777833537602	0.8606000485932912
50.59316294206976	-0.8763710710079343
34.08771479428324	7.4425207663280215
-24.709762046855122	1.2610707811794553
-49.99349315291088	4.585320831859151
5.014866194071997	0.050089891660324105
-21.424558728272448	0.5195787700651956
-24.958688099214893	13.037270308286034
9.947957866098566	-1.3875394099379876
-19.544696205151315	0.3034077054966115
-20.562092175880554	-1.3067031303206946
-0.4368858639948317	-0.3156475858237925
56.51530903907936	1.824718037834131
36.7861132267116	1.9449742069847669
-8.813321478068323	1.0976732286079778
46.48388734677158	0.10324622592734593
-11.26584528394943	-2.240158706735036
-42.48071319464981	1.5444611839435372
-18.768783809450948	0.585944767526244
-12.186450363182823	-24.153121020755304
-15.057852616360556	0.769392629170414
-7.43024726258872	0.9486135978466043
26.63467004934235	0.7139806682565655
4.5671120959772065	-4.535347329282638
-42.093703912050444	-1.950343652026954
0.6878980074562533	0.2468236215622057
-7.322185332230173	-35.22323607122295
53.107152010486935	2.195419917844061
37.76950002338865	-0.0734591699864334
-34.18904623067038	0.8093020787543235
9.212318591496855	0.9587026877502975
-0.922629311895783	-2.5969838907275635
-20.146447597638737	-0.0637446001637125
-9.003712203022408	-1.3095853789475107
12.897414795118767	2.5326362141708416
25.283187255806503	18.51349048327711
-22.028289202902098	-0.4776735954847877
-8.592430722253189	1.3571913680681709
13.153062308142733	-0.23696691234403583
1.957700627570201	-20.618457884335758
-1.301780010546731	5.067543690772677
25.923031255017563	3.8868759751600965
-35.54067043806088	-1.9144964807110636
35.78005666794756	0.15016660586513153
39.935602199024	1.2118612049173656
9.046194953690158	0.8660588104173816
10.973402233849903	2.074027808920138
33.00105832687533	-0.014249018803457955
-22.43984100451914	-0.1418760037112686
1.4800221199876804	-1.1429457923747626
27.859339365966008	-0.9150590173784982
-14.802809471183785	-0.4015565058884576
17.678218134032264	0.12635361046871735
46.80778319491986	3.13738574537205
17.89075895743437	-11.262898278918723
46.15672691973459	-0.8712527401208927
5.501455256705373	-0.3409318545150629
1.120719669926517	-0.38043369503294844
18.921956240900837	-0.38978232743082236
-8.910711601098436	-1.2307488504281303
19.889802035487	1.2772516024367646
-0.6170509671052485	41.27709384502603
6.836591964982763	2.293988939770673
33.679546902700736	-0.09952108602912982
-6.114440558528159	-0.5984718438838896
-42.80114572652585	-0.18988715566172507
21.13412261847349	0.17890167044277025
49.13102747815396	-1.3785210238116268
22.88060336616934	-2.523418367319357
-4.0527131300437835	0.3213915734591853
7.067026570739839	-0.37691186115285563
-50.537970614198464	3.200581058499979
-14.58270438634518	2.719768554799618
-44.88696880605366	0.6586420867008295
-8.572422118402237	1.3071090070658977
36.715597740651944	0.12240656119008277
68.50715081281447	1.7676907299986016
-26.108985757795256	-2.38884066625276
59.627504018759616	-1.4883542596451702
29.43296018310857	-1.2503049903031296
9.091893623183921	-2.239932752814757
33.70694045656093	-2.8585016023898517
-40.59242757697926	3.5082908189264943
54.84190421481158	-1.7580993263086313
9.788635341212748	0.43033920249022156
-3.026060715243771	-0.7550458562005903
-31.877529384710158	-5.427260366597631
34.81676365740691	-6.18257989634321
-2.27558861358852	-1.0265426564576292
48.37131915553019	-2.6823776367974443
-21.672005786794752	1.04584287770492
-11.249700310426295	-3.2290304536399
21.61397429802598	0.995940681714641
-12.053380267976978	0.16248341919958062
38.305020911551814	-0.5535285378031978
-31.89209027027521	0.8660899935248495
7.708666250181231	-0.709033277096534
26.479400686329953	0.30293520364975923
-15.268620141076878	0.8760987034366196
53.3545787995708	1.6253380657048753
-6.470855448710841	4.67464768306427
19.017552193320117	-1.3602191353896598
-29.087761428349456	0.1520810070576665
-22.25856366372635	0.14729081827072082
-8.320045757397162	-3.262225417591602
-5.352762028574877	-1.683860299035068
9.593571965509058	-5.305905783682758
16.696526609199758	-1.491645381897286
-27.516735996888414	-0.3915993152292146
33.753473389992905	-0.37684172319658005
-48.176301597586345	-0.13475307877706755
6.45202024887568	2.086110653624426
-12.63706826959535	1.2988129200160359
23.071003016974203	1.0301605478877676
-36.85668222696416	1.3319643045733283
-25.304339354942464	-1.1543098578460087
-3.8997522721073303	-8.44222948421976
8.040271688418995	0.4905903014548863
-15.272069686822206	1.0002319207747576
7.5195462419047825	-2.368405473618587
-7.287899514384109	0.3893278252795576
28.33844668029684	-0.17064467755102905
-14.955497914200777	-41.03900588527265
-8.185536899947145	4.451168791140993
49.127586012009345	-0.2560762773704885
16.38127674686832	-0.12590156781497036
-25.74152861823054	-0.246880707079557
-10.25896626104774	-0.13663567317491418
-0.05852575105883208	0.47548612739843665
-1.3396347041133814	-0.5932920884120133
13.98869062922716	-2.533647137290964
22.794239951112974	-0.13745829175804056
11.312535474213233	0.7142361396971071
20.52559979607303	5.452538782366117
-13.778721250091635	-0.24062284220785976
42.6087268424034	0.12171817619487496
23.88756915560523	-0.069434154924433
0.28496073577986636	-1.2975870881509939
16.093933588365854	-0.2811188949146783
1.2956350573638211	-2.1875225928366855
-36.55435882017888	0.9563655891907998
-40.56329457135519	2.9665516353723067
28.045263815016632	1.5188488288538198
-27.101443579006126	-0.7279941470058781
0.3394337448870297	-1.126961849068631
17.94129525246467	-4.3985731065472224
37.91464104941308	3.5714492565655984
-59.66116232619934	-2.6050819782238164
-12.27630104086493	3.4510719792852718
-5.21469248664839	-2.2314586653180095
-7.313733401485388	0.3827761835047398
38.763191399757524	0.7337061224378144
-11.94879700402188	-0.4595659844684096
-19.735452444738566	-5.251742337231212
2.653866245107245	0.5064826737860594
10.488265776563154	-2.0577202104710666
-26.3398954654251	1.9520763719366034
2.507154652552338	0.00855834184266442
-20.645927633839268	-2.159896037875888
19.019603732640103	-0.2554354983616749
7.820496742108549	-0.6170858251474047
10.80031218596016	-0.30131795069036177
-26.35033769255916	3.517810961740898
-3.5953776592373266	-1.2848641045712377
28.467157815976126	0.8049027240702373
10.284778280661152	1.9070522845962539
12.285246000227179	-5.756128466146656
-42.62727890882916	-0.3143042315886888
27.028071508759275	0.5655614581338827
9.333564819921511	-0.9850578660220592
-37.269599514938726	0.8901843022389622
56.7676193252369	-0.3767336643936965
-27.547576934310428	0.10480260511199975
-32.99022414058672	0.9964171640165984
11.57744154403256	-0.4408529088486743
9.423459549935131	-4.570665944750771
-6.418102986440362	1.78449377191055
12.415946823052229	2.7892267830549717
-44.90869560692996	-2.6112928886891775
-16.24754867403946	0.45860627990737785
13.347780157437072	-0.8267644328414405
-38.47642472925918	-28.00590500403404
-0.1365481535884892	0.9023490938151458
11.567977415334488	-1.0466217775281506
8.908958665300247	-0.48007396737257274
-38.29381564185816	0.4132138321614644
26.933612628038244	-0.469707227340349
54.500690324283816	1.0228864899707648
-37.26574943350421	-6.533550343151312
-46.46055582424432	164.45151591713105
-13.797392902500704	-0.019835453126502294
-52.53673995514415	1.6079048559076832
0.6153788569795219	0.3231927989931908
29.776667129380844	-2.7613024724243314
-22.537706570060617	7.101239432258672
13.331308555448278	2.0112070822413544
-11.329589227042932	0.3476850720207555
-15.977680492174388	-0.44544086533659855
-4.91196519977344	-0.05911081852123869
25.34870407563448	2.795738257994122
-18.15063659482434	1.3456483913472403
-32.68670849625226	4.797435816566609
17.545773553243052	26.62521454250137
1.9544449487203954	0.8666521918004128
10.627038261654295	-0.5086030000130143
-11.151708780885569	1.7923352687759972
28.235900900426486	0.025842647271408482
21.84561273867819	-0.3955335164621377
-17.132235110968537	0.21572212260309323
-39.996149673749905	-1.5868306115519593
6.431577306652322	1.3742535066317836
28.652205312533436	-0.10857959511436802
-30.880760087588033	-6.673984361964119
-17.729632809058227	0.4980213383185789
-3.1247586766109645	0.49168332440805806
-7.620056039889881	-0.541271336395994
31.293290653128206	-0.3131678561674115
-11.44716593397102	1.5893079064650688
-19.151631865433234	9.609698509049192
-18.499172796567397	7.682631031006966
-33.433964359808186	-1.6130042271826854
26.27465254778116	-9.903439180389134
24.699052595670064	-0.6043689691017773
8.430920934000826	-0.6114881799545158
-37.48483188856527	-5.001349720338075
-7.725275420579925	-0.16330756935117244
-9.328310373954176	10.975438973602717
40.793640775002274	3.6366410406517216
33.18577696030165	-0.7480294584779391
20.789424513168484	-2.2816543762529715
-1.0389548503274437	1.4996997767023654
13.75502908541764	0.5528442741814099
-13.164763663132234	0.4005730054421208
6.238094289859915	1.473896049049188
-8.719425106827353	2.9273751118099303
33.16646821561883	1.0743534670585044
-9.53038172011411	0.9603250842704226
-42.84082932589704	-0.10018278185478349
1.6789967922569664	1.6273870970290583
-21.49730563283021	0.5286102034004332
