x1	x2	response	response+gaussian	response+slash
4.878089780950624	-4.859753905806745	-0.20916399524456902	1.4936358840886435	-0.9487768097193552
-0.07680629727846	0.44968935235973007	4.79075447447992	-10.09459926661241	9.179587409549349
-1.2546456247026039	-0.42082559785503104	6.563938234605711	25.719320404236747	9.01870406716325
2.79037660019077	0.6171004000246931	-0.81610282939041	-4.928413507606368	-1.3053914088895493
-0.3902938614548743	2.078792001473789	13.22531005365303	32.28156794092154	8.93487940214995
0.3890757405855414	1.8866987259274808	4.620314316523256	-28.651082540352355	7.27420877569951
1.5350928646647475	-2.0491681829327177	-0.4270470824253386	-66.59919608494356	-1.8731960402640042
-4.417368165621306	0.8810293632019253	261.02876547025534	268.4906791740311	262.56586337608
3.1103415479640955	0.5115094031407343	-0.8667004207868952	-32.766224116129095	-0.5666646826320991
-0.903544554319792	-1.974819220988604	0.4392676038964394	31.93523204769318	-3.930975042648315
2.308117653507635	-0.4208694360935219	-0.8204026439523912	40.15776653680587	-0.757487451190623
0.021539348972244632	-1.2162859378758895	0.06804433756048664	-14.604580185833687	4.404664509388726
-2.724292210378658	-1.712973259313828	4.867268010830129	-11.91834022754058	1.4725814019775219
-3.34148012110308	2.45684374978846	161.05631431640285	112.78273523412676	164.10649794720422
2.531811078326837	-3.0928136430911204	-0.3222997230376255	15.978357543245648	-1.2867056258415732
0.8727553788467821	-2.1584052727621614	-0.36121753701783277	56.021606065380624	0.20690205641007142
0.32672326165752796	-2.8837126030934632	-0.2534802746984722	-12.26606056674745	1.035749710208293
1.44534919699574	3.081241020257302	0.5068193049684414	-6.788710247851369	-0.2663569165144536
3.7690028105799165	3.934659688210811	0.009644631031681441	26.012032038682086	2.3669634021759167
-4.218008043987823	-0.8935956574748296	33.196755270098606	40.45697013977643	33.54731455504412
1.7299091408276457	-4.569965521283901	-0.2261514580252721	-7.388306557380976	-0.42089310029124255
4.78095568478088	2.213775008620047	1.0358392132768686	39.233277404494494	1.1165655463696214
-4.492391423937267	2.201767393091293	315.1009950966936	321.15295851622454	313.50248630078863
2.663522220574994	1.5334893526370807	-0.1666733145873345	-4.583941768133277	1.294749017118663
3.7663461848037905	-0.3524494946624852	-0.8364368214141984	-15.067457730430842	-0.6692382353954983
2.1345843733780265	1.4037836684349658	-0.1886043960507705	-4.370572661198494	2.5656534956891477
-4.63851715835559	-3.9365466291223794	2.4580254292018004	25.12365970496199	2.626274011658847
-4.631893912678857	-2.9983845936621	5.018579724017292	-3.431585871011957	2.5442967092361277
-0.6804967670746578	-1.2605351669289702	0.8975630474781848	-9.780567305034667	1.0791473265939935
3.0015903342723576	3.970522956595401	-0.0022479621913222567	11.380647198814833	0.9832618871496138
-2.5371991336489264	-1.613465261401077	4.689995085460539	32.97779277927052	0.918380374520833
-3.4243547332718194	-0.7579214795115963	24.377531567056455	49.689822642946886	24.738518033473525
-2.0477498611907317	-0.532559805019285	11.902573991475434	23.673917800596982	10.54946194423908
4.669202411600949	0.7648565832807632	-0.09476610198233414	17.139146227003458	-1.542369396318969
-2.63371921732507	0.3026333242364263	54.12007621896246	36.94713783912437	53.95560417138649
-0.6421148298687553	-1.5650714740085414	0.4977911540693646	-7.495744427087816	1.3300500687005306
4.843367756474553	2.183552006263181	1.1817308561644182	-4.334259820375324	-0.9320332415209311
-2.4375120391822094	-2.8355332215359397	1.223732456285107	-24.95209252744819	1.495980826169971
4.2855595404820725	1.1497054239042495	-0.16659738814838254	39.02318820045145	0.7668719101215954
1.356470388171843	-4.269880706030802	-0.23766142033583876	-29.594079650537957	0.44243792000124943
-0.34613310617037296	-0.4278269197641471	1.9782827921358699	-58.80480074188783	2.5020116661520824
2.3658300698586103	1.8103980586740454	-0.03320817202761183	40.41647660724532	6.989205282916035
3.9820350930291433	-2.765015725336376	-0.35184698578950113	-14.538574054257467	1.4998061402510836
-1.978329547310408	4.451398191531094	13.355237918480913	32.72742861673619	15.534891579540863
4.8934322079380514	3.2171749470186715	1.0369843608363305	-1.9119966209985484	1.7130352302211482
1.6152290742089228	0.09274601496290114	-0.7742710579116426	4.892931763476691	0.3738962208626492
-1.8735148443106784	0.552143622450215	38.34104713702605	-7.260129718670534	38.276416688636
3.857088159121581	-2.759250809103909	-0.35318181646162894	17.181273103414533	1.2798079843490235
-4.142704122140234	-4.622740611578236	1.1209007223819127	41.81438279147903	0.868618288337833
0.9567437908102487	-2.1066947335540975	-0.3757736373773659	-17.620468476884565	-129.8115882163479
-1.5462206872596407	1.0855000405670534	39.44781696768283	67.956631308558	40.69788751389021
3.1156587404133855	0.9011969403275311	-0.6237000334637736	-1.3303339753073151	-0.9647438756038864
-3.2961373825813887	-4.147768097346419	0.8435377659464239	-31.8662825818234	-1.8290286082409364
-2.2336193685766412	3.5929861416723963	45.614082709055545	49.177178700144104	46.15780330340638
-3.469008102911326	-1.1659381433178542	15.236902715463309	-33.02448041400905	14.74967249241849
3.89225894953476	3.195791063521474	0.0369899241153855	-15.954445806271234	2.0343454579349878
-0.2566078697078691	-3.676968617085674	-0.17023778037138337	20.41198445312082	0.8326010656735897
-2.6732524149945247	-1.1481837561487032	8.950398867307078	3.239423944766868	6.185960460447596
2.459233088834475	4.188240481138132	0.01746101531419294	27.27275879834787	0.3837891094266938
2.0582327769820736	-1.6394237177264426	-0.5092411720495144	-51.43182161516409	-1.142950950182061
-2.4919460612423627	-2.951674586190821	1.153239797253112	-7.595530263298061	1.4346623813627133
-0.744219142808765	1.1693360896614005	18.349649557224097	-34.49161339434436	17.80348056776083
-1.6704941189306322	-2.2079649507489316	1.0502123982710063	-19.483840030388247	0.32454382840673635
3.9831492095760606	0.5893678525824395	-0.7638899812985507	25.038531787308493	0.30583395913498546
-0.3263320844462889	3.3004868852564275	9.49812254152549	23.07316926298016	12.080622057817102
-0.6171375769669734	3.7332034130477947	8.98044192444804	34.20759405088526	10.478396547982946
4.752906284305594	3.523502817644454	0.5888828557956735	-47.28335665061047	0.3565778377163604
-0.5108953571043839	-2.75186201647922	-0.06271331670985257	-7.718151339200177	-0.679393604121969
-0.5965608828023674	1.4237618493656878	16.318153136574303	42.76469976305276	17.218219533480227
4.767634567457023	0.5638183784727193	-0.15853428388506458	-45.693187973750625	-1.2886244819256802
1.2854752374922178	0.7263280899407345	-0.06642404872204372	43.67436936601311	1.2164155433734567
-1.0171194892212077	-3.923168537566919	-0.051975386319589666	19.185991489225714	0.09668814386995772
-3.8159943128582663	-3.1025566486141676	2.8161419560965064	-33.17884485917538	3.172380774033757
2.0568292970614266	-2.5372196537855753	-0.37678117552935453	-65.69060854378536	-1.2287718247206132
4.06801639326776	4.325303378455104	0.05871135786307023	-20.576858070033822	0.7318709060981898
1.2112712029233696	3.1364189125061888	0.8659054728797618	27.40980974825684	0.854204909623467
4.724106564464025	-0.7131384672731711	-0.6020831081217057	-15.914296912879946	-0.18181221784249457
1.8744220504745526	1.7729917869436616	0.09845263629819404	38.79356383421767	-1.3275202101006682
-3.498807060729626	3.958533267533822	72.17332448385578	89.10950731878665	70.83181634158828
0.5848920144542502	0.7590031495569338	2.0213260892296954	-5.802189271428555	1.9968020086702172
1.9861842647032057	1.4650049606725428	-0.10170248554982682	13.663365077143371	-0.9815926176958841
4.440423642091572	-3.5417805333692964	-0.2823249280077285	53.0361568151188	-4.070982337686157
1.2762157605099054	-4.240825687347113	-0.2380992094920335	33.02246114065946	-1.6471233628425785
-4.4842180250273564	-2.741211967341788	5.732509036741746	29.23907390514881	5.033377432223788
-3.0787653905659673	2.987582812236443	124.68144714538192	159.1363940215237	127.35691204988632
