x1	x2	response	response+gaussian	response+slash
4.878089780950624	-4.859753905806745	-0.20916399524456902	1.4936358840886435	-0.9487768097193552
-0.07680629727846	0.44968935235973007	4.79075447447992	-10.09459926661241	9.179587409549349
-1.2546456247026039	-0.42082559785503104	6.563938234605711	25.719320404236747	9.01870406716325
2.79037660019077	0.6171004000246931	-0.81610282939041	-4.928413507606368	-1.3053914088895493
-0.3902938614548743	2.078792001473789	13.22531005365303	32.28156794092154	8.93487940214995
0.3890757405855414	1.8866987259274808	4.620314316523256	-28.651082540352355	7.27420877569951
1.5350928646647475	-2.0491681829327177	-0.4270470824253386	-66.59919608494356	-1.8731960402640042
-4.417368165621306	0.8810293632019253	261.02876547025534	268.4906791740311	262.56586337608
3.1103415479640955	0.5115094031407343	-0.8667004207868952	-32.766224116129095	-0.5666646826320991
-0.903544554319792	-1.974819220988604	0.4392676038964394	31.93523204769318	-3.930975042648315
2.308117653507635	-0.4208694360935219	-0.8204026439523912	40.15776653680587	-0.757487451190623
0.021539348972244632	-1.2162859378758895	0.06804433756048664	-14.604580185833687	4.404664509388726
-2.724292210378658	-1.712973259313828	4.867268010830129	-11.91834022754058	1.4725814019775219
-3.34148012110308	2.45684374978846	161.05631431640285	112.78273523412676	164.10649794720422
2.531811078326837	-3.0928136430911204	-0.3222997230376255	15.978357543245648	-1.2867056258415732
0.8727553788467821	-2.1584052727621614	-0.36121753701783277	56.021606065380624	0.20690205641007142
0.32672326165752796	-2.8837126030934632	-0.2534802746984722	-12.26606056674745	1.035749710208293
1.44534919699574	3.081241020257302	0.5068193049684414	-6.788710247851369	-0.2663569165144536
3.7690028105799165	3.934659688210811	0.009644631031681441	26.012032038682086	2.3669634021759167
-4.218008043987823	-0.8935956574748296	33.196755270098606	40.45697013977643	33.54731455504412
1.7299091408276457	-4.569965521283901	-0.2261514580252721	-7.388306557380976	-0.42089310029124255
4.78095568478088	2.213775008620047	1.0358392132768686	39.233277404494494	1.1165655463696214
-4.492391423937267	2.201767393091293	315.1009950966936	321.15295851622454	313.50248630078863
2.663522220574994	1.5334893526370807	-0.1666733145873345	-4.583941768133277	1.294749017118663
3.7663461848037905	-0.3524494946624852	-0.8364368214141984	-15.067457730430842	-0.6692382353954983
2.1345843733780265	1.4037836684349658	-0.1886043960507705	-4.370572661198494	2.5656534956891477
-4.63851715835559	-3.9365466291223794	2.4580254292018004	25.12365970496199	2.626274011658847
-4.631893912678857	-2.9983845936621	5.018579724017292	-3.431585871011957	2.5442967092361277
-0.6804967670746578	-1.2605351669289702	0.8975630474781848	-9.780567305034667	1.0791473265939935
3.0015903342723576	3.970522956595401	-0.0022479621913222567	11.380647198814833	0.9832618871496138
-2.5371991336489264	-1.613465261401077	4.689995085460539	32.97779277927052	0.918380374520833
-3.4243547332718194	-0.7579214795115963	24.377531567056455	49.689822642946886	24.738518033473525
-2.0477498611907317	-0.532559805019285	11.902573991475434	23.673917800596982	10.54946194423908
4.669202411600949	0.7648565832807632	-0.09476610198233414	17.139146227003458	-1.542369396318969
-2.63371921732507	0.3026333242364263	54.12007621896246	36.94713783912437	53.95560417138649
-0.6421148298687553	-1.5650714740085414	0.4977911540693646	-7.495744427087816	1.3300500687005306
4.843367756474553	2.183552006263181	1.1817308561644182	-4.334259820375324	-0.9320332415209311
-2.4375120391822094	-2.8355332215359397	1.223732456285107	-24.95209252744819	1.495980826169971
4.2855595404820725	1.1497054239042495	-0.16659738814838254	39.02318820045145	0.7668719101215954
1.356470388171843	-4.269880706030802	-0.23766142033583876	-29.594079650537957	0.44243792000124943
-0.34613310617037296	-0.4278269197641471	1.9782827921358699	-58.80480074188783	2.5020116661520824
2.3658300698586103	1.8103980586740454	-0.03320817202761183	40.41647660724532	6.989205282916035
3.9820350930291433	-2.765015725336376	-0.35184698578950113	-14.538574054257467	1.4998061402510836
-1.978329547310408	4.451398191531094	13.355237918480913	32.72742861673619	15.534891579540863
4.8934322079380514	3.2171749470186715	1.0369843608363305	-1.9119966209985484	1.7130352302211482
1.6152290742089228	0.09274601496290114	-0.7742710579116426	4.892931763476691	0.3738962208626492
-1.8735148443106784	0.552143622450215	38.34104713702605	-7.260129718670534	38.276416688636
3.857088159121581	-2.759250809103909	-0.35318181646162894	17.181273103414533	1.2798079843490235
-4.142704122140234	-4.622740611578236	1.1209007223819127	41.81438279147903	0.868618288337833
0.9567437908102487	-2.1066947335540975	-0.3757736373773659	-17.620468476884565	-129.8115882163479
-1.5462206872596407	1.0855000405670534	39.44781696768283	67.956631308558	40.69788751389021
3.1156587404133855	0.9011969403275311	-0.6237000334637736	-1.3303339753073151	-0.9647438756038864
-3.2961373825813887	-4.147768097346419	0.8435377659464239	-31.8662825818234	-1.8290286082409364
-2.2336193685766412	3.5929861416723963	45.614082709055545	49.177178700144104	46.15780330340638
-3.469008102911326	-1.1659381433178542	15.236902715463309	-33.02448041400905	14.74967249241849
3.89225894953476	3.195791063521474	0.0369899241153855	-15.954445806271234	2.0343454579349878
-0.2566078697078691	-3.676968617085674	-0.17023778037138337	20.41198445312082	0.8326010656735897
-2.6732524149945247	-1.1481837561487032	8.950398867307078	3.239423944766868	6.185960460447596
2.459233088834475	4.188240481138132	0.01746101531419294	27.27275879834787	0.3837891094266938
2.0582327769820736	-1.6394237177264426	-0.5092411720495144	-51.43182161516409	-1.142950950182061
-2.4919460612423627	-2.951674586190821	1.153239797253112	-7.595530263298061	1.4346623813627133
-0.744219142808765	1.1693360896614005	18.349649557224097	-34.49161339434436	17.80348056776083
-1.6704941189306322	-2.2079649507489316	1.0502123982710063	-19.483840030388247	0.32454382840673635
3.9831492095760606	0.5893678525824395	-0.7638899812985507	25.038531787308493	0.30583395913498546
-0.3263320844462889	3.3004868852564275	9.49812254152549	23.07316926298016	12.080622057817102
-0.6171375769669734	3.7332034130477947	8.98044192444804	34.20759405088526	10.478396547982946
4.752906284305594	3.523502817644454	0.5888828557956735	-47.28335665061047	0.3565778377163604
-0.5108953571043839	-2.75186201647922	-0.06271331670985257	-7.718151339200177	-0.679393604121969
-0.5965608828023674	1.4237618493656878	16.318153136574303	42.76469976305276	17.218219533480227
4.767634567457023	0.5638183784727193	-0.15853428388506458	-45.693187973750625	-1.2886244819256802
1.2854752374922178	0.7263280899407345	-0.06642404872204372	43.67436936601311	1.2164155433734567
-1.0171194892212077	-3.923168537566919	-0.051975386319589666	19.185991489225714	0.09668814386995772
-3.8159943128582663	-3.1025566486141676	2.8161419560965064	-33.17884485917538	3.172380774033757
2.0568292970614266	-2.5372196537855753	-0.37678117552935453	-65.69060854378536	-1.2287718247206132
4.06801639326776	4.325303378455104	0.05871135786307023	-20.576858070033822	0.7318709060981898
1.2112712029233696	3.1364189125061888	0.8659054728797618	27.40980974825684	0.854204909623467
4.724106564464025	-0.7131384672731711	-0.6020831081217057	-15.914296912879946	-0.18181221784249457
1.8744220504745526	1.7729917869436616	0.09845263629819404	38.79356383421767	-1.3275202101006682
-3.498807060729626	3.958533267533822	72.17332448385578	89.10950731878665	70.83181634158828
0.5848920144542502	0.7590031495569338	2.0213260892296954	-5.802189271428555	1.9968020086702172
1.9861842647032057	1.4650049606725428	-0.10170248554982682	13.663365077143371	-0.9815926176958841
4.440423642091572	-3.5417805333692964	-0.2823249280077285	53.0361568151188	-4.070982337686157
1.2762157605099054	-4.240825687347113	-0.2380992094920335	33.02246114065946	-1.6471233628425785
-4.4842180250273564	-2.741211967341788	5.732509036741746	29.23907390514881	5.033377432223788
-3.0787653905659673	2.987582812236443	124.68144714538192	159.1363940215237	127.35691204988632
4.113620983994572	-3.4900738106674547	-0.28889286621023474	25.66882205175084	3.336755839841015
4.58143215581522	2.919523899610841	0.5911942692234244	6.053275715426919	1.6382889016058482
1.7141139086575201	2.6617262440234333	0.29765649361943797	-20.857649794510596	2.031016699858099
-0.022783191452014684	0.004343239306293434	2.3046452899082275	24.14328198585878	2.3310001321972864
3.053583128578012	-1.8108149184416513	-0.4822616400839273	11.592567572261451	-0.7883083457362527
-4.194865657598909	3.670270727379295	150.66962311906434	142.21221965345666	148.26512174122806
-3.1106796110476234	-2.7883448307467495	2.2515326045572475	-38.28370350781725	2.565663250194103
1.9513343562249048	-3.410541935929582	-0.29507725853565864	-28.148647037880433	0.9191592133207673
-3.302760772123495	4.1114903763150075	52.82683514512014	92.1205557567772	57.0456401880601
-1.4451068382280652	-2.1922827687582225	0.801616106037783	46.2535797200397	0.9024199306068075
-4.1990446845174	1.9107333645567595	268.5739401498813	299.96643659742733	266.31231438489647
4.25650185819409	4.873788461319361	0.09203753538496061	43.4737294964507	0.2812383177653457
-3.754652738203028	-0.31772458606779796	52.718510569445534	44.27337763455035	53.65933147837138
1.3137339113266915	-4.598208994372994	-0.2219894912650858	-46.113303036117	0.11367132613409245
-2.8954040230596356	2.8519940091142697	114.7638054135829	105.06651431761796	92.65480076640975
-4.827692121258532	3.861842000132949	170.51581835860634	187.17818627017044	169.2355290629984
-4.145838900172402	-1.1090482567369553	24.57737428242068	20.91564654084221	24.572376855263986
-1.4465346971824058	3.81765129643626	18.677468565472942	39.92668036450513	22.194664066373857
-4.061896982097646	3.601822688293229	149.94842772742223	160.5580282269313	153.80062842445517
-0.8492127885721787	-0.6837649690056651	2.799432073778849	14.927938393725954	4.0019605617522345
4.727610352583071	-0.02871943809971267	-0.5882210440212398	-21.170403556723567	-2.1332829065395935
-4.374526221838655	1.6837102299741638	295.3659657517944	355.7626210914235	294.355439846244
-1.3064498976427763	2.3901758313785795	34.352285327239485	67.87048704032614	34.50475887992826
-1.2526832402060095	-0.40752734651383804	6.673132432912387	9.555173661410642	5.869921559503229
-3.1946933872711814	3.935890155486778	61.23779989987232	105.27629725770635	61.75197461036775
3.2492975365167034	0.9388746247651518	-0.5938279895181333	30.406235584739427	-3.449922408177845
-1.0798669821899498	3.3663503532788077	20.52219659932617	63.39327501656611	19.215593570399424
1.2469446322219433	4.806858536976893	0.18782612286276262	53.32303541300114	1.6706105271094478
3.241685996789567	1.4927506492659806	-0.19009237339408883	40.21176952413729	-0.11893207702875623
-0.08071010457618577	0.5918255946733	5.635703268865225	34.231621441179925	5.021284307715155
-4.196625293393527	3.6781170240728436	149.57843427719484	114.88209879859343	150.0858882942266
4.5564658176637565	-0.7796541391230214	-0.6362659767735056	-14.573091996201446	-0.7342971100622337
-4.628397593051204	-3.648579001450094	3.0146446444137602	-12.951874955740365	2.583228126298815
3.049685967390225	-1.6748530694915709	-0.5067794704867155	-17.474235039523414	-1.4363125506624403
-0.8340647022084724	0.6320325117016248	15.196509034414	68.1739657650785	19.79674339005969
-0.567440663680367	-0.7788545533309863	1.6054188230311086	-45.0235840381585	2.191218646722003
-1.6423156699291575	-4.57312337447615	0.020081234473978856	15.501907313102416	-0.46071781091571623
2.178386819573113	-1.422886417422502	-0.5543735188164379	0.07142103471333394	-4.964265737057784
-2.564657789464444	-4.307261923184669	0.36166978082529316	19.47892307832385	-0.45656941735166784
-2.3837041638655574	1.7888995915767092	83.93559522139594	133.70390610104386	87.5551988003296
-1.7852348027903107	-1.0512653592779397	4.77759532970262	-20.172574778135445	4.565334013097033
0.04976980803042075	-1.7660457138977903	-0.13136202535900685	-25.000974135787477	-4.388743833918496
-2.4760496289823353	4.5790618767368585	16.62115605673325	26.857573845629144	16.49955303065274
-2.0556693963002903	0.8232356644200962	54.13553258633375	16.977133045620363	55.561996746253016
-2.5932971224490053	-4.016314868900492	0.4850662303437297	-3.0058849610253007	1.5618829263081742
-0.10315843612957654	3.5654009185605737	5.769774725800226	-2.0249503871983885	13.990525376064507
-1.9335515666370129	-4.785264534744269	0.060267683054870166	-9.5490941029148	2.6154261132831507
-4.992907325935904	1.2195140084920641	393.1733249860306	439.8000009442136	390.55419733202933
-3.2891017444543937	3.378945378528101	114.87499523575018	134.2127210279999	114.69448910505841
-0.25695730469854183	4.536335129100461	2.2305771650829755	-27.77134337380829	1.8358032844618875
-0.03978096513252982	-2.208464440745627	-0.15664806632903383	-20.017814474439383	0.17134540041363788
-2.5757149174549285	3.0745772829636877	85.2726688047786	139.74898073586013	85.26917311064959
3.5458277946288614	-1.3654557759561925	-0.5693981261846939	-19.09725737887293	-0.33276345724976103
-2.9559802856641646	-4.872652414202289	0.34731074032794784	-27.392784198841035	2.0206329387808033
0.6538694976470651	3.7026669487931603	1.6268673573382646	-14.804443266292877	-0.2447032087466754
-4.691994919600297	0.9053215246005113	305.49323700511627	275.0321057310562	301.07428188943595
-0.5431001872335139	-0.28774529172827723	3.352053830468103	-5.072796749655101	17.710468483793626
-0.5103253322399848	0.7970198593661895	11.852946021634166	67.43287611634328	12.326999922133536
1.1292436146482574	2.604195759010997	1.2416437804584148	43.96809458845222	2.2606682810269536
-1.016198034849538	-4.737106844429189	-0.09432083448773422	-4.758344167906848	0.8847689632687022
1.9559498947620524	-2.711017573127025	-0.35691231369187293	28.413202157550142	-0.7123380928319698
0.2868049263869903	-3.281257871576017	-0.23777024860777438	4.918101113102031	0.023238409866691484
-2.9777724206044365	-0.6376523261308318	21.10181129094099	-23.50327038204824	21.06824068105474
3.5399779946626815	-3.374668898459079	-0.2991061317781193	0.9239209331520036	-1.9561814889735416
-1.5903150569506197	-2.537573833181429	0.6446101861563659	37.99851216312991	-2.7015548007097037
-1.2573518429428612	2.924881865823745	30.61875760675923	10.792134973889546	31.0079570854464
-2.172337737965174	-4.855517062201581	0.1076360948850137	19.695243762964882	5.533239847142134
-3.724547207515588	3.951462045634722	83.44956760963247	62.61583267836683	84.13913104775692
2.1723916644338734	-4.583179875020781	-0.2266785870702779	45.11101979351145	-0.4587209695219374
-0.5303596134506741	4.9911096130997965	1.7906780650909435	-21.08902593384347	-1.7313983488454805
0.6336739224724734	-0.5884400114378412	-0.20523045076081983	-15.633933683766427	-4.008708522600773
-3.3835032119488737	2.778863884633087	160.1756138434438	134.1874616156387	161.06630005938905
3.6582183239539194	3.0565727102143327	0.011676367404455663	22.737619639546967	0.8790018382012577
-3.9682946143818407	1.3937024414638488	232.385496173515	278.8212453930517	-219.63530817116853
-2.6692631702317082	2.069901698064153	103.31376455932536	86.45140595892086	1013.1471658004805
0.5726511935395449	0.24870936179807313	0.8574939582525123	10.955560399562646	0.3310861735019499
1.5483465319018377	-3.88438705591724	-0.26052043714054346	2.3719807930886	-0.45740666801193003
-2.6476176862562784	1.1726311318961455	96.77074654538514	125.20954223336255	96.41024112470096
-3.2592198979007425	-2.4599245961386798	3.3960345321543897	-34.31617528539602	4.856264545942072
4.302144158792386	-3.059698559075217	-0.32098125633247077	20.894310818515848	-1.263070625665341
1.8283609266000012	-1.2497428483215414	-0.5810655747539437	49.2215867280942	1.7632382286213093
-2.294891562800646	-1.9667530211018933	2.594987969399669	3.7108810710971927	0.6626253293515798
-4.38834947718153	-4.999300707500289	1.0273483774149186	-1.9843304336205894	2.293385563029735
3.8571166572906144	-2.101886486407223	-0.43383884492871977	57.0719873978271	-1.56307598229916
4.851132699407767	-3.876591179641158	-0.2549085812171779	-26.464932142649964	0.15892157983390437
3.6059669157618615	-0.4806213537041861	-0.8054118660853689	9.447354168076979	-8.517722677468026
4.922244615502203	1.5649890741490715	1.2089867139228867	4.41680028030625	0.5206671360106107
0.6789705013097738	-2.2658524311581276	-0.3275119682850673	8.968993762403349	-0.6020896905333726
3.120528475339336	-2.012095458613601	-0.4492468500178855	0.23121300071241163	-0.47085589022053503
3.4292125218620093	2.390654309108198	0.04160635557693697	-21.818859618112327	0.17947247387518417
0.443621360980079	-2.352144502002668	-0.28542443000584466	48.9299129184861	-3.5554876060273526
4.914150474615086	-2.81157829638931	-0.3242717466720239	19.14506777761465	9.323666895696256
4.991256844983681	-1.2231835464402705	-0.4695723112386563	-18.155596687770533	-11.936507589108714
-1.9341106146810052	-2.1631416077178542	1.4827330897462225	-74.21739205831557	1.4877947315022308
-0.9985895961366866	-3.7186331286021512	-0.037908896385825716	18.199727125865337	1.2746401198967834
1.1206749924886426	1.030400773715022	0.6250505185785751	33.78305027250714	1.5214659867191964
1.9801635395660053	2.208527456615869	0.13771490913143122	-4.154526115839731	10.026515058798603
3.445850721730338	2.662137916790993	0.03324197849043944	-20.10467916784547	0.10990783746080318
4.384824970897661	0.6363869087132823	-0.5322955901730055	-10.554107023673414	-5.646859784275039
3.4357240736937165	-0.31581910684785264	-0.854044129389871	-1.3415775143971338	0.908811002141095
-0.11570791030393579	0.9143865587420006	7.661065362262006	47.14096910094353	8.017309014162196
-1.7565046917868687	-4.928130075433023	0.00927618064693927	-41.47345416483203	0.1771866687887001
-0.6524045337568953	-3.491795617471025	-0.09692911735521863	-15.488087815615593	1.7256179715938498
-0.2253988051620901	-0.5397584929976595	1.3062778256458063	-16.39290541377006	1.310800208919925
-3.598982542130088	4.0967633826932435	64.66500667928857	89.22525420508833	78.30752281367837
2.58753193116679	-3.804998807031984	-0.2691199848737953	10.787658949825802	-0.7685999138272397
2.646132742489491	-0.9760381515583703	-0.6655700840792989	-52.64987249006564	0.6396913433037661
-2.8686203256147067	-1.2234209015250173	9.45268721398462	4.836907881851868	2.2159217842532977
0.4455683676833164	-1.274693859883432	-0.2500848835242644	39.46256058979664	-0.9746615909208608
-3.9049154419035235	0.9746764041151721	204.12906805034282	193.29521572408626	205.09499667062107
2.56023678899274	-4.670300158409636	-0.2229386855270048	18.64485681489515	-3.245525211384333
2.5515438237857566	0.2520300713886261	-0.9289891888036168	1.8983685717517012	-0.3281029527703664
0.8612485765382463	2.279225004303971	2.125723165836284	-4.909354916302474	1.4752915974977903
-3.949548828199104	4.559962627039889	44.09607029646657	-10.610864631375108	44.377785326293996
0.8416605068930938	-2.4851713409866774	-0.3324139621231829	10.675646161226814	0.06908764370822795
-3.1530562168838037	1.0546014134865755	132.23365895753298	212.90993317344672	128.98838131381083
4.717673634364498	-2.45659562858891	-0.36666733712088084	80.05991391490092	0.45132717086054486
-0.9511719496118669	2.8314870975412294	23.27647648121644	26.16292331084793	31.50244824709212
3.5358442378942154	2.5318374949801923	0.044443981828249324	-55.424120650880866	-0.006430224524113383
0.623367945708222	-3.6123827965820143	-0.25005628005062863	12.660439596455884	1.13438641507499
-2.1076710207046387	2.4661628856263427	67.77806071483671	72.39317666960878	67.42679811850012
1.925312505929055	-1.8062036227903846	-0.4769961605066617	-43.59860119448397	-0.13452694328551879
-2.377869805376036	-1.6309430078084706	4.035497845616036	27.471505636362906	4.379799562279844
4.691053453778975	3.4964959160015443	0.5197051366228729	83.91834139818218	-0.49522954098274674
3.130770010638681	0.5864712003318919	-0.8322656967272061	59.88870019881361	-1.0507896300486055
0.28949653576420076	4.267253354976674	1.5029544773097152	63.52099388695925	0.8977927342425026
4.917770447998901	-1.7657148004873657	-0.42610734054048716	73.48118082105083	-0.6610970150576131
-0.5715584247338548	-3.9210313997414916	-0.13064638088113123	-19.85468238552757	-3.3221257026087763
3.2807673823790378	0.03843986873639604	-0.927540872435427	-35.398037193029005	-1.685188621409524
-4.514036271278593	-4.387717517672362	1.6669816551855376	-5.0106431305915065	1.2433172949578026
-2.8089560475931528	-2.992909608570291	1.4718428114086686	-18.366734917343198	-0.8691311000260098
0.16949404804122548	1.481554151430852	6.1759572468235	-7.517846576552844	8.076393938494165
-0.10427938375603052	1.6408899437240718	9.155942469742275	74.44084173977998	7.82829717014245
3.301001954765926	1.1187759057398514	-0.44970379603462635	-47.117912318843715	1.843271152724627
-1.0712100688639312	-3.282396205365943	0.041906290040772946	-40.456932896431475	0.3161254031540145
-1.8151194455366126	-4.434899962162246	0.07770540126374363	29.391007454137256	-0.11119571624914044
-0.09735828705195004	-0.9201800530012747	0.4317505577383609	12.586269872080273	-4.06522974927918
0.23584455286931139	2.193472899140553	5.8651760468466305	28.916904345822278	7.683749586970721
-3.296327418675272	0.3096124731723986	85.59651638651475	95.06030691278949	88.25878284783258
-0.6726491952552323	2.622203884222346	17.95682268100777	20.13640543601188	19.0357543958778
-4.469970151008997	-3.308420075377904	3.5680138404893853	10.71547166036145	-16.587772912491417
-4.333247975921851	-0.6218740695002625	49.74285957165847	104.50317301878724	49.815510570068994
-3.4135071599847224	-4.5542309316464324	0.6836270091798475	-36.154873624608044	-0.22705049530917587
4.911604893862462	0.22932688014512692	-0.25947235727573476	-7.019150023765051	0.08964006382695877
-4.809054531359658	2.854566919577479	353.0574250003362	357.7207476705812	353.56914572053665
0.7122473170979884	3.5312659888687197	1.7429036207647848	-24.268541541561905	7.527385186572394
3.5488525593384725	2.6127249940651733	0.04140990773269311	-34.351348987604275	1.468189352289442
1.898971461680289	1.4164128504540363	-0.09075405274060182	73.9469788289546	-1.1438142623231748
-4.4834043057393504	-0.5027469000014237	62.89652661403123	98.79648900874932	60.42325232088519
-2.8721836591554983	0.20637730223052309	57.496747297529524	63.901062536825805	56.68784241367017
-0.6985092187806359	4.2840062423820715	5.0504690397155745	46.76075048562821	3.801464535142033
1.9572091836607672	-0.963175969106552	-0.6556359394377538	-17.19994214428699	0.5352809188766914
-2.7642528122704335	0.730358265991331	86.88214323160862	78.74511439761955	88.6290207639053
2.0483883558991334	-1.6407027237776415	-0.5088225450226708	31.62471488682051	-2.116083872502218
-2.4864006777248693	4.398438325614434	21.057183752380908	65.40294284457133	27.530509284235563
1.465742537440681	-0.27959328467024847	-0.7148878702523775	-0.6423541257294969	-1.3123515759590818
0.09527458630650898	-3.8890170344222796	-0.2052079196258246	4.076436035817551	-5.972177215297996
-3.1010948773935265	-2.9823476943630056	1.8802668837995642	-64.47981469372216	2.5338187893189725
-2.1415659934641793	-0.08806309802594026	23.181451809820505	33.139845239983735	5.3109589712138146
-2.963355831098978	-2.707499872664181	2.164103044372739	15.78188103950824	2.173592547116399
4.517160571188395	-3.453490751176541	-0.28733379949493154	-24.421611860431213	2.6256119261455826
1.2932947243493063	-3.9548591070792916	-0.2532415229282568	-19.914611588486082	-14.318287336982067
2.8305310663378513	-1.319524993150746	-0.5803715515037865	2.311906167503954	0.9903330949172754
3.6216778577427355	-1.9583012231144101	-0.4571236772689664	-10.73931810986096	-1.4298107144924352
0.1872582998215897	3.346086408265691	4.6892049854731175	-13.223991555331551	7.299332723745474
-4.757838895593053	-0.3665202825363947	86.72455355899544	15.480913738086969	85.37919437520576
3.779843037364593	0.4320385939895388	-0.8723641343217162	-14.012390886317082	-1.304485386443631
4.775711798495843	2.719183517546176	0.9935252396383661	28.930434945933477	1.9409844578195443
4.271128758431471	3.4275110443826122	0.1597822253110156	10.586548273197346	2.989547206594202
-4.510498862886523	3.6548228233013376	181.8066286189614	200.58652777044986	188.88752274281407
-4.891893873124556	0.08538525739822855	164.57237004197293	146.63428355018942	163.75678478270143
-2.853181046311819	2.6524319374478083	115.31404966357913	110.63942889818529	117.21332479759317
4.452265479472377	-3.8126835054588937	-0.2647958555982263	26.299867237256986	0.2356460088825944
4.2987636244827705	0.5074651731814184	-0.6782075752407636	-24.709211683934633	-0.926928694069197
-1.9272490775938191	-4.8265835773761605	0.05400056540326252	-47.80964259056888	1.2916570821682574
3.7633718854213587	-0.14387930828421602	-0.8864376192238614	-33.36335099419913	-1.141288754642358
4.488020447058023	0.04188088965852543	-0.7296818175145963	-26.741526032500744	5.897824892378795
1.5085606234066065	-2.4123515892888117	-0.3809074919498826	-7.61103747092503	10.180283460578137
-1.856328972314849	1.6289757175799835	55.394597715590436	42.06340552822823	54.303950890633956
3.1884491946092055	3.523034060429227	-0.02462107434013064	-12.697860572058385	0.8024861725143988
2.4785420704532255	-0.8526300053981899	-0.6987388172589356	-6.224315540320507	-2.3268341119928446
3.178344824040515	-1.9797262544528618	-0.4543041233405853	38.68898827765905	-1.5711471214048092
2.3581590343565058	4.690888058415636	0.05307108595913115	-4.548917870214309	1.9100311821968923
4.111862389736599	-2.2222123109936565	-0.4138655955700383	-22.342311793211497	-0.6674350358253387
4.544038527146396	3.306324320077474	0.4186881984997838	11.241077276076373	0.26770235306181867
2.6443665882332805	4.781341665987771	0.0556553692639252	16.476008160584314	-0.27112477089219256
-4.380675807262346	4.188049105827414	90.15435861615714	66.64312380756576	90.93508807668712
-2.5498811012163425	-1.9238154482042082	3.376944710787011	-48.46697940364015	3.1745089243110973
-0.89432167584091	-3.43129475357466	-0.03360339203708885	-12.813151854468716	-0.559700808068489
2.3062189296909406	1.8449257036097002	-0.015433235103334353	-27.170326091271207	-0.12353280026213853
-2.6166947119785844	-4.040620000135221	0.48698240595310543	29.843645279483802	1.5134416529116108
0.5246307167254454	-3.8669873826854904	-0.23384142016620604	-13.771000102911035	-3.845234484294654
-0.5345585463820868	2.5352104666334423	15.516881368794968	22.840648230670546	14.92967926851537
-3.035710963379791	-1.5125039944985295	7.642512721133711	28.178740081122896	8.008284495667903
2.6805883912843234	3.667458593241701	-0.020286609051691443	44.314677601804874	0.03139282286027896
0.38848388071149387	-4.238904928070299	-0.21348472062997034	-0.7691234654246782	-2.084046421432442
4.880234108832134	-3.1293258404608038	-0.3013931675165561	40.13693490889598	-40.981485047974594
2.0284233519434283	-4.61759611245752	-0.2248810708371142	-27.740499962879976	-0.38909187956226904
3.9167447053450513	-2.2363615595787656	-0.41445765586325034	15.743148094832245	-2.677257080873173
-4.127920915100793	4.504412638709139	52.35770249812996	35.15836595661871	61.068583585001214
2.825576388094597	0.03535989085428781	-0.9274157335099782	-0.434359767450268	-23.42837377403844
2.418121757091958	3.6173391754737967	-0.015878350517726864	14.788440129835253	0.28873014131505503
2.397898845386699	0.8624727974568156	-0.6422161011840721	-44.78244846676836	-0.8813679885327614
0.4179569134118646	-1.551899421906965	-0.2678733903205847	-9.4300277104888	-93.08812899139751
-2.355819353684928	-4.2580343982138915	0.2900289851064326	-41.79414515159883	-0.4098843782764303
0.4745731643823312	0.26757515799274145	1.2104429902313383	-19.383670855680283	0.9937372739707933
1.0262421038346483	1.283249152909666	1.1529436151301808	-54.34231809838637	-2.503934398457022
0.27512105813337495	0.08814236580320323	1.4277346835647866	2.7603618025380907	0.2269886691890648
3.2747265689423415	3.1461442870506158	-0.0117116133449991	31.55912657036821	-0.6557751750870419
3.7048427740698564	-3.3421899471084195	-0.3014227573167901	-46.03241931053779	1.1861193775135215
2.1109015609443507	-0.9835459964822855	-0.6567306340557337	10.584104540137393	-7.516886120781799
-4.876829607892727	1.6435653913576207	384.217233139957	316.44522974983926	382.8415211462159
0.2561520438945042	3.278362031729438	4.453173004774254	-15.812367223985689	5.408988923460609
-4.3214728991199145	-2.0545778798477965	9.809807069867166	-42.99918437210765	9.230072726356692
-3.260521825019528	0.8729739164760675	131.63130313628145	122.01571765020104	132.22932356971987
0.6965521476649927	-1.3060449153293452	-0.36600651272598284	28.622635748742486	3.5690048271601906
-0.29723193337785503	2.7248991694344804	11.526615635951313	44.560554985858005	11.82723420610666
-4.102813644439407	-4.842053347535133	0.9406091338904209	1.3547318073548726	-4.115972294299669
4.655566129052049	4.073849835289618	0.26939331552853424	11.117166649950542	-1.2496978175015523
-4.5207477890484125	1.5250992961121543	318.13050303271837	286.2974206752133	317.90460756049504
-0.5544895789696467	0.06580885515806223	5.721848612958953	7.85833841360461	5.768408700632787
-3.0431327684845533	3.317589369379668	102.45898537866202	151.22204486306146	101.40814461789597
-3.912432909974264	0.03839625899326293	91.10923851838334	49.30835920692788	90.67561247896604
-3.9597694648570823	4.065574941663158	83.1950263002666	84.76292929443316	80.83201948408527
0.03464300240097806	3.0776488735556367	6.806578453933585	14.196269307424618	6.109711110743233
-0.17597022011588592	1.7855892884362277	10.114529832012757	4.498400753361343	16.760325118469925
-0.5258905040866004	2.6284951736487585	15.249311619744928	-34.690099056304454	14.104701807842421
-1.9200847746690721	2.797088366012364	56.344037759246554	68.95142507177448	59.231599746804754
0.7992232153610939	-2.7912059530008273	-0.30723946773645094	-13.729293161118196	2.2477932750394856
0.5451898585052799	-4.540758796362324	-0.20917487880433056	24.625195742475718	0.6788706345273194
1.5313876447432726	-2.3931186421973205	-0.3838670831959337	-7.394406550348827	0.24179972057660665
2.7580726105967663	0.5213849370040062	-0.8623465484954548	40.87173916058271	0.471598871125149
-1.341357549606058	-1.6648553083807682	1.3570517012532293	-32.86271549289543	1.099661695756499
4.210589720540236	-2.0456062496591274	-0.43637526464362425	50.39335660676899	-0.5245088766248317
-1.392267436043959	2.5672282702622713	36.87164754773479	47.191584059163425	36.99911908468457
0.3733564999413268	2.366536716578075	4.7892559624868065	34.99522456897289	4.787148944134319
4.88155378557185	-4.695955926390756	-0.2156092047687572	-22.038073180376212	1.6070366631060473
4.492209792818237	0.40623162230702725	-0.6016259758882695	-34.924349369528564	-1.4632559768864901
0.7707256335389623	-0.9061516148411766	-0.38111858170600876	-41.52620454863367	3.6154525290209607
-4.035140027436734	3.915424243154149	104.4066491760661	131.7363065000681	108.29157087719624
-2.512498369359081	0.2742147260745984	48.00524959626086	41.66102622078606	51.78168020728335
-0.42356690790863816	2.0211582925136646	13.74183760810992	24.695829260071456	13.588231312772722
2.5721701456890944	1.408819939370174	-0.23749434916547593	-66.33709567843589	3.430080761311364
3.90597207959021	3.8392214941172185	0.019844552849315744	22.867475904252657	-0.28187075702871656
-0.5134375946010472	-2.6404708135967683	-0.04523900639546633	35.67581976672634	-16.35181702200537
-2.1883234041399535	1.0125878779779178	65.6360827180797	49.69539877255727	65.1462969047876
-3.0637699394148643	-1.7356461172338178	6.107712482699387	9.861560993512654	-10.86000771184932
1.0608593059803102	-4.0813006071955105	-0.24234115691094396	43.94749960630711	-0.3274851936524632
-4.34768970105584	2.5844256849925955	288.14915712702737	292.7914167661752	289.53716280016647
-1.1087002506419341	-2.946537425302096	0.13249910771963058	-22.987640213768646	-8.098872999998683
1.116052109634472	-2.6617875251918677	-0.338455883816839	58.234301697130604	7.496812623534538
0.5738818437978876	-2.163840463645207	-0.31515914702965897	20.026394175933884	-2.3555768891890807
3.0234227896715424	0.6587820356297129	-0.7926691421055414	32.41467113543299	-0.40901734020552877
-1.107895798159284	-1.1216948774739652	2.0850833046259174	-30.518894221979515	1.442206380437919
-3.835819717742488	3.8899904122394613	95.93127518891893	108.5523081878276	83.8378152076722
0.8622540202616724	-3.379191781092673	-0.2742104858856595	-40.12035638498787	-2.7510910720225663
2.8292331925661784	-3.419940624053721	-0.2957621551149908	-57.47085050591343	-0.2817685902445329
-0.011262438531770336	3.1676199693661697	6.919847506096295	-56.528795094870596	6.474951294961136
3.86207817702363	-2.0639250767122173	-0.43938011757571427	-13.819791762332246	0.7242925847566125
-3.1177314569816375	3.1303880144468152	120.40397857916074	81.25597507651027	135.03248953127462
4.034548862478006	2.5705295297861603	0.1480098351157715	-39.151426175521145	-18.165621332360427
-1.8356882398447527	3.347455351223317	41.100964979352455	0.13735807626348873	40.811286078940064
-2.4459319703166016	-3.298905851506324	0.7965833117366811	34.95383268447318	-0.653480514599078
3.239388765139404	0.4518751311366831	-0.8888022060078615	-27.846653771257436	-1.8707347072482996
1.1990431394911898	3.357398757494339	0.7620942237814543	22.121271534525164	0.4992112278051514
4.737550531311941	-0.5630593719499712	-0.6124787022838375	16.643601266546302	0.8633630817898029
-4.1689953443737515	1.603667039836557	263.3569789590769	282.07679067846084	263.911583972218
1.2125285577878646	3.6040565976876415	0.5911274485577641	-20.87448895220926	0.23162049948411256
1.8465346731836867	-4.69636317691273	-0.22091896777941294	-28.897599869714025	-1.5440932332301627
0.02677785844629188	2.57660684508725	7.763579176089402	7.60388529935017	12.903812626410577
0.508989319512132	1.5342683451040298	3.66480667926785	41.240906431424584	3.4237363647996264
4.262827345814626	0.4248006345039146	-0.7402201393401833	-39.395526856381316	-8.932380405523206
1.039468097848756	-2.6026702677508498	-0.33891770384712105	14.905746996023847	-0.6874590837345573
-0.02894130619650781	0.37030895746310577	4.0235003289118545	-11.148816844413222	3.8561979426543105
2.84844348323986	-3.316981294574617	-0.3037000543085851	-63.383767172948104	0.8085378614852683
-0.9027645016118022	-3.9741684865603153	-0.07808059836105727	-42.00836631877689	1.056520588448844
3.3539066407359837	4.607362909445685	0.045557609282372215	4.2937307691442355	0.24150609094952152
-0.9711928422267846	1.673557315218357	24.74163169659413	38.07273089206305	26.455858681789895
4.458849754680674	-0.3247832143230811	-0.7370224063471964	23.897282796261493	-1.2391653800177225
1.8572214297134515	-4.30217856065589	-0.23959900939109943	-20.686036055190286	-12.114967259403473
4.950349666808089	-3.3867478004756393	-0.2812979127970011	-7.06878646345844	1.28977287057144
-4.825828940450857	1.9610730467258985	375.06950500800804	354.7302328684583	372.39679743783967
1.8344745494159032	3.272419963906856	0.12622933858854982	16.760401690720414	0.8351950396909146
1.502914931391376	3.6486135139423066	0.26729669013926605	37.581965738859	0.3588437605789514
0.9356889458207363	-2.583069420320052	-0.33308700101238586	20.72570464967182	0.14584707793494928
-4.68849048560659	2.9063799295620276	327.3496916649812	278.84609681823946	327.5803542103537
-4.0336158162502	-3.6031083829253774	2.1756517429620827	-15.284452234972422	2.5345824020844647
4.962993844644172	-2.5426151865422044	-0.34390861252934074	23.85229275513731	-5.587481172057204
-4.288385962481565	3.8443065515438715	130.80925949075186	117.05095258745995	133.26735122561533
1.928270784356818	2.3062452261284943	0.1677667971015534	14.178431284624049	9.30866660605341
0.9760692837654403	2.737224285967091	1.6535813471356562	-44.534207167813975	1.516499405500248
1.1206343309048608	0.6275675893314938	0.11031144904340555	-6.383710276811509	1.5050420863535443
-3.49521934474047	3.4444061970955246	123.98097901652561	109.62948658771786	124.43451690156245
4.306590470568757	2.982780359449521	0.2681519829243666	-16.031847869862272	-0.22155058315066234
-1.7840144220896983	-1.3070477882676101	3.458214226152101	12.793653093987887	5.567971291812834
3.2058313274550905	-1.8786658783301213	-0.47070462991684164	-37.733337960890644	3.741639705433804
2.774055309589789	4.79390957824196	0.056133574042956165	22.47794295305287	0.774934674793731
0.11391293711673711	1.7960171101924445	6.8827349320128555	-54.84642462888502	7.478666423510218
4.782328267559366	-0.08403501441453365	-0.5597980115833734	7.874457878570295	1.1748930796949293
1.6644029646051806	2.258465097422574	0.3514227598580408	25.97784123342055	0.25596040158666944
-3.3098541547533102	-4.285104673590846	0.76781767202946	-17.683480602460214	0.446855934772781
-4.307042936795052	2.399767751644596	284.3919699686768	269.95937484111147	291.58170137134175
-2.114651137393749	-1.7934629292752913	2.6670981467500843	51.06759776301531	4.9474134220434856
2.073993801244562	-1.1375928825722417	-0.6169574465210205	20.124694697160088	40.53827495604501
2.382933184770649	-2.586393588328735	-0.37263704376808265	-28.81421209393018	-0.012242306743535936
-4.128665357464417	-2.1264139297062448	8.17814292250317	-24.667932078723688	19.719968903218955
-0.9774701861149495	3.021782628333856	22.566159897226978	47.659986282938924	22.501760239134818
-4.822614336632348	-3.963661764249813	2.677801894440725	-31.25500842092714	-2.439507284376996
4.151816052873654	-4.95195196796533	-0.21021731078650782	2.5930534360963957	-5.555552402268573
-3.388867084646612	1.8636374652273773	166.56896782442828	166.95428476326714	166.2915267760429
4.3999265000256536	4.354349438132987	0.12205640192984546	-8.563000031190068	0.2875708567863701
-1.3965674929747642	0.4520479550141001	22.847027486158105	35.99915441000606	23.990526893230722
-3.6656201030777567	-2.267768270009727	5.364126404982709	54.51853328506955	5.326258516269458
-3.6812220287467756	-0.6347057455659213	33.482351250075766	32.65157546817602	34.921044614237694
0.5469922730742462	-3.760833960781401	-0.23939556908664197	8.761757052224148	-5.918150567363797
2.3459284628354418	-1.4655514305009785	-0.5471926076761138	-24.38536859596858	-2.388896497640331
0.028704683411718612	3.4848774965147413	5.219774591064588	22.140867771862233	2.0932977252200105
4.135487453453077	0.7802662438677128	-0.5776443154573048	-27.581293991673014	-2.6007625104975647
-3.4298035069892174	2.6460522308721126	168.02303026235603	136.90303059978046	169.02468870686195
2.5707231738243843	2.4245292715897504	0.04174965930098016	-4.678574618806188	0.3815997657339384
4.364621966224647	-2.869614638069049	-0.3370265611296374	-46.231064866188454	4.318939163949366
-3.9713741991405827	-4.618919771334075	0.9989619290107792	-13.906134955783466	2.5445319094882537
-3.0092513522080475	0.016005494454840452	50.22470173629896	99.58491677854401	49.3141267755037
0.8213972345150538	3.103564623436318	1.9528583045437824	-16.891462562229446	2.833435048700081
2.5192353850099245	1.6598921826160007	-0.1011799989139003	12.393947818446648	0.05385239180387137
2.0042776856905213	2.8157207920635186	0.11117944808916827	62.278708282257504	-0.07748618738888391
1.6117428848939541	3.198979213015839	0.29198243437405225	22.157398928077022	1.1265214300308979
-1.8061904666454476	-4.438610222009341	0.07487318902870595	-7.004424191175911	-2.0137419926612443
-4.827984936018741	-3.939779570898655	2.73172829239316	-61.4194372545829	2.8570759433791544
0.2613477420840482	3.78524376171252	2.77573977544114	48.82690857714459	2.746179833181722
1.360032400199124	4.050959065748781	0.2651547779812455	-54.285794921390654	1.6167536534133622
-3.4501716621772327	3.391556658979024	125.86551541640301	109.64480239389223	123.12547363086122
-3.4052185149183654	-4.881460919604096	0.5334219126785548	16.08868950052351	0.396471016465869
-3.392497682039717	3.5271772966524892	108.13106350799353	145.28105697446802	108.93997014156211
1.5481486807529752	4.448156826685546	0.13135362880206883	14.109341112691329	-0.21115401349684257
1.3405609790506299	2.6961819193549434	0.7678475558491883	34.82094329263104	3.3794139907970346
1.071888337237164	-0.7894579855335904	-0.521743507237802	31.017107320432583	0.8243421001691822
-0.042737089810728435	4.2375209960674916	2.4632184801598913	-19.784171694940127	-4.357754183120132
-3.4984227920959254	-2.0238706396270367	6.104938827645066	9.505408937803157	6.586965969504121
3.109391814622672	-2.3167002297953543	-0.405831157736478	23.732416033298193	1.5351893505099488
-0.1540819469982635	4.579960795956202	1.8659691709868442	17.54415892538041	2.51011020527529
-2.767432165102879	-4.935844753641546	0.26443737917144156	25.24122444656805	-5.394421910147835
1.996701860638498	-2.94836250093375	-0.3338526510025297	17.471793803389325	-1.5029220409156772
-2.754857195148589	2.8395325113065564	104.50682920126697	87.04711075212346	107.04622751262828
1.284203930158406	-2.88277820406912	-0.3268156332418487	68.8125358389649	-0.035705036285952396
3.4861105263609975	0.8044755935098546	-0.6918454962828148	1.564266789158939	-1.7092455598651486
4.454729998150299	4.735056095958464	0.12078317798444498	-3.3667553378487103	-2.446251329365418
4.055668392854992	-0.9391088152355112	-0.6610679733875945	16.984635205365887	-17.561267974513118
-0.5385124423100516	-4.854937019889897	-0.14427722883894917	-34.22196295808467	2.6327704957603126
-4.43223188939835	2.940062047599512	283.02726055258296	265.453822286365	286.155227466654
-1.6630869308370286	2.9911482253459623	43.121231403738925	6.619191386861274	42.788666608312525
3.732197310092122	3.6245176182942362	-0.005512931096420972	-48.64810826448595	0.7984596448822397
-1.1459710545426125	-0.7810794761086424	3.511679990432741	-29.725532947013775	-7.475838230180342
0.15443602319777838	-0.8588013720289318	0.15580835172880525	-6.494922675503445	-32.42216671483651
-4.313627284613445	1.6560175809640203	285.6006329275059	300.884415310544	286.20883672285174
3.2747359034121466	-3.615818453818116	-0.2816485743114577	0.7645077068371802	1.0805390842530247
-4.659522891576534	-0.5501024641130332	65.03769493533268	18.311903891143274	66.13741209606994
-0.5364250586436832	-0.12594835969243068	4.2392258563465175	0.32802935690608326	4.191623827039103
4.26184595002667	4.868048243596494	0.09252869290813581	-92.7015948697676	0.714788002663104
4.948839272280779	-2.9276530197800232	-0.3134203133576553	-19.807531089077898	-2.6753525571046404
-3.795182165792399	3.358128699064615	159.06101223291176	170.88114755566224	160.09353047634065
0.4707891525241763	3.2433238567709513	3.2843105434235023	-23.389918024866923	2.589549011735128
3.208661688410123	4.22064758282721	0.017483487900528952	-6.433112458720461	1.1762637819861121
-1.6559279606974742	1.091615483669588	43.524389283380806	13.136351898139143	45.683574045611245
4.336707800419591	-0.23564532416539485	-0.7846239430827918	2.7297305725317744	-0.30850352366218425
-4.048256699872206	1.703193910009655	246.5098897374173	248.01335481302954	245.95304355557062
-2.2877387569321153	0.39460258162406614	46.06834144557508	29.510405070560612	45.398183910740116
0.6044622859855089	3.6783640223272904	1.8157468957112817	12.908706054867464	1.93478506792921
4.324509460878666	-3.272486097807766	-0.30331878555244923	14.897370127080025	-0.853054927084592
-1.8312661279887763	-3.230646174631746	0.4075658835357775	35.39498408435556	-0.012161545485060321
-3.4204242691076683	-2.4721365140216287	3.758177910611499	31.838973997424972	4.506548965431541
1.9012669750968234	4.821387206413455	0.07739831640325724	-1.4367444959266065	3.763198779071921
0.6363380278334887	4.036170311124266	1.1508138353090012	-11.98136368139071	-3.7773806272979193
-1.4777733810099845	0.36495884497871334	22.53238801124762	32.157692018056345	21.02115921474931
-0.8064287089239786	-2.91943411214573	0.014155994503418807	8.873248401666785	-3.3679233368608066
-4.2816409774291255	-0.18164399057456126	85.20793010337971	74.0810707850244	86.407610346867
0.5844350437955317	3.2615848339053226	2.697081405660374	65.35457154536007	2.4514886647533367
-1.012329020820558	3.9332995623407143	10.80727701133859	34.77752117276847	10.57420789796935
0.786277371128886	0.4531062612578838	0.6385403250415046	20.798366164689043	0.03951536715855075
-3.9794510986049945	2.8529077695610807	225.38064531779787	236.4557696996046	225.10324078771805
-2.731821992543737	0.8802451216738287	92.63332445401174	60.97483198025755	92.1980319408537
3.657906644322008	-1.0499888083770625	-0.6442438690927768	44.03194298005165	-1.0231906086293492
-2.52439198889438	2.1150794519777962	93.15792897718266	98.04195280374202	93.14633045330382
-4.1248470479084	3.4751773991876753	174.85244701589687	172.48023391404743	174.0422993454496
0.19104062180637804	2.4736666258255458	6.2322896457625285	-3.244409202965991	5.612160553741814
1.2114731202553806	4.9676312568914085	0.18139146190494695	-10.96456205378577	-1.9614426651103039
-4.988711075351443	-2.497105592594797	9.337074910333257	41.951525512540854	16.813155913936505
4.597122548819698	-1.6314154665439204	-0.4796362400454005	23.36825297936679	31.068799375432814
3.7468167797120344	-1.486724767216577	-0.5419759685332082	2.2610986558981625	3.4436900467090843
1.6271346610308823	3.825318364828469	0.1558786445903163	-4.579695640637275	0.3124402961660284
-2.324795297179633	2.443879999746649	80.11916952947551	78.76169265608625	80.1092704355757
2.988043539000466	3.285686916064119	-0.020606517290083223	22.006663919616663	-0.7859026158541914
-3.729581093741443	4.7381870503733765	31.026935286647902	-32.0309021646935	31.624323004920157
2.9649335894920137	1.1565438676890816	-0.4208230339195912	-10.081112301999344	-1.9445926311604675
-3.7185227743016727	3.3646897039512567	151.25512479424034	96.57211057786733	154.38128052632604
-1.2606787769233438	2.535914231728306	32.72104368916561	61.32743117284059	22.09912518962899
4.848563251575966	2.6336956158705194	1.1803965805337926	-13.780614640217202	1.3974156985166393
-3.465914647601329	-1.1724289082851902	15.090696044614667	19.740675793491086	13.878883237607813
-3.2784121059290383	0.04182346567047368	61.97156853012023	77.89955921881823	63.03868005294299
-3.4301373980096086	-4.092005006951963	0.9802471444904596	31.34591760173083	0.6450560490406445
3.5856574473225695	-1.981721378827391	-0.45354329613378186	-17.148874898207904	0.9702111986437835
1.268025417180075	4.439532224118647	0.2321087869001177	-44.148448622608925	2.8336145295175688
2.9998549897262254	-4.847925298991587	-0.21525280912508493	-26.940865948879193	-1.7553605461190218
0.16856795523973922	-4.590113257486431	-0.19270968918923279	32.816411164357014	-1.4307006814943117
-4.479802220359662	-1.753061626027094	14.527267770285343	72.63600727735896	14.899682430884685
0.6269235190704308	-3.4730837327376785	-0.2568561883134445	8.318726422482383	-1.627966619459559
1.2045833215261794	-2.619282738392105	-0.3469284543133367	36.71921060735022	-0.29809227571384783
-4.488055703337714	-3.290974618908419	3.6554349802815143	41.817881553205986	3.024481312941005
0.8869955895776558	1.038688909953109	1.3221843508155118	27.465072456071134	0.8593839627013816
-2.152025155830286	-3.4147186431110867	0.5140303144027891	-23.725264695453866	0.1532787162569338
3.360191132763843	-2.6547558933736095	-0.3653082754396711	-4.114802573896372	0.1557721632699915
-2.3728464096299637	2.6557029155641416	81.85044331479403	71.26213466320883	81.70490150695532
-3.0794626519332735	0.43599913199117424	84.57148024818672	95.57790524565513	83.18699698482214
-2.136216864357028	1.561002394340826	69.18323217962781	70.87738145594419	70.1441314996294
2.605634183711981	-1.9075309866259014	-0.4658317847961426	-14.422073282769546	-2.073204503127488
-4.62919209854518	-1.2276113835089477	27.98122628534375	70.81348624673933	20.899086722930655
-3.1052028541010426	-2.09599235188053	4.3299789358016305	-58.12165026396782	3.714408328249059
-3.2908537228240187	2.935867662154962	145.46446013008992	143.73034755459503	149.23685620308373
3.6444351886091546	4.426807464010887	0.03693253997436973	-7.924016539651477	0.5983180080386427
1.293823991359508	3.091804294581662	0.7340109542716834	-63.57309679782766	2.345074638279288
-1.4051875212208609	-0.9226797511499605	3.858691926182851	11.93168861560958	4.547815037815338
1.7365586703484137	1.0393370865986782	-0.2790709678230064	2.4249646881854283	41.24431173930906
4.911631591952869	-2.172455163675301	-0.3828294210348094	11.23661902203742	2.061734304426236
-3.837349051855483	-4.77343213221771	0.8149513460229579	-44.94601058752843	-4.56851305647555
4.9153329036875775	-0.8377967630891936	-0.524099106478675	-0.6086108111898488	0.3005731693337851
-1.5392598595215015	-4.278726791164809	0.029546113215846114	44.40320761803352	0.44226189770130064
1.4029554512805777	-3.78709382665701	-0.2645368051878928	32.01934445670316	0.7603822737591183
0.20718090285331847	2.053215554336303	6.093551802836216	-19.880906420716062	10.062566116985915
1.7818584816013052	2.501984071550135	0.25601084133985996	-21.169277781455058	0.7634581744929658
2.3525087423383546	-2.9820416521541624	-0.3320855389160729	16.592639139170263	0.2793777683475999
-0.3884427062787239	0.30874214180490966	6.326426440512797	33.061812710209956	12.958156673960172
-4.3343421621832405	-0.10658231631315118	96.54660715464429	122.8263784228125	101.0251977389247
1.0893775082977069	4.313473211005846	0.3694738548828019	33.82207611952107	3.303569572936211
-3.5976968975253376	1.9442119225243113	189.47035329956174	199.03492348108293	189.6554121881387
-1.482413553100237	0.8796397172987538	34.233990116892244	-1.9083890238156869	34.46190981780496
-2.303104195301422	-4.424801316003267	0.22697694384026734	14.958752493152081	-7.6057637195668715
-1.1458833515044198	-4.897781459209725	-0.08324688588506397	17.425352254585412	5.289292679378253
-2.2263264678210035	-3.9555834268070997	0.328477087888503	5.543602904832145	-0.9714213820857127
3.075939934993711	3.580273621702709	-0.02370314412060129	12.116862894449083	3.5979079296956944
3.2301186523955145	1.2569749715567085	-0.34447234235945234	-40.930128789639646	-0.11325709864015338
1.2736176689227658	0.7644061968817013	-0.004450237661503994	-48.29961962456017	-0.7387316467481235
-0.6329495464310595	0.8352696576590422	14.038126119083183	27.695464029636575	13.828254695801187
-0.8525074849685712	0.6848080193088792	16.178070725277113	20.787919824773024	14.78667955490637
-0.17726451167916935	0.3972213753624807	5.2339487130080276	-26.108521911978613	6.030845842696326
3.890449787746009	3.883217457840159	0.019242352222603808	-56.038070905878534	-1.0140073562947183
4.614103188842369	0.7730703266841399	-0.16542794180568535	-3.617488387956553	1.3919683119730257
1.3191224029220558	1.4521642737512046	0.5770163332073242	-42.994427675940955	-0.26872291385223734
-0.9036384855069759	4.752582429834929	3.498758512481801	53.20828981200691	3.1416370525972983
1.5548739966205671	4.227458271652791	0.1439535416813035	36.51357801724656	1.1254858950523217
-3.67699750195655	-4.1216448968015085	1.1549608875390356	4.55533433934264	1.1078075683527646
-2.4421592805480916	-4.615036249423365	0.23025524248273743	27.54630368311972	0.90328398883358
1.821400324603733	4.7872356671909415	0.0831693196500424	-72.98080758119258	-0.4051711751784004
-0.618230658629269	-1.0397292812022418	1.1481155298309806	-15.419976853140085	1.0476178581242035
2.894899244850457	-1.3493053711741556	-0.5736452886636191	-13.175272417313833	0.7573754693755229
-2.8556572924883996	-4.860039053960494	0.31374805960196583	-11.176639589224644	-0.9429949135102534
4.220496930957545	-1.623675341950328	-0.5043423912825378	-14.169385812721497	0.16624457774773127
-2.602865835202528	-4.434260524441069	0.33761124621953464	-83.38136435412612	0.3541426373710487
-2.2680691379095475	-3.5935357214659835	0.49563902604752824	56.26813292938382	1.6885092239755501
0.8312883782586251	-1.6522214653382994	-0.3933315212252586	11.947359186646814	-1.562776580131009
-2.4388241061757987	-4.813729354584813	0.18738560655911782	40.63178932442417	0.1836055254724126
4.069475799397267	3.001208167015868	0.11876782292364273	36.74790323179794	-1.1852717452913561
0.1570689650663759	2.6724004874112524	6.4300912135129975	14.996431894605276	7.7707545573231185
4.671627284718747	0.09975507128438288	-0.594067353715674	27.207757512599095	1.3172277025626615
-4.39202416624733	-3.38522327917583	3.2099718406305375	38.981408430738924	3.571321565403503
-3.57860059619165	-0.916885871112882	22.051355093950335	26.461777378558846	21.64271062421066
-1.3338801410925982	3.767756756983422	17.832563515180812	31.83628344934225	19.573296209200183
1.462282009570858	0.3597210379732001	-0.5901822468872419	-14.357302802572919	-17.436897428496888
-2.9956047790718108	3.6733376346306166	72.41114251963461	82.84084994511788	73.75101040243327
-3.083289302632868	4.614157287215235	24.198233897716896	-6.45923752673454	25.306618005364264
-0.16780848845444574	-0.7921312736198525	0.7058978893525395	18.00031011022477	-0.0018648942516618083
-3.751503651560666	3.0585149400782257	184.59853622956723	200.9804333921802	176.92213206428474
2.1549578163953633	-2.304934610579936	-0.4059343242921503	-39.48267789659869	0.5104040281021835
-0.18165723494961572	-2.740385866236875	-0.15718388326816282	11.102183572047371	-2.7992265943559174
-1.3170614849880211	-2.938054222462129	0.23800588646225512	35.9964383258276	2.4098504142681865
4.834169853490135	-3.8709522342642364	-0.2555730289118514	-17.6786479914619	-0.43197871533169846
-3.3222845840567916	1.2506467632633615	154.5371264930058	134.8328623214117	153.9743739385519
2.212421463668516	0.680610047418508	-0.7500323010347032	-25.457597524709357	1.2650824494414648
-1.1291026599428022	-2.1021047930133543	0.555920466132158	0.004764710093220104	0.2571067949578964
-3.2565183360833814	4.239735485234506	43.59293022274556	-9.457544914359225	44.427823677126305
-4.0025054421583075	-0.8447580567729895	31.148766449772634	55.64525294220393	31.08388062822003
-2.606219280827343	-3.0678374959019115	1.1506367064389478	0.11437510851521338	1.739827189439504
3.457226163503547	3.4469988921002575	-0.02182842915375917	34.83263475142236	-0.4057969748508954
-3.42087478639451	-1.5158939581119912	9.90215571259396	10.630774157766167	7.207974446318872
-1.8497940371872277	1.9491376591352862	55.31040365308195	97.41049470244275	55.25101267832301
0.8082396382376187	2.6338058177449364	2.302220114794284	-59.34695811867644	2.8034255939511294
-0.37084058733424996	-1.3787523352073636	0.35297361508628244	-40.235772891647756	11.877517081565657
0.22245771114439883	-0.2156041830297788	0.8646760366599496	29.06932578264966	2.808439891985004
4.368523590942875	-3.2650308610982193	-0.3033464879071842	-10.04740106974599	-8.88931454687937
1.2469568218028169	1.9206130096487701	0.9266096762106256	-15.289937280712918	-0.27955734718014325
3.1714903376723473	-1.9838476480353506	-0.4536552784002169	11.752465284441437	-0.7503677925983685
4.820884119816389	-4.733050603569175	-0.21485439066868792	-35.89877016148142	1.2229786785734884
-0.48075052378337624	2.7543206246410676	14.240857275454507	44.921127468127494	13.685682565291149
2.4881698549254843	1.682424480107164	-0.09001985253978045	21.638806506736405	-0.9498279744222022
1.0123968969245754	0.5318378132713253	0.20753011005586408	3.7456291993196538	5.739205738227023
4.007783928585285	-0.6327682640115704	-0.7455801453987438	-1.619574407314647	-0.6432727810389378
-3.0373243807786956	1.5865189943955746	132.32720077819513	105.65806606855048	132.31289466726366
3.0816376703082486	-2.9009014418833146	-0.340042083873685	-54.75182887126972	-0.363152539607044
2.6639168904505865	-1.7547614370153997	-0.49208122566047485	7.564631164285873	-2.2953109134894794
2.300294108723742	3.922267520893861	0.004307505239818762	34.43411728846848	-1.0426973916823303
4.904255000882555	4.352432091333478	0.35127848412305374	-26.106895079730087	0.767910968469609
4.471093089303174	-2.0204069184286055	-0.4306979578283158	-42.43436810617179	-2.220473012678285
3.877392767292216	-1.833796873914534	-0.475678266430293	-27.22931372342607	-0.20651397308573838
-4.8797386100346145	4.008320467746106	146.76531782149925	111.24386055970388	147.36023976928382
3.8088947114142933	0.8060842935959824	-0.659736673755358	-37.12871979734731	-1.3693319189506554
0.1500219711555939	-1.0873053517203868	0.01762530915855556	24.848629165647164	-16.456689336000505
-1.6658077348003442	-1.9896759982729018	1.3467311557109674	-41.71766258583401	2.2758974904778624
3.383676133245716	-1.2183756900849243	-0.6038578720685714	1.344796633313628	-0.5917790932894312
-3.0518159230927577	-2.3030979557631373	3.3936841647595726	-52.514452852048265	2.016547007470984
1.0460806701324268	-1.2627956822526363	-0.47531718290258146	-6.665056203406199	-6.011112525545057
-4.307978491024929	-0.3786976041404069	67.04870673325463	51.77923044780433	67.6938533323617
4.1038999653377	-0.9200227546217228	-0.6630129525508405	13.090465891479672	-7.216373594030361
-1.3491303398480081	-3.714597902049943	0.05736992497726565	17.236066164965298	1.0292147149193853
4.829461302258331	-2.66060575662899	-0.3414547621873332	-4.467693225101387	0.20336454051566727
-3.1928602195213953	-3.824338011545306	0.9992065017773335	-14.512291665005055	0.45105221198046075
0.9539992289293302	-3.956986399817659	-0.2460028645643579	-3.006812888224794	0.24954985421006368
-2.673110950454556	1.3951336394062626	101.96447734103656	121.8510568675554	103.31796980652872
-0.6594771457021107	0.28554841083007076	8.693964826807008	-8.741869364844984	15.101539345978217
-0.5472085309492938	1.8026241008707782	15.778078779071102	8.023660725512096	16.136728025701203
1.2334990211522587	-2.491035141134498	-0.36068235026841355	46.82146944354759	-1.0825073840850543
2.83527881444949	-3.116310511414077	-0.32031703431508063	7.21882134897397	2.336694841584162
2.831994134934323	4.29739592735244	0.023435849761663807	26.839363550347695	-2.104256617075774
0.3541661289977647	4.751956070104891	0.7814130117626295	55.51406984023043	-0.7433991023018254
-1.8151331806292434	1.4457229954881123	53.036138319788535	-2.548267915719478	52.960442287183795
0.26626399599659933	4.915595089237959	0.7410983240257071	-26.7610779002817	-12.716022353915495
-3.7789324306416203	-0.9217437783751201	24.801328466966712	32.93285324296368	24.1094038405004
1.860198502110495	-2.2573936869407896	-0.40873809718098353	24.048586720348965	-7.018818787809153
0.10504098878075219	-1.8259837550494575	-0.16646559071506714	13.583826020810253	2.304320616663275
4.707847715460813	-1.080107790514837	-0.5533276738103554	18.139102180985475	1.5910380873724668
-4.953308598160181	3.4977024383526416	266.1624648551691	262.33480855653147	267.00015643928094
4.072522784623313	1.6249369189932104	0.009810364487936173	-17.346974795650308	-1.1579763941499726
0.1973163743778379	-4.35948654800481	-0.20025241427469936	-7.128945856576837	-2.825795242144153
4.067207896659797	2.6152250821301495	0.160202480733438	40.036193589402565	-0.8184579181563445
1.3273741665945629	-3.3574432006943455	-0.2911491645125344	4.832458328536173	-0.4043481609652809
-4.24810752495647	0.9893697119805358	249.36741210208072	265.8785864394196	249.7054456774145
3.608896683908572	4.498667659112597	0.04093171233263085	-17.343829544891502	0.3003134079984784
-0.4827818801154704	-0.014754011811433543	4.635872266736335	-28.046764849283598	5.279749817748916
-1.9851836324053131	-3.257964981803002	0.4892179965561162	-15.002143816549227	-0.7155840303042612
-0.17762178038656895	2.854252076687688	9.693560595221383	-17.370593326190857	10.435672242831945
0.5994310052645453	2.2551094828129523	3.35264533004895	14.570625873095945	3.931739171736275
-4.361599129579027	3.5871494268137862	179.6517486487271	182.94016531749085	178.51905446038478
1.2386774906872677	3.474844973063375	0.6283346438940733	51.73842217500989	-1.3505189554290147
1.7936565564559999	2.0657631831592935	0.22366269825196816	21.851112937640558	3.53202180421942
-2.714157399688336	-1.760593025546735	4.585745551484244	-8.29385353162775	5.919087740712443
4.826630273666106	1.076149565459784	0.553299090399157	32.826470858031335	1.4976465089929596
-1.9622052957203993	1.666057841080434	60.4524365413207	136.0488285924489	74.29407674807678
1.9217029437428401	-0.45733391563679415	-0.7859266892008399	48.41627986397709	-0.1094262390539813
-2.09123573612397	3.655001695517605	38.36685268544199	35.31170372865904	37.72665623394473
3.036892058362037	2.3287115290567595	0.03683587387981233	-29.174615364746458	0.9448468036378693
-0.22683512627035007	-3.1184372145586705	-0.16443814298464982	-10.760771116150742	0.35868235222502826
4.428198620173774	1.9987219263376588	0.41580243105803916	5.393973048840375	0.4119509042548874
-4.934106916255351	3.4691327116517137	270.3106721569104	310.0922083109581	273.6908053829169
-3.566582383566855	2.0473511475403825	185.94219095320773	234.16165729355646	186.58176101092386
3.9179990186360882	-4.072084870913133	-0.25260733897919896	26.64095687586732	-1.304567257278271
-0.40103226215527865	4.275576885594322	3.656078318836602	32.846131537476175	8.382140100927108
-3.1424238663124404	-0.6004360277035694	24.770787014878906	0.005255131246045153	24.434788482899286
1.0165010185370624	-4.770186055973372	-0.21123004853881983	-59.74375942550281	-7.670651380578853
-0.5798325308164856	-2.2346053071489003	0.07850968836652948	-26.909490241922946	0.156514335309404
-2.918245311677622	-2.081063043967598	3.829955509417125	-10.105950064864858	3.9041845500591186
2.389941499981509	-4.244074635389064	-0.24361923414064685	49.108278754360654	-0.5834704875499317
-0.20368585981908005	-4.614553283625581	-0.17073870268302788	34.128283708305936	-0.5236549446303287
3.3323438821617284	2.842082370165583	0.015822333722769512	31.597517607178958	1.4256555406899376
1.2036536661597195	2.130840231442149	1.0624877895934692	25.427815327223364	5.96069028785935
-0.41911688129626956	2.3934803008270302	13.672018800249383	-13.680513850066848	14.475078769106162
4.5840309181820125	-2.118426089961689	-0.41210526514327306	-36.132300089664675	1.118763380953992
-1.0948383210511317	1.3567721374267583	27.36771067958583	32.141776427490576	26.417340172644437
1.6285062766295413	-4.269160652838674	-0.24011436509992626	23.9783004459915	-0.4188555166192638
1.714217624072055	1.5371327354286688	0.10606812976606285	16.41282869945077	0.3502327666212625
1.970573433632742	3.30269146440121	0.06584298865751378	-17.187623109946745	1.4622490374990722
-2.1613039420337046	3.4585272427219618	48.830097150000995	70.61346060099747	49.396767822063524
-4.8254250149208815	1.2589102089681168	363.67691274458497	320.57196861108434	364.04987968885314
1.6873196734431586	-2.2665136032078212	-0.4037951944892973	28.485385009435202	-1.4578707334504926
-4.436705955101362	-1.7947097440164503	13.586841569941216	5.781920464549146	13.65224173565855
1.8875841753195646	-3.1093061767891985	-0.318712759786283	22.937131702992748	-2.6953919566244227
-2.8871909657529358	4.852894233850185	15.814559904915617	49.99824071301295	18.071494733899865
-4.602445678225811	2.6887668200013586	326.7263696977904	325.2024802835227	326.15212079641
-0.9490984270564784	3.151122491271156	20.676366293546266	-4.791427681164084	21.076430005714922
1.5150944854649726	0.08718657981606004	-0.7242895492171529	38.4647938236235	-0.9263312785179059
2.76601368168349	-1.9667093967375937	-0.4563573600476543	-53.594452409670104	-1.0314111534483927
-1.7871873123578252	-0.7495778307774215	7.091358165889578	71.78485060645431	13.023308686363773
-2.833049096588743	0.4017228000292148	69.14930125749201	101.23233135643939	72.44106720689729
1.7914595492495735	1.2288562577479922	-0.15951720463432068	28.067851213580386	1.0873346706257956
2.7292340937023614	0.028209702320692642	-0.9264261170620519	8.126254226423319	-0.6415220463173243
0.9714689620858099	1.2902123187669794	1.330642089552133	-17.783495044542814	0.8554907999788942
4.1222011020316955	-3.843004033765739	-0.26540473912343293	-5.987306279295034	-0.22770015273485303
-1.768215879271989	-3.7322471090360665	0.20053931587351148	15.034339185150847	0.12682425616256543
-2.4683316012083765	1.771299104643818	89.32978497130539	53.2155426440541	89.51462110736664
4.45706775907883	-1.2534013205480088	-0.5587725662084585	6.8166561775723205	-1.9100621405144245
1.5761605882164158	4.720685357171556	0.11550693339124203	-12.955076237895476	0.92171656712828
-2.2311596385875356	1.4270977628367332	73.85700906533361	108.28411277614808	73.49676616611228
0.06042205647384424	-4.794542923913241	-0.18264438658405366	-9.96259635838227	-0.24250090149770698
3.7930559100918764	-0.4157497256404099	-0.8180614787688697	-3.7388827377461804	8.546976488750042
0.7181281141963138	4.475534360358836	0.6066406292512461	14.584215945986928	1.3287773655769604
2.5560634089693792	-1.815225609650576	-0.48132233042618683	-31.878522028519125	-0.6860598989043635
-3.4335860532763496	4.025143541467189	63.88054875517404	76.13076600136249	64.5090694784609
-3.29713043580281	2.928474750807373	146.37216615158746	142.28818825854725	146.81608203963296
-4.471955854241012	-1.9490498050219829	11.851061094455048	-20.49626036242092	12.168896342112847
-3.203940329440104	1.2481546878393228	143.2011726631906	142.28622856684677	144.09973068805618
-0.42724986426920886	4.490103562034394	2.8853426450363404	38.81733696487921	3.3396439936478837
2.0806925588182086	0.1323908012053545	-0.9022431785014363	-15.26779040815568	-1.2753139950969627
-3.212537043440127	1.5659887404693311	148.28453593854346	140.40912097167003	148.87342410177365
-0.7100591556797369	2.528068009905753	18.836462154828194	27.712050517115102	13.907808209310724
-1.494125841506829	-2.556688147828061	0.5483997637106768	-22.419806901174976	-2.1021138793366227
-2.181806877217729	3.034649114992675	64.68242099306036	79.08682687672292	64.893575402546
-1.0890391483711062	0.3304653531269359	14.81272900657993	20.76019757123602	15.052174163084556
-3.0972049293963577	-3.3802692058734882	1.3311006483901673	1.778889392369977	0.5542305166433489
-3.630189853442264	-4.834042668108874	0.6660372276966828	26.28390843854447	-0.494077247613796
-0.6674428135414887	1.1655212400535024	16.84011253582514	-13.584555725870494	16.219637288441906
4.168290608529249	0.8870115799491805	-0.47318570598571635	32.6402906749776	0.8695762377503058
-3.35939200703781	-4.20155542229693	0.852354932074272	35.08998142220725	0.6233850169767214
3.2838072688645212	-0.797727258166371	-0.7151964459027877	58.25523847817863	2.275559836691566
2.741127223284301	2.1591625072308744	0.02508338483907251	16.812687487702316	0.23430529588067628
1.3675956891448946	1.7768840071812564	0.64925696579266	-45.32858778570707	0.9479987524416023
-3.4660528578524175	-4.962121753965512	0.5303194960535493	-65.53308681012115	-2.9917610520919236
0.20370099444785073	-2.212973396293166	-0.23169643748379912	2.135310901085512	5.030062858675187
-0.8720405414615415	2.129865341599717	22.498591856394032	50.15402097102668	22.847881965324618
-1.4300030817434406	-2.0876573058881656	0.8940015801577547	-2.6658257316985563	0.4285057038012422
-1.9762780984317816	0.058745789112919056	24.408543976408783	19.853203367527666	23.570386150508355
-1.35269670426546	4.008490375979893	13.662737018424702	47.242400954798846	13.369760544298487
-1.1523870854812337	-4.729885744981617	-0.07608860104949507	-1.463201908371951	-0.816401795249208
1.9058618291215934	-4.0615924097702125	-0.25266832390029864	14.119250762528564	1.2216631056551797
-4.955670587256767	3.9156911769097302	170.69299333681795	169.5280824202739	101.10356186354234
4.744132011280827	-1.6603112254617116	-0.4606832265706177	-52.93977543612161	-33.314216243016475
-2.6885166485005563	4.428255043823851	23.423186097198176	59.65803679881668	26.379269787867084
-4.936925188858675	0.4668085236574262	254.71480256304594	299.66715064733154	255.36806750503624
-2.5004975210123535	0.1301949824063895	40.256486499994146	92.00193174930286	60.942715203457254
-1.5702050115392332	1.6707513980371216	43.47270461759229	47.90660854539903	42.5690591325455
-3.798008226170011	-3.076409843257811	2.844357876837652	58.367807275850666	5.09456948936374
-3.4823876261274513	3.564939766669596	110.3533867534927	92.05285055305586	110.02608810633006
-0.6738300996253885	2.8773125007940026	17.209559939951735	55.11389740586914	15.69358231289161
1.1053395974768758	-2.5248259998200515	-0.3500273566959543	10.864022295536914	-3.415480286921692
-3.4400565337225286	2.35671491754778	171.77157530696348	256.546537812732	170.47016308366804
4.076744568193245	2.3826323075234415	0.17225294846887207	-8.239941716031725	1.002990920824847
3.8416403063200573	-2.765940739905657	-0.35256705840985836	10.129384382713662	-0.498900690785505
-2.4181198175323217	4.242803599855694	24.430299056304186	28.623564312821706	22.866675034157353
2.690367900525975	1.6729032147816545	-0.09998313409804623	-19.856748963008084	-0.7618926316137112
-1.1948328976034075	2.2995546108907705	30.97485229553601	-2.7885269654363825	31.24327552162611
1.5694266988640484	4.997252554139173	0.11199268711017321	5.935147984286123	4.583006434623708
0.6308166487861762	1.8123603162145816	3.101474639238098	-8.21876743730128	-1.262829026090904
-1.6678478758260393	-0.7636404962691863	6.222377966135538	86.98291593223165	5.1174823244166525
2.904384970505932	-4.523941949144134	-0.22970198203545442	-5.86162720047477	0.27947570486422024
-1.7609820698832301	4.078625116678111	17.92805938346203	16.684662654142183	17.079037617057253
-1.0400434712935347	-2.263692488087555	0.3695723119601423	26.474610280386937	1.603839910354512
-0.9632179300374002	2.1731464035311028	24.695222514426632	7.485256623254973	23.00500016173606
-1.3843494340371656	-2.8097246599209025	0.32874948092576656	-32.458622958503376	0.3177060282466434
3.15491544453055	1.9850205361273323	-0.0030059499605562907	-0.28358167365129133	-0.006976922717054873
1.935853203091873	2.310882163028859	0.16426816237302072	-13.675408213287586	-1.2694697769734595
-2.798499402220246	3.7406022759039708	58.925961615424626	19.932825415951797	48.68476076317164
-2.283221039373916	4.844286723478845	10.385123725251479	19.375277986561983	9.76426919618334
0.6302439681574192	-3.6085145878577407	-0.2506042551485868	-3.934594857409025	1.4120562952502989
-3.1273293903749053	3.404100838684558	101.4794868992201	87.71195031476633	97.97320229042613
-1.297800983147396	-0.018940665011658808	11.898868381168516	52.68490122779011	12.740964514807766
3.6831432477279016	-2.97783274807889	-0.3324078728160919	2.1093041154566157	-1.2054325854484582
-0.31975066534700325	-1.6849317739444358	0.11993986308862618	-58.942292654081186	0.6498035081986968
-2.792108787046975	4.714549856102332	17.555954919114054	-12.49900975343651	18.52225445055751
2.571351571225888	1.417678090388251	-0.23189792296253922	13.437955463955925	-3.521227264397627
1.0831703190452515	2.4827243163338526	1.380392170880893	40.10809987564974	-0.7855682716055976
-0.32900138780863664	-4.102860148142175	-0.1634894133765754	-24.855906576745223	-2.368388182277012
2.3851763007480473	3.5937750686426373	-0.014681212046080127	-33.59714334778092	1.0156283123440544
-2.3336934187992995	4.050206065194299	29.254368788658265	67.77718408210124	32.59417608265274
-0.7213556292248917	1.4697424085199398	18.823929517011916	6.14806109642808	17.296994102037374
2.118590878174274	-0.6979537986971929	-0.7346010213700991	-20.456201094416755	-1.9384376691036302
2.764691134207559	-2.9349167946805688	-0.3367815436966923	-38.16027283853232	-0.5985708736597103
2.7732455864759427	-3.591522440325008	-0.28333484779838203	-54.05044391820048	17.580607935612598
1.3306944768842754E-4	4.222543320510278	2.3717684142567586	31.21999966324569	0.7716253774148385
1.3341934333703573	-0.2600925917259218	-0.6563448402902771	-24.87096440592224	-1.2711926650503327
-4.618790246059464	-2.8284352195964124	5.73979998904599	16.573414511300683	5.3507058128787
-0.9078732086293897	1.9214650100992774	23.30409439291657	-33.6115776708282	22.472882939462842
0.8678486642555194	4.069677184109043	0.7344549792381143	-32.943172781257076	1.512215827597416
-0.8897824606852565	-1.8786266245573557	0.4980303982908821	-13.417262546847159	-0.8322407778466239
-1.1296898928822219	-0.7138436224219156	3.7878479353377617	-3.7100374867164363	4.36809090680655
-3.4520814300664537	-1.6403062785026656	8.823434059736908	29.699817653345097	7.371116436961018
-0.5717457167334228	4.988555915233912	1.8783922328148872	-27.52190129742192	1.3795562958505319
1.1429415415647597	1.3521516529742872	0.8909625120379668	-26.716192260710198	0.7594766418899318
-1.6170274167988987	-0.483451472543762	8.651941049578275	-29.693678807948025	7.153612339090936
-2.1265582099895584	-1.3911662724294152	4.291323673721723	19.856412846845856	14.22752317172317
4.776733585858047	-3.9861587390465014	-0.2503842917987997	-14.675942398832774	-0.1246670721986157
-4.613100886573335	-3.224882602189557	4.136732726620651	3.8051519328740735	3.668997545730393
3.8088940397384192	-0.162243389601878	-0.8798742753825917	-0.8949992630638995	-6.6609743879291505
-3.0908682940362753	-0.46771817684333605	28.419218484305148	18.26637517504588	28.19341508633521
-3.663372026131373	-2.622599719576373	3.856067536268958	26.978776943804387	4.468685122619389
-4.963658697687064	-2.232181671456739	11.740864198534448	57.66709791750528	15.263251855638966
-2.871169072919365	2.0851642071861107	118.83670121827707	91.45816324041354	118.0210632666666
0.06502901490097113	-1.8194565753589864	-0.14774861495878497	11.68667563480498	18.252108659024653
1.864961545462731	-4.237359020834704	-0.24297589045915086	29.888585902902264	-1.7312324748500518
1.3290872076185956	-3.9968108817254997	-0.25147932108845034	70.5527775129866	1.167320231827777
-2.783718120126263	4.440853870803082	24.63010034744431	47.35907804841724	20.10151267199968
2.390316414042932	-2.8947688964830585	-0.34039840400123417	41.99035573250819	-7.966928364115459
-0.7448376099529703	-1.44396093475922	0.7522445099307101	38.46124381543334	1.3055344024928948
3.868073387886458	-1.6187150632708014	-0.5143348539895675	-4.6216653909063865	-1.4725241067414103
2.9088250978155745	-3.453965183619967	-0.29322160529506763	-66.02613555665226	0.496102859663819
2.195711222662288	3.035487436829028	0.034351778720616906	8.031678913977997	0.856736959819944
-0.7929077129001669	-0.5213273554099116	3.3090734385544396	-5.323137911660674	3.4168009053972344
-1.3440817582399145	-0.8601511924687966	3.932102264761515	-3.509330723177906	-15.043927101146295
-2.330578892951892	1.8723839181669666	80.70887044570644	112.23019673255878	83.09391863471598
0.6740276495094051	-4.325350607769219	-0.2213109986541592	-33.48567088905352	0.7254556560101932
-1.665299961729473	0.4805700871371501	30.022518206632935	9.529615618758132	29.23294647615748
-3.4621909981973022	0.15152405653344125	79.52158461086353	132.77011300929664	93.15655916323601
1.6579927229017253	-1.5148920540281576	-0.5181872182489166	13.542641646252454	-1.622856037357106
-4.5357815504076555	-4.125037736079591	2.0249587533265587	-51.23068704025724	1.8547460034483199
4.781608930987591	-2.7193081702643394	-0.3384875348425176	10.616966887798615	6.23740985486796
-2.7519718927784744	4.915524952488067	13.369935784591123	70.51115663099841	-27.098527251143267
-0.4664020537369371	1.830544100473741	14.394109832874024	17.39869338656784	11.736230989244419
-0.3957863509532977	4.948160153668251	1.618078537409115	57.45463633634685	5.704472131024597
0.9149499121479456	-1.5646493229882852	-0.4178464508101868	-23.081552873203133	-2.6599178353212083
-3.244569754639693	4.251577933536481	42.612169252157074	22.28368198370269	42.405187928876046
4.807503665475162	-4.31889269860434	-0.2331595117809806	-14.187410676450027	-0.5409189229788743
-0.18213786684514943	-0.6302792103177248	1.007935400004194	-23.76993571099538	0.7410278409230909
0.1677565580615914	0.3178911426557338	2.6509982841600213	-10.303261319017107	2.3627124666130057
-1.8968203990637713	4.203945403217244	17.13177270515333	-5.374762003906842	16.714800086970836
4.067477907698185	-0.12959953162077742	-0.8579056493418739	26.686085021358974	5.015090139601863
0.5812957879069032	-2.3653883969806255	-0.3078245046216231	30.399341047533408	-5.965662289618687
-2.399769188478902	2.8924326157382314	79.95502606683618	42.715935860917824	80.50780316114215
-1.5619347660992067	-0.8366537968945789	5.090039810709082	-20.371954842102696	5.552243304097757
-3.1063921589127075	-4.048702931889409	0.7765390565669161	5.334012935814874	0.5127935669902409
2.9140216176339244	-1.4776628360311097	-0.5458374007441111	26.411035148418087	-0.2918695692848558
-3.7498068865217093	3.6644941378871145	117.41032928080934	136.83868576319696	116.9732269034964
-2.5752978867559015	-4.285418010933415	0.37358094063503816	-4.200123629468044	1.744687062745588
-0.21403924982480405	4.409809559836651	2.4724120801867686	10.971614962074788	-1.8727481666931256
-0.6599383963884522	2.5290991611690092	17.839839497487354	18.32850977618412	18.738188622465035
3.8430302960402365	-0.30868853814028174	-0.8437480572876369	-52.978049436322365	-4.241217299607257
4.739933566953649	-4.782313774057808	-0.21372919646069602	-5.858167029880349	1.2883582829758349
4.924396005379917	-0.4324415482553965	-0.5175273649398147	2.7840426540568997	-1.2913982398757131
-1.0355555404341965	0.7248862529456437	20.225498000931328	3.745040051021796	21.093276802062036
-3.068547296401458	0.034658887435062624	53.4979642745938	0.3364391410441101	52.787646677671646
-3.157255014872785	-4.369594599821403	0.6306657162336156	4.01675860277477	1.838193119800041
-2.9191542294341	0.8056497143853294	101.30406258940445	115.55696148376938	105.06243796041187
-0.8896290883755338	-2.206700167266175	0.28762106058753906	7.006855601834223	0.19675969237002155
2.0353730892401476	3.538987662746621	0.030969956836031234	19.38764991381504	0.86534701059127
-4.284995091020178	-4.420174485568063	1.4133725384701026	19.730891196010592	2.5066545750823908
4.504371351991875	1.2427786163749914	0.14067479108769376	1.5945854116726066	6.117022419432573
2.4623568821631414	-1.4880662913764908	-0.5431394597137101	-7.4817048903708745	-4.505889529605778
-4.147778788054723	-0.6823040943273373	41.51278405006125	26.327213405466242	43.372586247058884
4.7683413310876706	-3.809043779624032	-0.26037653134703564	5.776937685517775	-0.6582496325048324
2.09931181498657	-2.499632643973854	-0.38145512642810037	17.56535835022065	0.24454359336450932
1.1606731503513767	-0.5688817162560706	-0.5684932407276615	80.75533927713867	1.2514554564910658
-0.8919962240057346	-0.16966062528711312	6.243050882998476	-43.988476087550744	5.410757895449775
-0.3875298408270753	-1.3199133776794438	0.4212563403561898	36.61837969520584	0.106107723744367
-2.283163981483379	-3.3124470104790724	0.6619456228212512	65.93954878976973	1.100626312564825
1.7923892216092572	0.008839265407200259	-0.8415631337047099	14.481919022949057	-2.0486872387084776
1.1194253517224597	-1.0664021795490153	-0.5148385639663994	27.887561016774708	1.7900182200122559
3.880285829440531	-1.7792763077424034	-0.4849766241128854	-15.125070448702067	-0.4859164609201104
4.880208659017448	-0.7611649590656384	-0.5423506403362108	-1.353883596207782	-2.2191373135045156
-2.275661734853758	-0.0403521772811839	27.426493396647803	2.628737859128382	27.018378199960473
4.637380887620411	-0.21119084724172144	-0.6699115729416142	-24.472346460960726	-1.396181838172165
2.805025880870412	-2.9100749807379223	-0.3391562957576827	33.68076796438082	-4.784733143371563
-2.235912193355021	-1.2628013758319199	5.500251643410419	52.42382934807479	4.796503973603065
-2.276688179631803	2.0753721460699044	77.53886748992304	120.86543817988358	77.12277501747214
3.042132845215326	0.008881908007129624	-0.9242586757766218	17.40829532582937	-2.9121129114897557
-0.25517448855354097	2.602841676742459	11.114521463205802	-4.060081303634805	-97.0619919120046
-3.2518398705235443	2.355521493527039	152.56159428841175	108.97397033684628	145.83380605004243
2.308799864725656	2.275441591271864	0.05720992458089719	31.8686834052864	-1.0077995527191852
4.460484535306486	3.927402051245373	0.1857111809636245	3.7622712480152165	0.6057252300937421
3.34996968089475	-2.156720720316425	-0.4276733985808994	12.367395218865827	-0.291530303707259
-4.634568487664419	-1.950918476448238	12.934123037418923	-26.96050700424889	11.572185313041917
1.7835856143415256	1.144640141776554	-0.222305215982318	-13.710295063343294	5.943532364291625
-0.12473425827135465	4.372743927048225	2.315551895540258	1.318465134740102	-9.390926101860748
-4.43183920743084	-4.301906016048287	1.681309330772822	-13.101750033627255	278.58239065321175
1.9654820224851033	-2.8680256985625996	-0.3412377186837185	26.251838143640978	1.30042358924268
2.387510873508697	3.716096720958193	-0.011147354215280328	-11.103336899107964	-0.3584820467291479
4.797436176245824	-1.1700025548088089	-0.5217476210179991	-17.01355743667133	-0.8547862373206171
3.1831089975161664	-0.7967669355729825	-0.7155464419308687	-8.165849118380116	-2.015034061776213
1.9130007681936947	3.3702551719837768	0.07959880926153189	55.46638721876828	-1.556624172555165
-0.48027757801714266	-3.242670837594057	-0.1180097137212891	2.0510444461305712	2.0187436019867393
-3.428872455384704	-2.62647324621574	3.2804357171740035	-23.16048488111346	-0.5311361081315398
-1.9182385602765493	3.7092334712715775	31.548820843522858	25.24925655772843	30.182952628611773
-1.3580903230739718	2.2246162379715626	36.094952736983785	52.66466419316026	38.59628632769876
-0.525288692646769	-4.682848469128312	-0.1453485507507216	-6.241504572508637	-0.8679080465594957
1.8819299909415825	2.2529710704006067	0.18920742880692423	17.052456540325675	2.986587311321854
3.9454823284615195	-1.1260087951519768	-0.6191623509043391	42.81903766359229	-1.4427026614670608
4.3853931547732525	-3.6245869715622225	-0.277406912547185	-22.45868983493771	-0.671701958788238
3.6374602252823625	2.79125765301428	0.035101233573708215	-5.311542868699134	-2.8156298944103852
1.538739900564181	1.515498975032365	0.27572736013339744	34.73022614411715	4.898798965651421
-0.43950617627056854	0.9906133439750606	12.126196867197388	46.876489203477945	131.8956380480536
3.902140642215967	-3.837147991701978	-0.26655406544907234	20.007790066857936	22.57262142570225
1.5830088432408758	1.2642956914853896	0.05228023746468178	8.932858965777028	0.3993579227707015
2.099478032348488	1.5471325723537488	-0.0952250973230136	19.831719153649548	-0.48537289606275
1.4428937185331412	-1.3418337614129818	-0.5316897800823894	-11.682641979405915	0.14338371975330932
-2.9808804506224384	-3.9248483698681214	0.7682764096042742	-65.05520383334948	0.2938285444329256
2.0257500898599536	1.3862416296092022	-0.1664290260296042	2.1340161598034673	-0.843783194835642
-3.5890057099286587	-4.084051717730067	1.113233486571855	-7.968731433515106	1.102624663894206
0.9735602765366487	-2.69686896906842	-0.32683353556112793	-42.39727740777289	-0.1057361614751085
-1.6888119554483727	0.9174895171891917	41.88707158549419	54.10852570478025	42.1434973061235
3.063771959393259	3.54089089604366	-0.024468706379898664	-1.715183918000913	-0.6268065021721355
-2.366532417769914	0.39997327393516535	49.19914362867408	86.22509268165207	49.228908486224405
3.7382574520995924	0.5593794948321449	-0.8247714829890244	25.256583375195405	-1.9685092552194674
4.737861975411624	-2.2054517450837583	-0.39259115830014196	-1.9226147770893696	-1.4310846111301296
-4.336445350338627	4.564272792925864	54.45869955002203	69.2161588731579	53.253676381997984
3.8196161113910403	-3.417415027229209	-0.2954354435254888	-69.83184640150516	-2.21441964793739
1.2682525648750058	-0.9855155881129676	-0.5626579359315683	23.49517035310764	-0.3133833268483124
4.5575469613084465	2.5394723055537414	0.6195625909062021	-3.5442688067519184	-6.472141536474253
-3.1696639816514383	-3.2291931176165143	1.601442473418592	16.702751881828526	0.4118465590411513
2.61903004417918	-1.1017723362223562	-0.6326577475540566	-13.783624193562538	-0.8720217061849949
-2.1232416106177854	-0.669827070722202	10.577262320670808	-16.88225889973772	11.478822478838824
3.3395485204537696	1.722049342669508	-0.07953772837016196	29.327152121648886	5.144355830008863
1.4094606149487596	-1.4549903543006923	-0.5086397097415869	-12.817496384833516	0.43659599560031037
-1.8220613007247524	2.5112604007018344	53.73688182281561	25.416429463412715	57.876871344107364
-2.2134844684753183	-0.7552592311566233	10.196248153204257	21.237945640423774	11.048592165209614
-4.6058261219019805	3.8689256144513227	150.73025920426963	156.62046548016926	151.55267889911147
3.9640205793648295	-1.7434330807737206	-0.4899924930442412	-2.1847893898606285	-0.3216636099006833
4.804723981004695	1.91074614652908	1.0405052103160444	4.35355053845049	3.2276993773563545
0.243821762555525	-3.534765534506372	-0.22649612162939492	-9.908925822566907	-1.0891555408764653
1.4412370529021317	-3.971327269557847	-0.2543518155402183	-14.04584713353651	-1.702384082923018
4.674103291928942	-4.2434193551424055	-0.23860881833410277	26.11698935676411	0.17005965317768326
4.471493760506602	2.6039961313491533	0.4956436651445239	-19.462359497577175	1.4491561470376624
2.8143261941173225	1.9572183870318902	-0.008994378755161217	14.451078039796183	1.2310602428648527
-4.162721591079633	4.314513319874871	68.04421043946364	80.78131706915606	67.07490544854768
-4.297040048193194	-1.7871919531476177	12.656881934756397	-14.75755744998033	12.406383183659
-2.2779713542995275	0.791681960768833	63.259958060934224	110.60263330730896	63.663599634299175
-4.444102278426279	0.639936023140125	227.98955162573682	267.479033572952	227.73896382452315
-0.8181856317873146	-0.44247875734486275	3.8425580157280557	20.572117020732154	6.275559271798534
-3.0245975565327985	-0.45830038784682703	27.503439949679112	28.327635516320708	27.363125619958875
0.05641099916172454	-1.5926734448115076	-0.09740555230176669	-23.84499949943589	-0.2033674424247222
1.2638818194633563	4.994679985916253	0.16617262912143366	-52.56903554436902	3.2810541566391898
4.62292645984714	1.703108793038524	0.6048294025317525	27.421281755241594	9.539285067607713
2.81374706402209	-4.804946684556546	-0.21707049625298006	-44.252577537567085	0.39635252249445807
-1.6373474491498428	3.403989209835519	33.28106056849537	-11.35580506755283	32.72846947559813
-0.5159428720496084	-0.4058173315911233	2.6830797658835466	8.468203308760055	0.6173958113414817
-1.317494823206573	-0.916389755942908	3.538039323639936	27.273262933379584	3.371690676453821
3.376612396612945	-3.440905628192085	-0.2941697889029019	20.06924203027788	-0.26019738429871664
4.465631625470612	-2.32904675183349	-0.3914460440039073	57.50524377959311	-1.022233175584658
4.488604051456997	-2.939161051199063	-0.3282696697717704	-14.242828443834126	-0.14955558508970956
-0.07854270507261596	1.1997785685840503	8.240846749292936	45.40088789355251	10.018762665327795
-2.654111959996568	1.7237956485637183	102.06194678903597	82.01729822612542	101.63152042874857
-4.636348362455665	-2.53676628080021	7.463302637756527	21.650382151673945	14.329434523089674
-0.08959968987501643	-1.5384239095628516	0.01306154924367454	46.541595318596876	1.1906531086278684
1.2651950313740006	-3.8559946443560964	-0.25830824921820544	-13.303932107078731	0.36951630603820035
4.807183640222458	1.8802473485731372	1.0381727587969174	-17.553344090163957	38.66636407516349
2.2229346306850504	3.726712493803131	0.001147924350084661	0.9654731108813969	-9.408824694497532
-4.7690473894461505	3.647179021597138	209.8168273721907	214.9894412641256	207.41158957424014
4.309712343647485	-3.7019239360089884	-0.2730747219029723	-15.066037708667583	0.6617626266487013
1.7690714326448393	-4.896105252609618	-0.21223743317369353	2.5324486776755295	10.307402471077955
2.7003621847105492	2.2017173909343315	0.029758461077461527	48.693244490324126	0.6706028869977614
1.8172787059102156	-0.45611065104126425	-0.7731999777071695	19.20306812752502	2.1198604102131697
-3.571433178678256	-1.561724674570283	10.381169838214834	-18.32227280637539	10.775716852428468
0.2664371792774345	1.7814484987336403	5.523281152673944	-12.382329245846906	7.1148715779396525
3.664775008392171	-4.312144554425633	-0.24003730461531922	7.543791689607901	2.1220659763912457
-1.296946741313155	-3.0949152759685408	0.17634768825298025	54.30216676288056	0.8680197433987213
4.001076867532376	-3.1193483168158833	-0.31861326289157055	31.089279033710564	-3.4459203973307435
0.4932475687373792	-1.5607125917777576	-0.2976087032128399	49.223585936100115	0.28444368752178634
3.8871454041181384	3.352913447577892	0.02325440504671611	-40.17297980364456	0.24185733895229702
0.809327380363662	-1.469145095152137	-0.39888411524915096	-6.852449957119983	0.04055761805747354
-2.4179531149035416	0.7992564032848719	70.63746864348337	135.72059635650737	71.09177675048487
3.9100512733702733	-0.7688386063803794	-0.7136108344517614	-51.354702481789595	-6.419689855915663
-1.2300657051978234	4.468639513965286	6.828200505997104	38.3164115863064	7.469520951651741
4.800137868952181	4.463285677046965	0.25995875476113994	-23.967675884031618	0.3679637363788423
-2.666666184664238	-0.6498294128415081	16.629104774402556	-24.156994991157916	17.20170804404036
-1.2284777474644217	-3.1569912054250815	0.12889097757198942	32.659310437641054	-4.066616633366007
1.6859445406217493	-3.5437846778918427	-0.283574949482112	-12.41280265778495	-0.4097898654309841
0.2683132619609303	2.1652634748645214	5.593205433884503	5.37550900483093	8.316558436032821
-0.4624335222090732	0.734127549288484	10.690447301553936	36.973158888653245	12.124161115183927
2.0193607828735427	-2.927298959983844	-0.33596818116772587	24.170781786254402	-1.7763524868773306
-1.0030154544026604	-0.3757656690455953	5.296016485689853	5.732290616124287	7.653993009146452
-3.553203474440582	2.1906128347398726	184.42636890738416	168.22925700278296	185.98454526903748
-2.4856693136167762	3.8305483389182893	42.6455770705161	37.89677176052931	42.80059092439112
3.985862220191237	3.842526675519423	0.0325280610302906	-62.27101901180324	4.734037350227441
-1.677345745873855	3.4819974803899214	32.26281723564042	34.838817362492335	31.236528937685996
-2.8592090240624612	2.353378255455409	117.71122447207583	152.86713596094145	118.47046702184544
2.7591336018682098	3.5358008714382745	-0.024327335387996384	12.190977242662598	8.490032596620793
4.853468750264584	3.902225598138621	0.5037745411355898	28.723854892662736	13.651502287288098
2.1295640357087233	2.0109378960869293	0.059556499581606824	-29.414771505226494	2.827074037381909
-0.9239569303439108	-4.095933006639088	-0.08132838866770481	-3.1068685572751815	0.492000898653361
4.625457837446275	3.4384940664215993	0.4639858597758662	8.18066880179391	3.143061568574732
4.315613462641728	2.9803894498279773	0.27603912363085226	18.56346339088772	0.6618461346778047
1.2113029538245188	-2.2230110043375593	-0.38721345191835815	-45.35094092657337	-0.9648300899900102
1.358577227153007	1.72065877866343	0.6440587894339288	48.46173347765688	1.338349247009519
-0.6297808500965649	1.96462259885182	17.35141868252018	25.578422983417866	17.342126762423636
-1.6158285167960318	-2.357962100645281	0.8240937508026777	50.07902021483681	0.8266427678528603
-4.870535094461957	-2.7332931470553934	7.138501270365926	19.695332761569336	13.699187625625665
-3.758808367664823	-2.97779900700836	3.0116119914912742	9.660522719494647	-1.2298606569976558
1.8829405428273605	0.625370158734178	-0.6969862566386165	27.24879103564104	0.20206376537677273
-0.21116884964589921	-0.38981554584582323	1.6604987606684458	7.398297557551191	0.6119947736873088
-0.813952585841907	2.3299599495717525	21.17112053079658	-5.693444484676043	22.004775134499745
3.8920317370423785	-4.38720105500011	-0.23597619530839695	-29.969926026009315	-0.5703392499641972
-4.081045844419611	-4.4996116097446395	1.170059689756045	30.758425897763935	2.681369505635967
0.9136943826529631	1.8092030966466277	1.844555168195237	-9.652051416514825	2.7887036604517954
-0.002464936695329989	-4.888000817621409	-0.17763988484123094	-15.191631577680136	-0.8033702963793823
-3.63945264142484	-2.836186846795866	3.1421948520741427	-23.504200645522396	3.1596254700885416
1.156943094022255	-4.410638880682783	-0.22839708694755803	3.4519779669105954	1.3550376190790523
0.7164234696049396	-2.1121893469331754	-0.3422820608053495	-18.941614188643022	-0.7354634770918329
4.240979896014393	-3.64228030882749	-0.27752418316848354	9.581441461348941	-3.0191423514492435
-1.5638450580493988	-4.457922182330902	0.015136323778000744	37.58746813648822	0.01359662441298483
-2.0988605804583296	4.164667985871164	21.164040502375745	-0.3947431838228752	22.540923478981657
-0.4247579821970806	-0.520524928261529	1.9351303975728082	10.768226290624106	2.892899698043302
-2.3576085622086893	-0.5290718050817125	15.389366958112698	20.133247884323243	13.188306666640585
-4.405091732625448	-3.3080470887204463	3.4362344488138183	12.724214468285531	3.344369506274741
2.748484566430837	1.7579576114194282	-0.0669786557616223	-37.87960651452038	2.815770429131408
-1.490893237407179	-2.041937045777372	1.0242589567033322	-15.166455329639223	-4.229586341639893
3.777747996681647	-4.788572524560059	-0.21759986781549953	9.356670127841596	11.586782994244414
1.7294967159026982	-0.9209794295578444	-0.6492365969378701	-43.3143194333571	-1.2579939491186476
1.041070117795547	1.9134462807549895	1.4529374941598643	42.86641275682141	5.392963659970596
1.7163593930785037	-0.053461323059305066	-0.8171477800194269	-53.89493248040413	0.07267665337942575
4.756944655994218	4.41273043005935	0.24917259241650003	31.514232656091227	193.07566560803366
1.8578805577609403	2.2032405256306875	0.19921716202875728	-15.207089662452391	1.2568575643147872
4.424168860819439	3.3407512997308935	0.288150563956187	13.766291240225227	0.8212774100891789
3.8771733869936202	-1.6634710317583865	-0.5058046592866599	-41.22049980576922	2.072670430846953
-1.639013889027816	-1.3967832521093282	2.6726262702403565	-32.38750429722874	1.8555136279348865
-2.494123509661228	1.1893751771153802	86.94884515373003	58.73056176629424	87.16862148530873
4.330169059686076	4.600073890543724	0.1010199231556108	1.148421477567141	-3.4883270912314575
-3.8348932831052176	3.076561925752644	192.38641168325222	182.1792211287037	187.24226861291888
-1.297260756502796	0.9135450037392463	29.316621081496223	46.49713720230475	30.213845704316483
4.9590060940758	-2.0375017632747072	-0.391926258318545	21.3189561080547	4.710077014940525
4.70872492171546	-0.047457202021342404	-0.6067184436070885	-53.78987373566786	-0.7363474786289197
-2.5869270344890136	-1.5132015631973106	5.463135974333684	20.121169159761134	6.594519173035755
-0.0184394848283711	2.153130914643995	8.32448285850892	-16.39811846027211	6.696861614373342
-0.9210815784016777	2.0163991056063075	23.641895202658397	-17.23021852895924	23.97390324045086
-0.17656462454522703	-2.4914682455326584	-0.1397995171906935	-10.3511168451748	17.98285475473493
-0.6209541904769971	-3.641937620945673	-0.11186303352085526	-27.205772099399756	-0.4156292957105479
-4.597896687400777	-0.5614935843428404	62.03417511759672	71.27194669954774	59.665828641264696
-2.120297705947467	-3.7173055498678287	0.3625223040136229	-11.961231974535181	0.10204824242639804
-4.564637428341952	3.3067624989466715	253.50572444532187	190.12617222010215	253.28199115702665
-2.443195135246458	-3.4070137024651856	0.7184200951179784	72.31180536864177	-1.976275883015108
-4.172373192784838	-2.743628731524115	4.769412339806002	-3.2410027096934	5.83616265366883
-4.440603832769957	-3.89153958747018	2.259305074247295	-8.623917636451775	0.0991636541698182
4.19370498260937	-2.542992385043191	-0.3732773656888008	25.901397833235727	0.012139838229227096
1.4770398636985966	-0.35291532785072377	-0.712455376385436	-29.846231185803763	-18.938381606913133
