x1	x2	response	response+gaussian	response+slash
4.878089780950624	-4.859753905806745	-0.20916399524456902	1.4936358840886435	-0.9487768097193552
-0.07680629727846	0.44968935235973007	4.79075447447992	-10.09459926661241	9.179587409549349
-1.2546456247026039	-0.42082559785503104	6.563938234605711	25.719320404236747	9.01870406716325
2.79037660019077	0.6171004000246931	-0.81610282939041	-4.928413507606368	-1.3053914088895493
-0.3902938614548743	2.078792001473789	13.22531005365303	32.28156794092154	8.93487940214995
0.3890757405855414	1.8866987259274808	4.620314316523256	-28.651082540352355	7.27420877569951
1.5350928646647475	-2.0491681829327177	-0.4270470824253386	-66.59919608494356	-1.8731960402640042
-4.417368165621306	0.8810293632019253	261.02876547025534	268.4906791740311	262.56586337608
3.1103415479640955	0.5115094031407343	-0.8667004207868952	-32.766224116129095	-0.5666646826320991
-0.903544554319792	-1.974819220988604	0.4392676038964394	31.93523204769318	-3.930975042648315
2.308117653507635	-0.4208694360935219	-0.8204026439523912	40.15776653680587	-0.757487451190623
0.021539348972244632	-1.2162859378758895	0.06804433756048664	-14.604580185833687	4.404664509388726
-2.724292210378658	-1.712973259313828	4.867268010830129	-11.91834022754058	1.4725814019775219
-3.34148012110308	2.45684374978846	161.05631431640285	112.78273523412676	164.10649794720422
2.531811078326837	-3.0928136430911204	-0.3222997230376255	15.978357543245648	-1.2867056258415732
0.8727553788467821	-2.1584052727621614	-0.36121753701783277	56.021606065380624	0.20690205641007142
0.32672326165752796	-2.8837126030934632	-0.2534802746984722	-12.26606056674745	1.035749710208293
1.44534919699574	3.081241020257302	0.5068193049684414	-6.788710247851369	-0.2663569165144536
3.7690028105799165	3.934659688210811	0.009644631031681441	26.012032038682086	2.3669634021759167
-4.218008043987823	-0.8935956574748296	33.196755270098606	40.45697013977643	33.54731455504412
1.7299091408276457	-4.569965521283901	-0.2261514580252721	-7.388306557380976	-0.42089310029124255
4.78095568478088	2.213775008620047	1.0358392132768686	39.233277404494494	1.1165655463696214
-4.492391423937267	2.201767393091293	315.1009950966936	321.15295851622454	313.50248630078863
2.663522220574994	1.5334893526370807	-0.1666733145873345	-4.583941768133277	1.294749017118663
3.7663461848037905	-0.3524494946624852	-0.8364368214141984	-15.067457730430842	-0.6692382353954983
2.1345843733780265	1.4037836684349658	-0.1886043960507705	-4.370572661198494	2.5656534956891477
-4.63851715835559	-3.9365466291223794	2.4580254292018004	25.12365970496199	2.626274011658847
-4.631893912678857	-2.9983845936621	5.018579724017292	-3.431585871011957	2.5442967092361277
-0.6804967670746578	-1.2605351669289702	0.8975630474781848	-9.780567305034667	1.0791473265939935
3.0015903342723576	3.970522956595401	-0.0022479621913222567	11.380647198814833	0.9832618871496138
-2.5371991336489264	-1.613465261401077	4.689995085460539	32.97779277927052	0.918380374520833
-3.4243547332718194	-0.7579214795115963	24.377531567056455	49.689822642946886	24.738518033473525
-2.0477498611907317	-0.532559805019285	11.902573991475434	23.673917800596982	10.54946194423908
4.669202411600949	0.7648565832807632	-0.09476610198233414	17.139146227003458	-1.542369396318969
-2.63371921732507	0.3026333242364263	54.12007621896246	36.94713783912437	53.95560417138649
-0.6421148298687553	-1.5650714740085414	0.4977911540693646	-7.495744427087816	1.3300500687005306
4.843367756474553	2.183552006263181	1.1817308561644182	-4.334259820375324	-0.9320332415209311
-2.4375120391822094	-2.8355332215359397	1.223732456285107	-24.95209252744819	1.495980826169971
4.2855595404820725	1.1497054239042495	-0.16659738814838254	39.02318820045145	0.7668719101215954
1.356470388171843	-4.269880706030802	-0.23766142033583876	-29.594079650537957	0.44243792000124943
-0.34613310617037296	-0.4278269197641471	1.9782827921358699	-58.80480074188783	2.5020116661520824
2.3658300698586103	1.8103980586740454	-0.03320817202761183	40.41647660724532	6.989205282916035
3.9820350930291433	-2.765015725336376	-0.35184698578950113	-14.538574054257467	1.4998061402510836
-1.978329547310408	4.451398191531094	13.355237918480913	32.72742861673619	15.534891579540863
4.8934322079380514	3.2171749470186715	1.0369843608363305	-1.9119966209985484	1.7130352302211482
1.6152290742089228	0.09274601496290114	-0.7742710579116426	4.892931763476691	0.3738962208626492
-1.8735148443106784	0.552143622450215	38.34104713702605	-7.260129718670534	38.276416688636
3.857088159121581	-2.759250809103909	-0.35318181646162894	17.181273103414533	1.2798079843490235
-4.142704122140234	-4.622740611578236	1.1209007223819127	41.81438279147903	0.868618288337833
0.9567437908102487	-2.1066947335540975	-0.3757736373773659	-17.620468476884565	-129.8115882163479
-1.5462206872596407	1.0855000405670534	39.44781696768283	67.956631308558	40.69788751389021
3.1156587404133855	0.9011969403275311	-0.6237000334637736	-1.3303339753073151	-0.9647438756038864
-3.2961373825813887	-4.147768097346419	0.8435377659464239	-31.8662825818234	-1.8290286082409364
-2.2336193685766412	3.5929861416723963	45.614082709055545	49.177178700144104	46.15780330340638
-3.469008102911326	-1.1659381433178542	15.236902715463309	-33.02448041400905	14.74967249241849
3.89225894953476	3.195791063521474	0.0369899241153855	-15.954445806271234	2.0343454579349878
-0.2566078697078691	-3.676968617085674	-0.17023778037138337	20.41198445312082	0.8326010656735897
-2.6732524149945247	-1.1481837561487032	8.950398867307078	3.239423944766868	6.185960460447596
2.459233088834475	4.188240481138132	0.01746101531419294	27.27275879834787	0.3837891094266938
2.0582327769820736	-1.6394237177264426	-0.5092411720495144	-51.43182161516409	-1.142950950182061
-2.4919460612423627	-2.951674586190821	1.153239797253112	-7.595530263298061	1.4346623813627133
-0.744219142808765	1.1693360896614005	18.349649557224097	-34.49161339434436	17.80348056776083
-1.6704941189306322	-2.2079649507489316	1.0502123982710063	-19.483840030388247	0.32454382840673635
3.9831492095760606	0.5893678525824395	-0.7638899812985507	25.038531787308493	0.30583395913498546
-0.3263320844462889	3.3004868852564275	9.49812254152549	23.07316926298016	12.080622057817102
-0.6171375769669734	3.7332034130477947	8.98044192444804	34.20759405088526	10.478396547982946
4.752906284305594	3.523502817644454	0.5888828557956735	-47.28335665061047	0.3565778377163604
-0.5108953571043839	-2.75186201647922	-0.06271331670985257	-7.718151339200177	-0.679393604121969
-0.5965608828023674	1.4237618493656878	16.318153136574303	42.76469976305276	17.218219533480227
4.767634567457023	0.5638183784727193	-0.15853428388506458	-45.693187973750625	-1.2886244819256802
1.2854752374922178	0.7263280899407345	-0.06642404872204372	43.67436936601311	1.2164155433734567
-1.0171194892212077	-3.923168537566919	-0.051975386319589666	19.185991489225714	0.09668814386995772
-3.8159943128582663	-3.1025566486141676	2.8161419560965064	-33.17884485917538	3.172380774033757
2.0568292970614266	-2.5372196537855753	-0.37678117552935453	-65.69060854378536	-1.2287718247206132
4.06801639326776	4.325303378455104	0.05871135786307023	-20.576858070033822	0.7318709060981898
1.2112712029233696	3.1364189125061888	0.8659054728797618	27.40980974825684	0.854204909623467
4.724106564464025	-0.7131384672731711	-0.6020831081217057	-15.914296912879946	-0.18181221784249457
1.8744220504745526	1.7729917869436616	0.09845263629819404	38.79356383421767	-1.3275202101006682
-3.498807060729626	3.958533267533822	72.17332448385578	89.10950731878665	70.83181634158828
0.5848920144542502	0.7590031495569338	2.0213260892296954	-5.802189271428555	1.9968020086702172
1.9861842647032057	1.4650049606725428	-0.10170248554982682	13.663365077143371	-0.9815926176958841
4.440423642091572	-3.5417805333692964	-0.2823249280077285	53.0361568151188	-4.070982337686157
1.2762157605099054	-4.240825687347113	-0.2380992094920335	33.02246114065946	-1.6471233628425785
-4.4842180250273564	-2.741211967341788	5.732509036741746	29.23907390514881	5.033377432223788
-3.0787653905659673	2.987582812236443	124.68144714538192	159.1363940215237	127.35691204988632
4.113620983994572	-3.4900738106674547	-0.28889286621023474	25.66882205175084	3.336755839841015
4.58143215581522	2.919523899610841	0.5911942692234244	6.053275715426919	1.6382889016058482
1.7141139086575201	2.6617262440234333	0.29765649361943797	-20.857649794510596	2.031016699858099
-0.022783191452014684	0.004343239306293434	2.3046452899082275	24.14328198585878	2.3310001321972864
3.053583128578012	-1.8108149184416513	-0.4822616400839273	11.592567572261451	-0.7883083457362527
-4.194865657598909	3.670270727379295	150.66962311906434	142.21221965345666	148.26512174122806
-3.1106796110476234	-2.7883448307467495	2.2515326045572475	-38.28370350781725	2.565663250194103
1.9513343562249048	-3.410541935929582	-0.29507725853565864	-28.148647037880433	0.9191592133207673
-3.302760772123495	4.1114903763150075	52.82683514512014	92.1205557567772	57.0456401880601
-1.4451068382280652	-2.1922827687582225	0.801616106037783	46.2535797200397	0.9024199306068075
-4.1990446845174	1.9107333645567595	268.5739401498813	299.96643659742733	266.31231438489647
4.25650185819409	4.873788461319361	0.09203753538496061	43.4737294964507	0.2812383177653457
-3.754652738203028	-0.31772458606779796	52.718510569445534	44.27337763455035	53.65933147837138
1.3137339113266915	-4.598208994372994	-0.2219894912650858	-46.113303036117	0.11367132613409245
-2.8954040230596356	2.8519940091142697	114.7638054135829	105.06651431761796	92.65480076640975
-4.827692121258532	3.861842000132949	170.51581835860634	187.17818627017044	169.2355290629984
-4.145838900172402	-1.1090482567369553	24.57737428242068	20.91564654084221	24.572376855263986
-1.4465346971824058	3.81765129643626	18.677468565472942	39.92668036450513	22.194664066373857
-4.061896982097646	3.601822688293229	149.94842772742223	160.5580282269313	153.80062842445517
-0.8492127885721787	-0.6837649690056651	2.799432073778849	14.927938393725954	4.0019605617522345
4.727610352583071	-0.02871943809971267	-0.5882210440212398	-21.170403556723567	-2.1332829065395935
-4.374526221838655	1.6837102299741638	295.3659657517944	355.7626210914235	294.355439846244
-1.3064498976427763	2.3901758313785795	34.352285327239485	67.87048704032614	34.50475887992826
-1.2526832402060095	-0.40752734651383804	6.673132432912387	9.555173661410642	5.869921559503229
-3.1946933872711814	3.935890155486778	61.23779989987232	105.27629725770635	61.75197461036775
3.2492975365167034	0.9388746247651518	-0.5938279895181333	30.406235584739427	-3.449922408177845
-1.0798669821899498	3.3663503532788077	20.52219659932617	63.39327501656611	19.215593570399424
1.2469446322219433	4.806858536976893	0.18782612286276262	53.32303541300114	1.6706105271094478
3.241685996789567	1.4927506492659806	-0.19009237339408883	40.21176952413729	-0.11893207702875623
-0.08071010457618577	0.5918255946733	5.635703268865225	34.231621441179925	5.021284307715155
-4.196625293393527	3.6781170240728436	149.57843427719484	114.88209879859343	150.0858882942266
4.5564658176637565	-0.7796541391230214	-0.6362659767735056	-14.573091996201446	-0.7342971100622337
-4.628397593051204	-3.648579001450094	3.0146446444137602	-12.951874955740365	2.583228126298815
3.049685967390225	-1.6748530694915709	-0.5067794704867155	-17.474235039523414	-1.4363125506624403
-0.8340647022084724	0.6320325117016248	15.196509034414	68.1739657650785	19.79674339005969
-0.567440663680367	-0.7788545533309863	1.6054188230311086	-45.0235840381585	2.191218646722003
-1.6423156699291575	-4.57312337447615	0.020081234473978856	15.501907313102416	-0.46071781091571623
2.178386819573113	-1.422886417422502	-0.5543735188164379	0.07142103471333394	-4.964265737057784
-2.564657789464444	-4.307261923184669	0.36166978082529316	19.47892307832385	-0.45656941735166784
-2.3837041638655574	1.7888995915767092	83.93559522139594	133.70390610104386	87.5551988003296
-1.7852348027903107	-1.0512653592779397	4.77759532970262	-20.172574778135445	4.565334013097033
0.04976980803042075	-1.7660457138977903	-0.13136202535900685	-25.000974135787477	-4.388743833918496
-2.4760496289823353	4.5790618767368585	16.62115605673325	26.857573845629144	16.49955303065274
-2.0556693963002903	0.8232356644200962	54.13553258633375	16.977133045620363	55.561996746253016
-2.5932971224490053	-4.016314868900492	0.4850662303437297	-3.0058849610253007	1.5618829263081742
-0.10315843612957654	3.5654009185605737	5.769774725800226	-2.0249503871983885	13.990525376064507
-1.9335515666370129	-4.785264534744269	0.060267683054870166	-9.5490941029148	2.6154261132831507
-4.992907325935904	1.2195140084920641	393.1733249860306	439.8000009442136	390.55419733202933
-3.2891017444543937	3.378945378528101	114.87499523575018	134.2127210279999	114.69448910505841
-0.25695730469854183	4.536335129100461	2.2305771650829755	-27.77134337380829	1.8358032844618875
-0.03978096513252982	-2.208464440745627	-0.15664806632903383	-20.017814474439383	0.17134540041363788
-2.5757149174549285	3.0745772829636877	85.2726688047786	139.74898073586013	85.26917311064959
3.5458277946288614	-1.3654557759561925	-0.5693981261846939	-19.09725737887293	-0.33276345724976103
-2.9559802856641646	-4.872652414202289	0.34731074032794784	-27.392784198841035	2.0206329387808033
0.6538694976470651	3.7026669487931603	1.6268673573382646	-14.804443266292877	-0.2447032087466754
-4.691994919600297	0.9053215246005113	305.49323700511627	275.0321057310562	301.07428188943595
-0.5431001872335139	-0.28774529172827723	3.352053830468103	-5.072796749655101	17.710468483793626
-0.5103253322399848	0.7970198593661895	11.852946021634166	67.43287611634328	12.326999922133536
1.1292436146482574	2.604195759010997	1.2416437804584148	43.96809458845222	2.2606682810269536
-1.016198034849538	-4.737106844429189	-0.09432083448773422	-4.758344167906848	0.8847689632687022
1.9559498947620524	-2.711017573127025	-0.35691231369187293	28.413202157550142	-0.7123380928319698
0.2868049263869903	-3.281257871576017	-0.23777024860777438	4.918101113102031	0.023238409866691484
-2.9777724206044365	-0.6376523261308318	21.10181129094099	-23.50327038204824	21.06824068105474
3.5399779946626815	-3.374668898459079	-0.2991061317781193	0.9239209331520036	-1.9561814889735416
-1.5903150569506197	-2.537573833181429	0.6446101861563659	37.99851216312991	-2.7015548007097037
-1.2573518429428612	2.924881865823745	30.61875760675923	10.792134973889546	31.0079570854464
-2.172337737965174	-4.855517062201581	0.1076360948850137	19.695243762964882	5.533239847142134
-3.724547207515588	3.951462045634722	83.44956760963247	62.61583267836683	84.13913104775692
2.1723916644338734	-4.583179875020781	-0.2266785870702779	45.11101979351145	-0.4587209695219374
-0.5303596134506741	4.9911096130997965	1.7906780650909435	-21.08902593384347	-1.7313983488454805
0.6336739224724734	-0.5884400114378412	-0.20523045076081983	-15.633933683766427	-4.008708522600773
-3.3835032119488737	2.778863884633087	160.1756138434438	134.1874616156387	161.06630005938905
3.6582183239539194	3.0565727102143327	0.011676367404455663	22.737619639546967	0.8790018382012577
-3.9682946143818407	1.3937024414638488	232.385496173515	278.8212453930517	-219.63530817116853
-2.6692631702317082	2.069901698064153	103.31376455932536	86.45140595892086	1013.1471658004805
0.5726511935395449	0.24870936179807313	0.8574939582525123	10.955560399562646	0.3310861735019499
1.5483465319018377	-3.88438705591724	-0.26052043714054346	2.3719807930886	-0.45740666801193003
-2.6476176862562784	1.1726311318961455	96.77074654538514	125.20954223336255	96.41024112470096
-3.2592198979007425	-2.4599245961386798	3.3960345321543897	-34.31617528539602	4.856264545942072
4.302144158792386	-3.059698559075217	-0.32098125633247077	20.894310818515848	-1.263070625665341
1.8283609266000012	-1.2497428483215414	-0.5810655747539437	49.2215867280942	1.7632382286213093
-2.294891562800646	-1.9667530211018933	2.594987969399669	3.7108810710971927	0.6626253293515798
-4.38834947718153	-4.999300707500289	1.0273483774149186	-1.9843304336205894	2.293385563029735
3.8571166572906144	-2.101886486407223	-0.43383884492871977	57.0719873978271	-1.56307598229916
4.851132699407767	-3.876591179641158	-0.2549085812171779	-26.464932142649964	0.15892157983390437
3.6059669157618615	-0.4806213537041861	-0.8054118660853689	9.447354168076979	-8.517722677468026
4.922244615502203	1.5649890741490715	1.2089867139228867	4.41680028030625	0.5206671360106107
0.6789705013097738	-2.2658524311581276	-0.3275119682850673	8.968993762403349	-0.6020896905333726
3.120528475339336	-2.012095458613601	-0.4492468500178855	0.23121300071241163	-0.47085589022053503
3.4292125218620093	2.390654309108198	0.04160635557693697	-21.818859618112327	0.17947247387518417
0.443621360980079	-2.352144502002668	-0.28542443000584466	48.9299129184861	-3.5554876060273526
4.914150474615086	-2.81157829638931	-0.3242717466720239	19.14506777761465	9.323666895696256
4.991256844983681	-1.2231835464402705	-0.4695723112386563	-18.155596687770533	-11.936507589108714
-1.9341106146810052	-2.1631416077178542	1.4827330897462225	-74.21739205831557	1.4877947315022308
-0.9985895961366866	-3.7186331286021512	-0.037908896385825716	18.199727125865337	1.2746401198967834
1.1206749924886426	1.030400773715022	0.6250505185785751	33.78305027250714	1.5214659867191964
1.9801635395660053	2.208527456615869	0.13771490913143122	-4.154526115839731	10.026515058798603
3.445850721730338	2.662137916790993	0.03324197849043944	-20.10467916784547	0.10990783746080318
4.384824970897661	0.6363869087132823	-0.5322955901730055	-10.554107023673414	-5.646859784275039
3.4357240736937165	-0.31581910684785264	-0.854044129389871	-1.3415775143971338	0.908811002141095
-0.11570791030393579	0.9143865587420006	7.661065362262006	47.14096910094353	8.017309014162196
-1.7565046917868687	-4.928130075433023	0.00927618064693927	-41.47345416483203	0.1771866687887001
-0.6524045337568953	-3.491795617471025	-0.09692911735521863	-15.488087815615593	1.7256179715938498
-0.2253988051620901	-0.5397584929976595	1.3062778256458063	-16.39290541377006	1.310800208919925
-3.598982542130088	4.0967633826932435	64.66500667928857	89.22525420508833	78.30752281367837
2.58753193116679	-3.804998807031984	-0.2691199848737953	10.787658949825802	-0.7685999138272397
2.646132742489491	-0.9760381515583703	-0.6655700840792989	-52.64987249006564	0.6396913433037661
-2.8686203256147067	-1.2234209015250173	9.45268721398462	4.836907881851868	2.2159217842532977
0.4455683676833164	-1.274693859883432	-0.2500848835242644	39.46256058979664	-0.9746615909208608
-3.9049154419035235	0.9746764041151721	204.12906805034282	193.29521572408626	205.09499667062107
2.56023678899274	-4.670300158409636	-0.2229386855270048	18.64485681489515	-3.245525211384333
2.5515438237857566	0.2520300713886261	-0.9289891888036168	1.8983685717517012	-0.3281029527703664
0.8612485765382463	2.279225004303971	2.125723165836284	-4.909354916302474	1.4752915974977903
-3.949548828199104	4.559962627039889	44.09607029646657	-10.610864631375108	44.377785326293996
0.8416605068930938	-2.4851713409866774	-0.3324139621231829	10.675646161226814	0.06908764370822795
