0.3059116370776866	-9.806668040805665E-4
0.3860275578991689	-0.03409846838701454
0.5620082084001898	-0.0028426731879394192
-0.9411721132333165	0.003123228653465306
0.1938679058032586	0.004790397626615332
-0.7110827850032994	-9.051400084267354E-4
0.7251512916024445	-9.353918995501257E-4
-0.14481861570665597	0.005651219657004352
-0.18753552222889186	0.0056747793776347425
-0.02638265881025598	0.015914401255982993
-0.013570512316548405	-0.0010622768904917747
0.5644250658579762	0.003457895686020521
0.18909888618628426	0.0043061385964036185
-1.1176737066817997	0.0013857537900290157
0.39710711603007703	-0.002831690464389975
0.16359331501006147	0.012163030427639838
0.5293907202049882	-0.004478302960275085
0.8637878559235181	0.00235686847953356
0.4521567294140011	-0.026455703070194677
-0.6642475272109624	0.0025438496093294254
-0.5018897044194822	-0.007570146809813633
-0.3215665030142903	0.002369020768634439
0.3251035536888088	0.015692691029340133
-0.793294591705556	-0.006405615135550398
0.117204959883911	0.031380512321217274
-0.5624538506455431	0.0036415892793071176
-0.5392548447602133	-0.0038900106869496688
0.46837934117251595	-0.00230269696365461
0.15542243456270405	0.10227071302269361
0.2753509694969756	1.3059518430936614E-4
0.0963471387888054	-0.011969357212579513
-0.6001487770735245	0.006474372311009805
-0.38149471059984413	-0.0019109427634441496
0.7992707538993171	3.6798693609750013E-4
-0.23714264757041428	-0.003317814662964905
0.05390919587549825	0.001345839663781382
-0.48340454710152464	0.004134422254471533
0.49379430656723694	0.005425370752144252
0.5135007188648621	-0.0072953344864396885
0.6538501420420493	-0.008657170796550583
0.28905629920097897	-3.977911690028535E-4
-0.2635180558098224	-0.0029843334938007837
0.5730603455444844	0.005140684462451453
0.7864078844491736	0.004788463306575121
-0.4779737714422931	-0.0550262699613544
0.24379846775185166	-0.008926184037860831
0.6474393926875825	-0.0013296829676808695
0.22818992962765738	0.0030343109380836036
1.070013198596546	-5.939334314576168E-4
1.0478235306828765	9.318140603841119E-4
0.7952848179556058	0.00375607239334772
-0.3297851518194645	0.0017970354799877655
-0.31265551666703273	0.004237360846758842
0.4763986708776615	-0.0073062074869853725
0.048414194545783926	0.0033815289475628433
0.4411411546847944	1.3770401771740152E-4
0.014027696811542019	0.008335504425608821
0.37165754661117256	-0.0010351414584210768
0.21391713667270065	0.004418874470598767
1.0013628476345091	0.002376777156164176
0.33922249092920786	0.05852907060966392
-0.0433488569012697	0.0015960673340922138
0.6418451579188874	0.007466802513255825
0.7939081976420341	-2.3627650106954257E-4
-1.08156627637999	-0.002291411081881717
-0.06935657895858614	0.026544942660515738
-0.057993869919662294	8.52597510304996E-4
0.19979591035777908	-0.06517446572765946
-0.6948413191310354	-0.0023315653686570023
0.8707023046171061	-0.003749861494943202
-0.24284940243946732	0.006225234255651544
0.2607527989413467	-0.0037895150249900103
0.435091035316972	0.006274920845696297
-0.6750391890192738	-0.0031168400454518663
-0.061659141710215096	0.05711132398396855
-0.8265043526925089	-0.005515736084536364
-0.6643407802234399	-0.0017611261098076367
-0.4573478196056876	0.0058655214317541
0.1520830729137906	0.007146762462243929
-0.28377723757691076	0.0015562663674966158
0.009892424338299587	0.003110490266081085
0.6792856237388162	-0.0069281040219477215
0.13833919935440503	-1.232319579085778
0.8146652378632624	0.0032942715635575076
0.45041711531577544	-0.004725273814867742
-0.5079169561568576	0.0018118156564771986
-0.6075184767626042	0.0016441145913203166
0.4253051551298452	-0.012978282805354537
0.1699213154337696	0.0020593453510604413
-0.0411530548328698	0.003313720717881838
-0.511042142410386	0.02931943795226799
0.24328821427031616	5.9481416134523685E-5
-0.4148636136164639	0.004288518508856426
-0.40640696178249486	-0.013616147171680583
0.24250830692864722	-9.472083612078043E-4
-0.298455232155911	0.03572067020954347
-1.2966951034395655	4.1706777404579786E-4
-0.09083849224890034	0.028308083206869786
-0.6331216972305134	0.00938240618500913
0.11986724995924306	-0.006982197592589449
0.22142676360709407	-0.020825526518079052
0.5115737188654214	0.0017115936592247965
0.21566290813186434	0.009993254319766432
0.9117763556265887	0.002937434152975546
-0.12829672025799604	0.004231665738645849
-0.2669452433379523	-0.0022815265214136023
0.25934230266641806	0.004046296555819862
0.4931387801956784	0.06377075333422907
0.8592983874485751	-0.0034802054593830933
-0.10438329608491675	0.002663361843877854
0.4890228632659212	5.821012943527442E-4
-0.06116599914707628	-0.005125802299430044
-0.7164919123467602	0.020411631750114095
-0.2710010705770262	-0.003808455948397197
-0.28448715364540944	-0.015531201578867983
-0.7273356493253723	0.01181296157539648
-0.020054174737756073	0.0020478370440145974
0.005734227044993772	0.003998633716312872
0.8319704415309718	0.003085178947814946
-0.712086284246708	0.0034068952513208266
-0.8783740451953581	0.0017228988309213422
-0.04235870500158001	-0.008117654431178838
0.7101659919381369	0.0033172028475872604
-0.47151364399608553	-0.005987311558646718
0.19236470050554572	-0.0028233489239804233
0.5033356709657777	9.192240347333982E-4
0.7546665864553026	-0.009242071949537864
0.17179658507858667	-0.00428719121614127
0.03696701480030633	-0.005885982224827853
0.23784516697656033	-0.014467972755485342
-0.19322886918129453	-0.0012490791199335086
0.6300540220016787	5.14947682595916E-4
-0.4921958500648659	0.0038072774393581267
-0.10127862327346479	0.00400991469845993
-0.6452886204375088	0.0036170275230614293
1.626989938122419	0.004499873853417305
0.5064974285529763	0.0014877618547214275
-0.7108661665823102	0.0028824517469962924
0.5765148556102557	-0.057466975727185676
-0.18537074366098602	-0.0014958014605614292
-0.40655217602727506	-3.5974078726096366E-4
0.6918295849294352	0.014163570635314473
-0.371183469464247	0.01416731227029214
0.2845416967965082	0.008961811945807266
0.34688607430149426	0.003770959177999978
-0.6567055279133902	0.02674161403000177
-0.47696710458286046	-0.002772621689409536
-0.08536579490573376	-0.01560875732976317
-0.8152772447607144	0.0022153450639746837
-0.4226355333119872	-0.015984287334726777
-0.5079850810136506	-0.004561383200267166
-0.020537096706628927	-6.460140136308396E-4
-0.4282482115237969	0.005820905066855874
0.41669379475303986	-6.74762005381174E-4
-0.45512839448420317	0.007826639775719778
-0.7128890600091501	0.002641504685862227
0.25165835861046426	0.012228265441346817
1.030887563585401	0.009053048825481438
-1.1823624333182394	-0.009934877476925164
0.41001220522381576	0.004190822759241792
-0.3897939548924288	-0.10927576325138137
0.04220445554572785	0.003597537502694231
-0.3865050208202609	0.0053310196569886685
-0.5070699683750913	-0.045641651320022916
-0.19967909108835433	0.007283470552184826
-0.8548122402515542	-0.0029661824341782
0.6085894091738391	-0.0023807435762727078
0.6729112726563679	1.5133376408098118E-4
0.6729819694287337	-0.002680385812442598
-0.13521820479704838	0.0037153810311891366
-0.07716946076514072	-0.0014792915786889197
-0.5931664946980595	4.3979933976584073E-4
0.09294163938193244	-0.011717518503573996
-0.11743470571812052	-0.0018806277072160394
-0.9548956959800483	0.0024828845762965277
-0.014825055983692655	-0.053411563393743554
0.20488514442434427	0.0020424176586724204
-0.4566698017682766	0.007074757476034832
0.6914707762226822	2.3398370032500271E-4
0.1024278324417945	0.003750493177681593
0.7085582583068885	6.098826104208978E-4
0.5151184106288104	-4.582854148163878E-4
-0.5993755113944869	-0.0019398235427273683
-0.5658239987258965	0.0035702623242849173
0.17925498687911073	-1.553637486438499E-4
-0.929586053418144	-0.004322967225081532
0.3821436576704132	0.00679412303030246
-0.46829093030129065	0.1991719825100858
0.4498442953511002	-0.017011969341090977
-0.13806605217063886	0.009348996631575835
0.49499571371559825	-0.05317263756952723
1.2539660168275355	0.002938638872407974
0.24183446293515265	-0.01030829694537273
-0.3986400521634431	0.004705813647661515
-0.7643614492605729	0.004436829876865485
-0.2630879113987564	0.0027602855214595946
-0.024667845613900216	-0.004033878690516264
0.17753587669613038	-0.018670915733485283
-0.16079679594155363	0.005854679483802172
0.5696517809953303	3.3154367577379484E-4
0.23841505442820585	-0.0018973160126196952
-0.2174460240253673	-0.00395908732528881
-0.43116737480590756	-0.004363598897323302
0.4731613995604454	-0.007200642156129913
0.3784980667575024	0.003818206108547564
0.35797668953389555	0.014548934711312345
0.2058618120921173	-1.2984741677243472E-5
-0.08226621835501935	-6.167912903388143E-5
-2.281837072659752E-4	-0.007488311632522599
-0.6156757350692601	-0.00178328581666518
0.36331706611292813	-0.010352432913872705
1.357369610650509	0.006660042815794978
0.6118378897346216	-4.7616943084709723E-4
0.5512627222672059	0.007901012558850814
-1.0402509517647862	-0.0084308683582213
-0.2741064435875952	-0.0010662150243753643
-0.2611790502430402	0.0016920614990376386
-0.4855387518792057	-0.05114178368766798
0.49036364241136815	0.007550985045487691
-0.20423830812622784	0.0043703595938042895
-0.268775543436027	-0.002248798100551735
0.21448396427973745	-0.003420693226389425
0.10270756134839691	-4.2914915856565234E-4
0.44451528524680045	-0.008868078173007617
-0.012361865430578994	0.0019669116302918183
0.8954928597758536	-1.866101764221282E-4
0.6670978088378618	-4.061593045183755E-4
-0.8962106106647846	-0.0035193172601287828
1.0667208476851944	0.0022305144578088094
-0.1583628953298191	-0.008362435094877224
-0.20492131827614946	-0.011390088215270386
0.9713058298495074	0.0037278784099765362
-0.2887038828845871	0.00283031654706505
-0.5522757881047213	0.0048926576874382625
0.1499263156738344	0.006119281020133954
0.4066428701606947	-0.0014517957160317253
0.42682759279150256	-6.585090586445536E-4
-0.20486265697045147	-3.517310239800192E-4
0.5817538151658753	-0.0033220263272849063
-0.17026110350712528	0.003129264652472657
0.41418743051394485	0.015264366364955652
0.3331811122809701	2.1473676652813904E-4
-0.46671646458010974	-0.0449091232001222
-0.2166354151069673	-0.0012971649311198043
-0.6528782872954679	-0.00256304019894062
-0.5733225230218295	-0.005922500293607573
-0.49563103070750697	-0.0060217030138067255
0.3261268651026542	-0.04548798314975248
-0.8798482111615108	0.011132926355651522
-0.5796424926227425	0.002378996040137748
0.24609740202231145	-0.011855109646267407
0.2587423395234411	-4.738090932549572E-4
0.4127912140360497	-0.008711596989591938
1.1087235012156027	-0.024324915454197998
0.2519699549369857	-0.043499169195290684
-0.2533436467307345	0.011795741728301327
0.29449328197741764	-5.507247575184574E-4
-0.4482452019339676	0.0032993965380595292
-0.11256026149789221	-0.006252020069791619
0.06990199241144558	0.006076631718274795
0.9446365624356037	-0.0020470788751683774
-0.08366665482100527	0.0026359678859006843
-0.4027931042562478	0.023061949789918684
-0.4104402611429148	0.010636343536697693
-0.1193382185221132	-0.004627535336117204
0.3580769082274372	9.73437649898107E-5
0.25972506847995563	0.0012659125328810014
-0.6475387052555301	-0.006792585476613321
0.1690184737766618	0.005043576023705698
0.6497000459387339	-0.014622886643012653
-0.16501047014554004	-0.0016190641831349
-0.4252886374770757	0.0011021687632724027
-0.07434258364517418	-0.004777259836250129
0.34292704763226095	1.9624873731970854E-4
0.4377048548937354	-0.017421492212219107
-0.541365775764071	-0.009380938535241776
0.24842346534509893	0.01114977782687598
-1.0580574282627406	-0.00916972410283984
-0.02884300971421227	0.0057450455693721725
0.48832171063069885	1.1464720341361066E-4
0.09618097490074405	4.4940032716716356E-4
0.8578310835462081	-5.824857897228874E-4
1.0146239922621605	-0.0020362749267448244
0.43970212467909364	-0.00656726470495482
-0.4286962766108807	0.005014298280903423
0.11885404970486785	0.0010367716058588509
0.0903048771482272	-0.007066392845952892
-0.20221731716556127	-5.325023491035617E-4
-0.2636762215084602	0.049837754843234376
-0.1800208364688707	-0.026736374172418465
-0.6261269736822184	0.10951167858830484
-0.01767199524863213	0.0021985620591982963
0.34503690808386717	-0.011890655989177708
0.3524146153508169	-0.0019296649649266136
-0.013705709209698502	-9.787086038868932E-4
0.3097902454496398	-6.655278280644524E-4
-0.5611328157085317	-0.0010127583034979558
-0.17529342835491776	-2.4083189177672858E-4
0.7541459169863747	-0.15402639448769687
0.026930848469757348	-0.006822040950582018
-0.5507002015561226	0.0010778444527575121
0.07327669752081964	0.012067188412695579
-0.04962942088743221	-0.009688603370284996
0.9220685049464279	0.5605065662200311
1.171730140062307	-0.03471025357454771
0.9603915476592217	-0.018070711722001226
0.36409461629409307	-0.0035237572412430028
0.21938633837378504	0.001357186657015056
0.2284752009538727	0.011126844157620846
0.5388264224811539	-0.012599912163610283
-0.28925332325972003	-3.4857656386278005E-4
-0.26793204194853065	0.002140711821290167
-0.6907088607140002	-0.0034585167381840985
0.9688233555778467	-5.487055172036805
0.5193920798158997	0.22959081456394062
-0.0936603218442109	5.79684898472437E-4
-0.7594623832494811	-0.003705118558860081
-0.16449667179967342	-0.004018424140322813
0.5027171362012132	0.0019295799639380698
-0.05725389771064243	-0.0062811770926725985
0.1603134193581183	-0.002916341631887545
-0.49514803192982815	0.006580996284752604
0.8826502431907388	-0.014551049742319608
0.09707888060107184	-0.0049935896092991195
0.6284882889262381	-7.552152118864811E-4
0.38336951751039205	-0.0032789364966787043
-0.37419258028070085	9.43800192063996E-4
0.4103054825492665	0.034787001076665144
-0.2556971836119066	0.003156094403824765
-0.44544279717452673	0.004720882291988064
-0.31926282790106764	0.0026377844964698425
-0.9583919021539689	0.004467139844788995
-0.19109729392836955	-0.058084948074544944
-0.20850692942708918	0.0034492353467037748
0.907741700190515	-0.0017736039222376692
0.33724262064651545	-0.0010319486735247848
0.43291309196332145	0.004838179542334539
0.5950051257484263	0.004507552701441171
-0.6037521377247078	0.004165273694481982
-0.16485693638888557	0.0029972833008595997
0.130943603431536	0.006914771573750924
-0.4718070340813876	0.011969849046859764
-0.910175162238405	-0.012376809388957083
-0.1962092055020934	0.019364949129368453
0.3675747191345097	0.005349760138126385
0.2833824463547876	-0.005427852765546163
0.10400171178715746	-0.014483825267150158
-0.4219448645679809	8.250343491613592E-4
-0.012883416258740637	-0.0022577911225793302
-0.5783945015014742	0.0034038952831439723
-0.8033248840625363	-2.184040577384099E-4
-0.12082283262184408	0.0014603473717167664
0.02428204756794654	-0.0012112890470484389
-0.48001650305252686	3.6436840272292397E-4
-0.5228045460300856	-0.004603975455032829
0.6309233664735515	-0.009161005420116384
0.20912387037842928	0.002759673614401237
1.2301799321109468	-0.0026378077110764094
-0.5297435143424737	-0.001959985999166051
0.025156867639115114	-5.533920096824926E-4
0.35104099861773347	0.029019760390070495
-0.06680248798256538	0.049590979723303334
-0.07973429344136633	-0.0068716098624336825
-0.37628536808335294	-0.004448459950153013
-0.34677068469833305	-0.0012180929565018548
-0.865013517551305	-6.167766174164325E-4
0.5639320969639398	-0.0014688579229507142
0.6233760972999446	-0.00900242286727959
0.08010702800079786	-0.001588549909054672
-0.5965154952999857	-0.0019863324832035843
-1.0182240320618863	-0.00288071181153006
-0.519164454196852	-0.01840655598258537
0.3245385301617132	0.0018942896453723714
-1.327460471089433	-0.0025216571090038104
1.2312159451594913	0.0047070351580174785
-0.1013170522536768	0.030438377800520285
-0.6920762968396875	-0.013881865838871396
-0.06080904512718995	3.219671454102741E-5
0.21412775131177542	-0.0019169464754792947
0.22760126593843225	-0.001836899926185542
-0.1993640543481755	-0.0036241142442115185
-0.5893708427150794	-0.009274923560102049
0.08556352423395752	0.011727485864832545
0.16185354420881176	0.012449643463131451
-0.2534629495035479	0.008040221520440443
0.7816463026227676	0.030917720093812495
-0.19638631413071497	9.987079659746732E-5
-0.024507702595995124	0.00201081528476055
0.41012756237680614	8.382568852563866E-4
-0.6389820387282896	4.0514415773088876E-4
0.4013553235538864	0.009489190888486543
0.24470499740417267	-0.005258547325855307
-0.23426367376863552	0.026682002891777256
0.4659630983173792	0.007068446273041666
0.03463389949311224	1.120240046575492E-4
-0.3146763833251006	0.001842946632853677
-0.04795397368896728	-0.0028458841382383647
-0.2925754417765546	-0.0015578087260108913
0.05048193478512086	-0.0010333854052236473
0.585422934170257	0.0034766587725045066
0.5255753771898644	-0.002698226589665861
-0.35300912356021236	0.002915294637057373
0.598655096033672	-0.0018624914974218196
-0.24665240085417253	-0.012739694819592301
0.28884044452857716	0.0066501104598903835
0.44101723255246955	-0.0015432021537443235
0.23596673248533148	0.02158745621449161
-0.2653303659929143	0.0027971654560127726
0.6656774818223785	0.0046377019014549915
1.1091434003161098	-0.01636293337306082
-0.4520516378393038	-0.019994654942840032
-0.5393081118066635	7.685010502891505E-4
0.16895734741567073	-0.016758137970760645
-0.08934832071864902	0.0032649352699711917
-0.0387709107035244	0.006884335579238023
-1.1526280655836991	5.245334731570745E-4
0.19241168985322946	-7.860893318891502E-4
0.9007882715278178	-0.003234951258659303
0.1295940929024643	-0.00394354030526356
-0.3607715458862968	0.012333710252926754
-0.550200173802504	0.05354282756392236
-0.2081983977068605	0.06547626373102416
0.09052433767443334	-0.009806259692087206
-0.1009104735857758	-0.034521473603453076
-0.4404816463264473	-4.1981838263247494E-4
0.6026074474852916	0.0019196184241363288
-0.3447324236536702	-0.012868567831822946
0.39227681852829627	-0.007272043110332415
1.0394877096579493	-0.005374124311682812
-0.03926876923619631	0.009673904445707648
1.1867281365777422	-0.0038930350203757883
0.7274593142140733	0.004278511646442205
0.07202666539238643	-0.0012070573715316536
0.039062562864989665	-0.002957831476224622
0.19259958773947422	-0.0022484523052796273
0.2985396741134194	-0.006685481064174239
0.29446593457529824	0.0030618315792243582
0.001054184750803771	0.0027295968736996646
0.29262025551394355	0.012324676320655722
0.3934222878848216	-0.002289071193564628
0.5610534471734592	9.092781163335632E-4
-0.3173295928088747	0.00775925866838103
-0.16246580066958746	3.195469884890419E-4
0.8939549285278886	0.0028005691953139314
0.11495300160075553	-0.003963425097278787
-1.3012431295216411	-0.004429410756291246
-0.23782408045339168	0.0067248890819801435
-0.2665311436317423	-0.0030066758949605617
0.22970494763782615	0.003097568097718139
-0.5797225090120578	7.970591601922422E-4
-0.4330234951381258	-0.0034917345957069675
0.08771982494929771	-0.21421525859378804
0.3498397492243495	-0.001829110449775206
0.15957513985509336	-0.008463922403742526
-0.24721679251657974	-4.330452709265595E-4
0.3709675589244688	0.004583811200313974
-0.296409680931111	-6.355479269978026E-4
0.8361928096508414	-0.003449426393259729
0.6969072657309713	-0.010146708035238242
0.5922811671803876	-0.001101911497261498
-0.07803608733517385	-0.001043268444051072
-0.006021225436330425	0.06291129127255699
-0.2943546627948166	0.009658306777052072
0.238317589497873	-0.0063565589376485725
-1.1487523555730188	-3.113226248485578E-4
-0.4702803256143439	0.008946286603659327
0.6736117198137527	-4.7012950482572236E-4
0.4394341857511071	0.0010887137313562122
0.11260525981390423	6.54896268108584E-4
-0.4699507266071408	-0.010765654598237204
-0.12133727534578968	0.0023482604307119757
0.15031158517453547	4.692114450155859E-4
-0.5774929754555601	0.002143687309361178
-0.6402327592894603	-0.0019382817109667115
0.3485481129796311	-0.002810658797135158
-0.6509774641846598	-0.005289803626699316
-1.5554039314971297	9.206462012357904E-4
-0.3583040951830064	0.0057739042402962385
1.1880570114681779	0.004269323904581306
-0.19275353493010164	-0.006189531964889109
-0.4230510737687651	9.893147703422373E-4
-0.18226142575368334	0.013632418424389909
-0.05052394316111714	0.0010868710868442797
0.31214978094790036	0.003235883507740302
0.601727968637849	-0.004270171189348468
0.06920724142724681	0.018885252345986793
0.18364948144267002	6.227508639684479E-4
0.7575967308619896	0.002361813838982899
0.013468853163733393	8.796475230504855E-4
-0.9303159629531452	0.0015016109616612476
-0.38814202354526695	2.0698515687657805E-4
-1.1871673965043748	0.04252668688833773
0.6373559277853919	-1.216075560110625E-4
0.17040580343925538	0.01712345903230889
0.22438797029882462	6.651114296612173E-4
0.753142338678199	-0.005015092353787054
-0.2977269308991925	-0.006736157406675808
0.23400656008521056	0.0056342316549831285
-0.5042020765322941	-0.004389027161869362
0.10380278644120981	-0.005439960033677586
0.3192190616140318	-0.024607963113608605
0.5914366894050836	-0.005385122523428965
0.6090614174267635	-0.00748808971136173
-0.1399397043764995	-3.991574031875139E-4
0.46389612169932337	-0.001042951832251144
0.3502789175821604	0.004131068134068984
0.5890136170965592	0.004999379803910591
0.9282604069316743	0.008271163042861192
0.4323959524965286	-9.003111776447124E-4
-0.41273017544251017	-0.0065734367360384
0.8700066490030901	-0.012210854418193766
0.5813188637898067	5.36399491634729E-4
-0.34433200567675953	0.06564983054843374
0.7125942557143219	0.0012713317036744777
-0.24079016119746352	1.1081964205769068
0.016946469769425168	-0.00450330821225103
0.3282616010217257	0.0010259649444820285
-0.07810979254793299	-0.0016892977782762485
0.3012693997424281	-0.004844010185565061
-0.4046154108862809	-0.002845443361440928
-0.27382994292901786	-0.0022665762416045816
0.5012561800324096	0.007931378535001558
-0.4382722870093756	0.0015395295280254179
-0.02993558406203628	0.00245348227960751
0.17831170743974437	0.0019560987906228414
0.23300395325768328	0.011656498249447662
-0.5347186776446399	-0.005030942479793013
1.1974469904660134	0.0059663907449210435
-0.8739511592276595	0.0021214264942501855
-0.6909742498888675	2.0212637418965442E-4
-0.05456384498541781	-0.0025868101593136605
0.13885001793187957	0.011389369480207955
-0.45500224528774463	0.013381761354118626
0.2764949712717734	-0.001732630754901792
-0.26017592572844606	0.00544911042790684
-0.09583237751379038	-0.001226563909914192
-0.33125098652055285	-0.003923232092062204
-0.4102907097597892	0.002275957583740555
0.7550509694091614	-0.0027040298857410163
0.46662885415862687	-0.01377829367931802
0.21521306596076112	-0.003358418939185318
-0.2320882271742194	-8.29468061976629E-4
-0.25635651090048356	0.007525275032532499
0.48744561104353573	-8.495530463071049E-4
0.10435902918255413	0.008320950822279669
0.3087110597512823	-0.004746585755876707
-0.8876125875535655	-0.0010550937436218841
-0.014036610418272765	-0.0032288872444265673
0.37006738729123545	-0.00868860816217092
0.4393554338373625	-0.03007415438236857
0.5271634575609332	-0.004241963056435658
0.5562344005581389	-0.0025957968234876956
-0.1565475526294886	0.004514571715904223
-1.4385759695783604	-0.005538369251842953
-0.16525519101548117	0.006013994269420956
0.5431328438556907	-0.002613882199166768
0.14905243089372067	0.0018080168499126996
-0.23665203909617766	-2.1012364294007854E-5
1.068585660792731	-0.00383413889250656
-0.5343388470531558	-0.02574403912087137
-0.26914889162688205	0.04593455078259787
-0.07213301753963312	0.0025585384265143854
0.11841296455114851	0.002270116541405299
0.14835949833610362	0.007088383742162107
0.9220107825429067	-0.0016925677347859537
-0.8894891003468882	7.292931769714409E-4
-0.6465848624344175	0.008791205963132294
0.7200388801784579	-0.03565042248844714
1.2321697947821413	0.002220723353079923
-0.7232880989313566	4.682172183760322E-4
-0.04234421591615459	0.013017217344720064
-0.8622622439549688	-0.00556670128980862
0.5273376515502295	-0.007120721662284744
-0.2575022927044009	-0.0012390185734632295
0.7312963529522919	-0.3896123290750193
-0.112428654787558	-0.0029812359773953505
-0.7182631701067147	-0.0022815867617786
0.22614730504627617	0.0029031933312862134
-0.21849592299769816	-0.01985567719491432
-0.2215398909458953	8.379835480830371E-5
0.2831332968548384	-0.008400353490613471
0.6674895946869353	0.01690090572449285
-0.5393723179776899	-0.024087640639280313
0.6914283473219159	-0.024995414803014815
0.737934688711109	-0.002680130692863064
0.4378284176192327	2.1011478960150765E-5
0.3849708333579502	2.9182629959739615E-5
0.05682151325009333	0.06154679358844278
0.4115618747734796	0.019080928260540506
0.4063646914155294	0.0016887287376323849
0.032246118030405675	-0.001005589497094063
0.1354884296095395	-0.0034816052492448457
-0.29732482634356905	0.008158588544011794
-0.06543700819484928	-0.0025744583795087794
-0.38697821947275424	0.11139595594462683
0.45466441250255096	-0.49439635367227186
-0.1876038197618887	0.0043962060832526085
-0.21589774338587303	0.004864800755807393
-0.18984111971940867	-7.871097349720216E-4
1.0931394746795366	-0.0017592094264917524
-0.47523979541662614	-0.00995607601880706
0.8152396095866911	0.13974248681620266
0.79174339381473	-0.005475158366211995
0.04199163965519548	5.976321099137467E-4
0.13979757844568544	0.011931434431090916
0.44742953615490355	0.0038958930423460816
-0.851893544239119	-0.01211597161656173
-1.850037068802404	0.02071227444669738
-0.288319665158088	0.0012749146404653327
-0.08354727349576214	0.008090928891689804
0.11082017226674813	-8.849985133399334E-4
-0.11745134813843727	-7.399997939698068
0.4499796957110961	0.006391347869176137
0.6570288709883803	0.0018701820279732994
-0.008695240200210088	0.007134822893648575
0.2912512652970703	-0.0055407015017189835
-0.08188268937234564	0.014788270995858936
0.490514529900332	-9.919380479364015E-4
0.9463945279077299	0.0011104991409213907
0.9319417154488532	-0.00931213704758486
0.02422207968736437	-0.004919711480781064
-0.25921512159250776	0.010130607607037405
1.0373131280381747	0.005514972035962464
-0.14453085141977456	-0.003663244981688411
-0.36352770957284464	9.756836165031842E-4
1.1901956481265583	0.005422049197751651
-0.1863154264096941	-0.0038607073851678456
-0.40960230644102863	-0.012444750096793175
0.3521174106013519	0.0011553050730642154
-0.5672318801199542	0.0010207713650779797
-0.29309256411378276	0.0020542755443009987
-0.5104187242192564	-0.0016556607629417902
0.3804042209216567	-0.0035902266070456344
-0.4400661642661391	0.0033305181541673497
-0.19219190123052568	-4.310016142010405E-4
1.484338144334939	0.001735616806606216
0.27471935376842077	-0.0015121158779809172
1.6157219176742743	-0.00939232639500404
0.15539096043654782	-0.012644464053445437
-0.6170659551446765	4.0126709204393114E-4
0.9503384591226945	-0.0013742000150490038
-0.051074417344244	0.001338856212137407
-0.16602511254409186	4.860934747602903E-4
0.1351633071501667	-0.004900983543407805
0.010209275539340576	0.01739751700754889
0.4909150944740791	-0.002410499867618256
0.5065683941654601	0.08274917763603716
-0.16904271248649405	0.0022330457327330196
1.212619334540131	0.003299712823786688
1.0764181696035484	-8.549409648267607E-4
-0.9472791522229905	0.0022862462723348908
-0.05076036106856917	0.6337458963403563
0.7128711910600886	0.0035477444058700236
-0.13983371150913967	0.010949999981188624
-1.0089071541874326	0.025975237003052203
-0.3142263443365919	0.0038182103830855718
0.7679201476268305	-0.001935666690195899
-0.09391683370924941	-0.00989953906622919
0.568152914872573	0.015877588678736763
0.45438119167432106	0.00242874000076818
-0.6813473372101848	3.8655876100411885E-5
-0.07790580051801158	-0.0333355065099112
-0.46307655788300284	-0.0033762219263302512
-1.9097487486089062	-6.58449185019315E-5
-0.30830145536702735	-0.0027233151287713166
0.6396208647165674	0.0017743493956464424
-0.26609158437959185	-6.785888144520498E-4
0.14168360162510849	0.028052655566234604
-0.5409946097349506	-0.0018201957028150697
0.5762358292608588	0.008243497700684702
-0.4975700625164715	-0.00260633271938687
-1.0853219146247777	0.0034401628492065532
-0.8239043405882215	-0.08592310200590214
-0.37966447011942744	-0.004138050892797929
-0.12600176561521143	9.835779468976757E-4
0.47279105628719703	-0.001287092053058871
-0.4045220753981366	0.0034724987607878456
0.8815678554511508	0.0021153098118142717
-0.02117018688322802	0.0034021027794869465
0.44763672651955927	-0.010311607030315946
-0.027861625893057407	8.594219912321313E-4
-0.10026095678519807	-0.0018233989868440225
-0.8859680493049785	0.030325418192431876
0.3698511103668438	0.0017607414270256055
0.6115751574505022	0.0024547610647990643
0.37245877574197805	0.0018880012982324913
-0.3562986363363687	-0.006250249807400137
-0.8618731813326982	-0.03345516666431139
-0.714635184837281	-0.006113151088696887
-0.05390873691304637	-5.26770146093657E-4
-0.14245701473013897	0.0082504500051787
-1.167103715006967	5.474139055522669E-4
-0.3781873472790105	-0.004950052245502443
-0.4577166750417498	-0.005954870629349355
0.05485615315251105	-0.006267962686060072
-0.02045018345801592	-0.043100340048086626
0.31490233193929307	-0.0223539164296067
-0.247587760927499	-7.657636322904472E-4
0.24100989371347878	4.3191080336445447E-4
0.27819451121572564	-0.004382283984270601
-0.03792350431725001	-0.00897133875294473
-1.0171199448520252	-0.0017651296667376907
-0.29814125882774206	0.004920202204920136
0.1988334753486832	0.0072449127697961
0.0626788315543469	-0.002277253728427443
0.20065827759460425	0.00838913633828696
0.19320674869548285	-0.00535937238730532
0.09156151049798042	-0.0012087879285351166
-0.35828956343411067	0.0120295894270261
-0.3135028357481385	0.1405973356334991
-0.38431948601065774	0.0032836740602534206
-0.0019743698205361726	0.0030276413588424724
0.35353973369009567	-9.35237631303437E-4
0.9971521762293246	0.008757617902289518
-0.03218466022730304	-0.0013065075074878186
-0.04344153819741258	0.0037746863690997583
0.044590050548884166	0.0037443548676727206
0.19007790516315298	-0.22995811877211586
-0.022270921322131362	-0.009498882693070303
-0.2757234682438144	-1.2736972606044783E-4
0.0057307857888589525	-0.003804773937003933
-0.02822675862712274	-0.03703313693760164
0.6107806494611728	-0.01188629798445764
1.0269972076954967	-0.0018329795498089824
-1.0861425614381681	0.00158431006839871
1.0277965661927266	0.0017893032804918746
-0.17698497026373572	0.0011075823459303301
0.16455668842184898	-0.00393358648992172
-0.5843214067208001	0.0011395846454208918
-0.6548991014489783	2.8026240012812094E-4
-0.3972139082465539	0.0021810335619888597
0.6018139508505986	-0.007426812093036491
0.05055601434743994	-8.34208217573789E-4
0.1696926247626596	0.024945475791856297
0.48053425295039764	0.0025729780121347226
-0.47737325671638225	0.005650505435485563
0.0964832953510262	0.025964044915389426
-0.5117379364927706	-6.372324320041606E-5
-0.34043626410711164	0.05687486931564496
0.301648202608365	0.0038064112803402796
0.13963188379800381	0.0012429394466763244
-0.10705163026856945	0.0016925659915812971
-0.3099106466985283	-0.011821663483839602
0.39625168240336595	0.002787931103971393
0.08901759152981535	0.009844715470705567
0.5758469131680997	-0.07779677165091171
-0.4771935852460633	0.0011307947302901578
-0.41088731881943774	0.0061334701478125975
0.039363691268487606	-0.005654165855944895
0.45979890022911396	0.004046222922394632
0.32693494786047905	0.0028094936589347515
0.5572268493449372	0.002818841937694633
-0.014581876495907144	-1.380577378408549E-4
-1.4777448438498781	0.055316783459657765
0.4877414891685941	0.0018853664513855076
0.6870156048405911	0.2260112543413491
0.7337011603225301	-0.009019259803493697
0.9254822687950078	0.006763993861572532
-0.6538934808654445	9.544943898081431E-4
-0.5115459685021915	0.017128825148626608
0.10758605131455658	0.0033370966183982843
-0.593639963408989	0.009023971947415516
-0.5806429740090707	0.002126075818998212
-0.06939290718490276	0.055765991952141984
0.5548794671572153	-0.013430408759903992
1.1490873948235163	3.414047285792274E-4
0.8012566367002478	-0.0029221481505865825
-0.2268285245142537	-0.0033401613605266497
0.4796467798001639	-0.00591897107434052
0.20261959241241037	0.020338720841712603
-0.16284744501295506	0.022332113977677363
0.2046258959719	0.010039423485599752
0.14894979444551604	0.0016930118367782976
-0.3889604136901597	0.0025483627393085664
-0.8050034009248828	-0.006915666634263728
-0.0017738770002999529	0.003223141265824419
-0.276756867392668	-9.94119347714796E-4
0.21244483585526838	-8.175009294101718E-4
0.26998749957923485	0.005745797393488594
-0.5656271089731648	0.0015144723051442428
-0.18685141553393997	-0.0020385763442574015
-0.6743597618425363	7.390558321795009E-4
-0.04082719425611527	0.001210247781525821
-0.030681627753256075	-0.008420688682533872
0.4733534281763029	-0.0010100795667528273
0.11077494529057466	-0.003854208639730027
-0.10434710407135735	0.0029555994274817654
0.39642946529610246	0.0013918238999190116
-0.01004905564904383	-0.006847635264051886
-0.18948409673454264	-0.005777254969789058
-0.5598602714957791	-0.002117738628414201
-0.25201816189931103	9.965004200036412E-4
0.20821956297326671	-0.006585956642820823
0.24101331347989413	-0.004994269647120206
0.6102621866217184	-0.0022584379919981493
-0.2999847548371287	-0.052861485210673645
-0.5413030404667345	-1.7880828583135086E-4
-0.8773604934349808	-0.0019117717836548516
0.4858269701911518	0.0016514845290333707
0.9722969708089984	0.00977452339456494
0.32795839013119293	-0.0032894398232890367
-0.7751165713137997	0.2130220799068348
0.3270613971100111	0.025367362852064416
0.07934162053426505	0.010090076472428202
-0.36873235784623126	-0.011361816463785718
0.2685019961837942	0.009345728125549853
0.2564699033937076	0.0032191229495239617
0.39958385430743704	0.11487747512349182
-0.4294778013637496	0.011605749773924975
0.5941580200798238	-0.018477087589658093
0.8131369121969625	-0.017582575610956216
-0.5229011762526252	6.857386284974327E-4
-0.006087298893451423	0.008521684259378453
-0.1095069391617874	-0.003969991214315511
-0.23374969400684117	-0.0020428174423333433
0.1591707236800306	0.0021861782076177255
0.3143242515243269	-0.0028206008210808157
-0.41926491059698	0.008597255021896287
-0.11994252182274497	0.0017291836476784085
0.03733954530870552	0.010488504320192544
-0.9763042371884552	0.00182507547383712
-0.4869581670931157	-0.0019395749331006815
0.010597793975782997	-0.004947403876238992
0.4834620339906246	3.3634276566489786E-4
-0.3449000234960297	-0.001903017783193126
-0.002733411133612118	6.25489326580735E-4
-0.040589704721827685	-0.001091670916911317
0.13451721579292752	-2.7347038273625837E-4
0.4876513157115374	0.0017376237063930244
0.09896329983013973	-0.052548075306683976
-0.0252395756277448	-0.011277603055946005
0.5792584387854501	8.705943147523269E-4
-0.29045250034513875	0.001051419332887782
-0.19279010986427284	-0.0014697497696294138
0.1619599491293355	-0.0031437010081720096
0.2670976009343986	-0.0016989364630678107
1.484861342494206	-8.636550981011751E-4
0.2684642306812211	-0.0011097895142227825
0.13665128819627576	-0.0032991276648123547
0.2299219210572195	-5.832837652818624E-4
0.373816077841926	-0.004953516757513263
0.6800308181002883	-0.0037420468036407587
-0.484006957513527	0.0014505692192112276
-0.7827616307731368	-0.0029767542261629636
-0.366560320302695	0.0056488496069574505
-0.5057881126620016	0.0028959907679182743
0.5678254043924749	0.0014252725041114498
0.16219926949798913	0.00105968337307204
-0.4111735126959544	-6.156743554090983E-4
-0.4631367068423818	-0.011971887449755796
0.1667443137502844	0.025418300670116693
0.4788407150687091	-0.0020343271523292827
0.24840631792261852	-0.012017332511321862
-0.538914617998643	-0.0015798405164190962
0.4330689362492135	0.006645230319609144
0.5958233414551255	-0.004017867818860232
-0.05782406063923579	-0.0012934948875498817
0.03203178976603914	-0.0033177732652268947
-0.3145170358211835	-0.00506160503517823
-0.2935634078530091	-0.003871790085810703
0.0347753279684389	0.0011502130106639018
0.07993589371919674	0.002185695756669684
0.29050044672053715	-6.41426576889431E-4
-0.3097428011769877	5.259110993120941E-4
-0.29758511714704766	0.001585921168553203
-0.052720235336256444	0.0036711603776658835
-0.3992960966739721	0.006576758738487912
-0.3896886321025454	-0.030658496031542064
0.4747167461363353	-0.004939048187587162
-0.1356743873422444	-0.0037014598161082845
-0.7166565921285503	-0.0019370412964646627
-0.5068527238954427	-6.535926214955589E-4
-0.29325443111402494	0.05241388538800195
0.3352264554536485	-0.0013977410347048905
-0.3407850701408461	0.008452854466929626
0.5134663436629009	-0.034296887314462204
0.2358377901733757	0.008273836881324974
0.7980702573483482	0.042690067027050485
0.46877648698944574	-0.004869126376629271
-0.4291511790231689	0.002752278239849944
0.510099806822039	0.001070738852237685
0.35224234816062755	-0.040997274933542785
-0.0036606287738724223	0.013038860317745392
0.9694675255879823	0.005303192889082602
-0.5651090223415484	0.004141614781794544
0.42765103686974304	0.0014264259311512727
0.9326544316155083	0.0021107517284194932
-0.07035372298214194	-0.0028169284241819446
0.3857938028732035	0.011530265095129515
0.14582872030031438	4.016932150625669E-4
0.6762893259463328	-0.002957914428877186
0.053628556365816024	-0.006179046140826784
-0.9080425675746397	-0.0047828649470834875
-1.1674393031817578	-0.0022542500848904187
-0.7042016984203898	-0.03551882262452331
0.04107175446805733	-0.03797496229310548
0.8144198336852786	0.0021255866821967176
-0.5135275062471596	0.003717578167123216
-0.8898711180484008	5.082356307946293E-4
-0.06380797224545409	-0.001475599589166622
0.29922476867768005	-0.2655466850031533
0.39770112698505666	-0.00399087072424208
-0.06410977691565313	3.479009718090125E-4
-0.6872943908048529	-0.09367275636983098
0.06923514508205668	-0.004093864568690356
-0.9049722813287983	-0.0020949382062883668
-0.1981180214805706	0.004583298741026962
0.5743082909291396	0.005745820590062659
0.05828540667635463	0.0030564224880165283
-0.6673105650219547	-0.009196650796058256
1.5606099411438668	0.13379123881990826
0.5888855868838601	-0.006138477159833654
0.21642812899641067	-0.00457531767890088
0.14628265310992963	-0.0035811177067380825
-0.09048679113263682	-0.0034063008635267307
0.24816031451199774	0.00221010996996346
0.49981545867194077	-0.0036383699884389533
-0.24751824504266268	-0.003688113720356335
0.20616998169223763	-6.144301079488377E-5
-0.8129082591345281	0.009008056025894523
0.6364149330891284	-0.0017597524932485827
0.27943754383840197	-0.014250151189871628
0.665459635018291	-0.0012185414963608197
0.0346955962894989	0.007076641477455693
-0.05718870141193593	-0.005565147820950861
0.1178274008204239	0.0014533541683241207
0.09736644161097004	-0.004876166030083339
0.21281923276231343	0.0010118281283748333
-0.054548833051247574	-0.02079330671199093
0.10403259516766887	-0.0029647739370257348
0.7877563284388129	0.012763643587574149
-0.08917774762916901	-0.12436548547725314
-0.7900905907009731	-0.0026457110818740347
-0.001837420068346563	0.002499203377005125
0.4483890163494072	0.005241983971708928
-0.15870327817274024	-0.0029180254420430617
0.23164209080124606	-0.005266778939262358
-0.5966532203813352	0.0036140706332807673
0.21274892752659452	-9.326631822673587E-4
0.3188176152085756	-0.001032387939234472
0.4050487452061388	-0.03955707466857071
-0.14192242207847536	-0.005689435248008324
0.1007077952771336	0.0010660650627606616
-0.9895442127053569	-0.0014458650447722913
-0.04936026263880952	-0.006441515606687977
0.5388158525149419	0.00286895248486746
0.005451615340527582	0.008886090376145565
0.19648490795842102	-0.004233488664521137
-0.4712972243639215	0.00543928775481628
0.4557570397176196	-0.004644036426350866
0.7347287245453913	0.006691398646173585
0.2607515470143537	9.704339127156772E-4
-0.2965906930190859	-0.006069288824586203
0.4885546158888387	0.11851666928787308
-0.01916635236782157	0.00788286760483531
0.5759449574625345	-0.0046505785100853115
0.3108124609385873	0.003966529774809754
-0.8694893046580052	0.0024365977933574617
-0.6839475619102955	0.0037611954156125463
0.5046030656520206	-0.015639709407608175
-0.5737967160329204	5.933022438816623E-5
-0.8879128172981264	-0.003710350381952151
0.012042705005414161	-0.09832362068148473
0.49821424887434257	0.002623704166876909
-0.704944449683218	-0.0029229275487803424
-0.46618101907795334	-6.849003331896794E-4
0.8830398396387433	-0.033327932956687324
0.2824986171983538	-0.003652195917787584
-0.08448784006809608	0.0027046740659042263
0.20996327487993968	-0.04567220829879277
0.41775439218002813	0.0026418730978011663
0.008745442402694925	-0.0018110797801204955
-0.0895730950268786	-4.0238210737154217E-4
0.16547624124205998	0.005646508567956667
-0.4236753989414255	0.0865530742111772
0.5026733961115045	0.006275007126672987
-0.0321386074740309	-0.0024921041403596416
-0.36953586465870153	-0.013506795453013809
-0.28122655594641266	-0.023990100372197207
0.32403869687782527	0.020011217595833283
0.4521621211095283	-0.0019895105773681592
-0.14622032559504253	0.001914359927166602
0.6050352409388512	-0.0025614896226913084
0.2181772962038951	-0.0025976665175419093
0.34016719002283885	0.014528807434816195
-0.6306195593136518	-0.006631660531678962
0.5332387783068172	0.003902232105617326
-0.28708731441175867	0.008169964050934314
0.7751697435052303	-0.00622462917071419
0.14206605486921906	0.006132517530861854
-0.032863253415613775	-0.0017032732591484186
-0.10002874903766003	0.010718424722402987
-0.15705469811350473	-0.0033248571079616714
-0.3690982462181815	-2.7917393506951427E-5
0.27572331049307847	0.014153644212118432
0.47102732537611175	-0.0028343102898682644
-0.0021810104935010306	0.027494164868307348
0.23063589802428824	0.004490808587301084
-0.5929866076009523	0.019688530928041955
-1.1778037703916255	-0.07631094412418377
0.15106205635690942	-0.004038959420202195
-0.43221098872355684	8.002447058935327E-5
0.144688121742558	-6.96489471152491E-4
0.42724548563117437	0.009900522050102951
0.277026896767121	0.007108720642174806
-0.31448635602243497	0.0049796917326431454
0.07987492865946762	-0.00803799674627717
0.9834855311502335	-0.009518957900870444
1.2456204815961922	-0.002461751092499466
0.0292849164788984	-0.09067047955536031
-0.15559379577272536	-0.0029681650045963745
0.7744820451285093	-0.0010945037457951684
-0.4701904679393847	0.003811174204907059
0.3366720244321228	0.006366237991844152
0.5291537731196185	0.0026128308801416193
0.5811466600464985	-8.421362589912954E-4
-1.025054148182616	-0.001860092839985309
-0.5711601760901948	0.00135984780930771
0.18435643787956035	0.005712482028565506
-0.4532107485543802	-0.006133689029081307
-1.10505453477903	3.1920164711202214E-4
-0.3703162364459189	-0.0010311331096063963
0.2340584601289843	0.002295871383169575
-0.33527819143656157	-0.009887566864878261
-0.48421272463418913	-0.0036693978447068757
-0.11407661452753343	-0.005278661937138863
0.3366859492697825	-1.950276838469019E-4
-0.23944458916928896	0.019889794973346045
0.9836846535773468	-0.005203999317435003
-0.7186609548665366	-0.0023595498593417166
-0.22793994468867473	-0.003809928731529852
-0.30978861152442344	-4.461301015854518E-4
0.23111543287062863	-0.001258767309445759
0.10253541379232556	-0.005719581442173309
-0.07193778418626615	1.332629969321291E-4
-0.20593627685074187	-0.004381874367557999
-0.2855028775093467	0.005565036090439585
0.34365928871343165	-0.019654623330538946
0.7694026047749513	-0.11392453657206929
-0.44639939824071756	-0.0016221569733501163
-0.30140202759055734	-0.004452284393289259
0.6912719321921629	0.001486484210088002
-0.8638242218060236	-0.020454120859508842
0.07152542622055201	0.007553949476669642
-0.0568920507948817	-0.002863499549073826
-1.0211120901398665	-0.8998524369901625
-0.05085185392886061	8.500833021616967E-4
0.6132304012150188	0.005366971955379961
0.6743594290747459	-0.0012860092625919055
0.12750950250882823	0.010368569520506478
0.6010345775156589	9.646900889899303E-4
0.4495211583844964	0.008106801033938661
0.3716230162625925	-0.004732507427548952
1.1190408681062862	0.004666656596805316
-0.16590991250968481	0.0021612629230487166
1.3750513913146012	1.0548293249082412E-4
0.022864395903851965	0.003111928144061957
-0.2607215586728816	0.016938558488917482
-0.39162008967425643	0.005210979933065397
0.6554116496544053	0.03792435743296364
0.10752259082131622	0.002487309327114516
0.20323111122588458	0.012881900147896
-0.368480461661463	9.252392870903539E-4
-0.6623518300540654	0.005217445483572703
-0.1101010912373115	0.0023428759010894248
-0.3455739797403724	0.009407602043102927
0.3547355131848737	-0.0031043804193428563
0.2167835581569886	0.006384351905140939
0.8003905347546256	-0.001365230779626693
1.3712402986356194	0.0031967416551525667
-0.3287755261988391	-0.007014087982877181
1.399424966914774	-0.001208790878636111
-0.36052264983994153	0.012843659333788232
0.2069956644440771	-0.0018382500215543467
0.23463750437595376	0.0022422909887940294
-0.43728378952446256	0.0018782754690618694
-0.621897656771322	1.7208736215902892E-4
0.13060525964496747	-0.0037337727474852367
0.2876964872318226	0.0032995863722224098
0.5412941922062338	0.07151161555302596
0.17425531732252417	-0.014658147112715219
-0.03200713850676997	-0.005374877104245223
0.49923186591933333	0.018493780625162916
-0.27139460661140524	-0.00160391008437479
0.36242613997746775	-1.1818358411080291E-4
-0.09895844890328655	-0.0022771082328653124
-0.2989749973557904	-0.003732608980093818
-0.2877146068244959	0.00968814733087025
0.2876360854401555	4.407454903208917E-4
0.06644963790222665	-0.003891683286115958
-0.13074637837320674	0.005126138421448171
0.09391257083026458	-0.0014345398529799194
0.007154018648142482	2.5082146575355702E-5
0.7051884258702472	-0.003128593062203419
-0.709323859123819	-0.14479461094639567
-0.11821651534706776	-0.002657667267790674
-0.21591869677561204	0.00487029697191431
0.15349101124751985	-0.019947444202475958
-0.38245686311993654	-9.199661133039346E-4
0.5178746659709924	0.0011004758453769953
0.06296204121973718	-0.004572552295963195
1.0560954650776475	-0.007057991587146585
0.21443585580664798	0.01880232494182623
-0.047886547459468305	0.003711915411184964
-0.49780579792830787	0.008629800203968136
0.992806105828468	-0.021281187853440017
-0.0897275912785329	-0.044642967822271666
0.20445362375811513	-0.01021359695750909
0.13568089049367274	-0.004521197178899845
0.17577085635665723	0.00454093782814165
0.7637680772441864	-0.005009679377165387
0.07886175189879278	-3.052757494150646E-4
0.5018016772990636	0.008036105085106673
0.023584103640429895	-0.0018071026971182963
-0.8135549709610783	6.083770895185369E-4
0.6128120758677988	-0.0011154386971505158
-0.2785561566645041	0.004346300972071829
0.40956937649195185	0.00534412094267437
0.09611599120823199	-0.010102389626635733
0.7729458391491331	0.0024809288377308594
0.6538189894730474	0.018802102350575715
-0.5290192688021456	-0.0032760459896051695
-0.07709225908700774	0.00270221759735019
-0.8312715505853512	-0.0026839865273430934
-0.18284825653726308	-0.07344634747800734
-0.05143323608514281	-0.004727159433875321
0.27211061757135924	0.037945188821323986
0.03449474320032132	0.008688101227266204
0.9717970089516355	0.007082492523311435
-0.12674148063670748	-0.009629532911363987
-0.5186989924549452	0.015586707368223537
0.8737665561736978	-0.01159930699548418
-0.12770824429161592	-0.0037909557891799726
-0.5986687994196341	0.0025358451643440506
-0.22399075977162655	8.674574530475258E-5
-0.4277850880724758	0.0014834425418867277
-0.39998843437590403	-5.489962732726888E-4
-0.241486584695067	-0.003283533116711711
-0.6506636284621945	0.011638897198512485
0.7928385988828833	-0.12698487236537834
-0.43586775392541216	-0.0011482660520591157
0.19786749703127035	-0.005212011136090473
-0.17674960666139547	-0.0018930819172263125
0.596212394353486	-0.011830917391509346
-0.8048819592289667	0.03290124434884147
-0.358913622006337	-0.009436916040150973
-0.06588032843903185	-0.0032582616120370752
0.271080270984306	-0.033587134200922526
-0.2885838478962833	0.0057502819904061775
-0.6749929021938025	-0.0020923711305444797
-0.9277144840739596	5.562097474596664E-4
0.4193013325900207	-0.0032810531929001606
-0.19475001691109317	0.0019136566934300258
0.3940808611383639	-0.03216649892085985
0.43453467639539456	-0.0011950040229028779
0.8231637018380871	0.0017024878496761685
-0.3010968676812472	0.004185698163205595
0.28512018391243316	-0.00282800116760879
0.25115099917894695	-0.008096374223916345
-0.2880162228740666	-0.01784527494762967
-0.18564453669473527	-2.2215151957078522E-5
-0.2648732523127148	-0.006565160275434674
0.34696370653128406	-0.06827767017556752
0.12628582908695452	-0.005483118505337209
-0.5364320249242595	-0.02535500816704119
0.6235893053869287	-0.0013172072566197733
-0.260042389938146	-0.007019177155742387
-0.1751749463189159	0.012945664825915177
0.5105914944606614	-8.360534336705022E-4
-0.145321790507832	0.0025815203428593623
-0.16231653241103147	-0.0019281493958759751
0.44599785258208513	-4.1948978713747575E-4
0.2667625826657507	-0.0012402998390955338
-0.02661797617693299	-0.003516491486386194
0.15662347999230172	0.01305899129053077
-1.1664176300221696	0.021501390403037234
0.6279168559578123	-0.017155030950018593
-0.3439952980537768	0.04922122009443047
0.07184614911641979	-0.0019407455324135904
0.05359955452993112	-5.099070831659122E-4
-0.553636502844796	-8.171791761204031E-4
-0.16300061668794982	-0.008011912412465391
-0.1241112571708598	0.013518932112794391
-0.03131842015036308	0.008387478635087237
-0.8721774564805564	0.0042659919149647405
0.3790648667297279	0.0028530559575225658
0.12890838560999862	0.010760792626262172
-0.47484957945648065	0.002817410690444585
1.0763238511435196	-5.96088969580297E-4
0.4273548778751056	-0.004147102733596338
-0.1609466896960659	-0.004496823070622181
0.7311538189062871	7.143695418453902E-4
-0.2911852386227307	-5.029569602187903E-5
-0.48200055764539823	-0.006246411103416676
-0.15756523890632637	-4.599231815802711E-4
-0.2026160731019556	-0.02933311120570647
0.04082269932665855	0.010065126752132643
0.36868739308679915	-0.010639840607948738
0.9697823716002092	-0.0058600171523445314
-0.09371158350855967	0.01573722040378154
-0.9437567089875353	0.004051459270594607
-0.6616787050201471	-3.0873368213990473E-4
0.5600860329192762	-0.00185883815148808
0.07966796341534833	-0.005134490981517487
-0.5331326064682318	0.00907117995724432
-0.9012779418748778	-0.016901024532318395
-0.14101604904098564	-0.00352924289029416
0.2964055113865593	0.0012622693237890688
0.4662404273287866	-0.004319252593395093
0.5008213544392904	0.0022267153815808457
0.5504672012590158	-5.06877594147702E-4
-0.13363674718971072	-0.010928076611496505
0.38424246885762176	0.006134635699033485
0.9832594755002945	0.006273765967721395
-0.3267497351721583	-0.0034768829137301607
-0.45374225585568756	-0.014362107797315437
-0.05094663343483793	3.980154774009367E-6
-0.47677755820729634	0.005864592360446083
0.32178658694201634	0.013961786024236398
0.11732152649976399	6.339251247974182E-4
-0.3861053204364739	-0.0024051434079975557
-1.2122919837443438	0.005511744578503911
1.3997806626869673	0.024392238299020142
-0.5353887488347686	-4.360425563069976E-4
-0.21878429497283808	1.135757556571643E-5
-0.15244308327823847	0.0055664510787343385
-0.7051604975254598	-0.0025524441288216674
-0.6412386812120492	-0.006496686560128695
-0.20287681012685282	-0.06424125124509936
-0.3312033801012994	-0.001912610907052875
-0.22209489532394913	-0.12180915969406135
-0.6845706024421633	0.011267143955547156
-0.646398696018578	-0.007184423650471262
-0.02903411220780713	-0.014664389641440023
1.097629917485288	-0.0257933068357719
0.4598928476031284	9.983149773469813E-4
-0.04575954912196304	-0.011263370924303696
0.2835902472727722	-0.005968443783276495
0.2726037774190132	0.012555020738257108
-0.3971745274867984	0.00131586137077609
-0.06665889831622202	0.0010865475095993558
0.17803799771858253	0.001506318521259368
-0.3268649126383802	0.0028558247366969078
0.3006250532221697	-3.563315409173344E-4
0.03949322113708347	-0.028532014081488845
-0.3811249502828655	-0.00482389409506796
-0.3550109666827504	-0.011423172873881832
0.7975805000778043	-0.005603792709675735
-0.4571350863693772	0.0022716769879147472
-0.17158184230800444	-0.02537112510282417
0.14060287801917248	-0.004301677081051194
1.1429094331772935	9.5579433990824E-4
0.03531796137837379	0.0073254561072608245
1.0777287845822239	-0.005471443417726094
0.663058059726819	-0.004441312497048979
0.21178781285763734	0.0024540227112349955
-0.1884092355562805	-0.003345594407798448
0.30874915629329697	-0.0018543303256217463
0.045076609424219455	0.011021517117805371
0.08855301681892554	0.03968513127593272
1.0191982032536184	0.007376893838812356
0.3192927467299727	-0.009448453458599093
-0.21652157733950164	-0.0037331738785223406
-0.20139761228552394	-0.007463241318528291
-0.2659805892855527	0.0010528991999204395
0.22917613153831573	-9.256830855940443E-4
0.8031318652027812	-0.0029757990238623504
0.3750781340475653	0.004514426417631807
-0.20817279704586034	-0.002872763303609852
-0.09632300128654497	0.004909733620270804
-0.23515744596496008	-0.022690537939482936
-0.6493913628303337	9.842501922110078E-4
-0.8752578303424724	-0.0037743239700486157
0.24326046783861233	-0.0021929367069365782
-0.6995248531138945	-0.0387440470477774
-0.48537413372328736	0.020801232950500997
0.6158179680312261	0.0036854567355466654
0.08313729786017528	0.07895711656369006
-0.11255558122845195	0.06721657182134469
0.28570912692435046	0.005569049149668548
-0.673110334254872	1.1233664568619397E-4
-0.35845345874698575	-0.018166052647265826
0.11527251288126938	9.237762440747538E-5
-0.8518688587000338	-0.005547209933097623
0.15991587173467564	-0.01898471469404012
-0.14328013525537744	0.010486976782429406
-0.20831394330685604	-5.06970347488053E-4
-0.3826960903194803	-0.0061171896899440276
0.4782303188767379	-0.013101045469933858
0.5510359258979621	-0.0034833329643656013
-1.1704208898405764	0.007876716153572817
0.6287750689374609	0.011263425798646117
-0.3013304704671794	-3.0608240843754117E-4
0.08588175151760787	0.002365775896137987
-0.4538397920519326	0.005898492655591707
0.0331823875183556	-0.0024848183761900836
-0.20036032522183897	0.001450153192571537
-0.30527495064597926	0.0036508025445524486
-0.556639788982811	-0.003092373824090428
-0.17685732767834098	0.2496260409924347
0.22183049627737625	6.600342932560681E-4
-0.3809301034757567	-0.01393332313148935
-0.11835618321041422	0.021973568640956995
-0.06347515049067382	-0.028230628085476946
0.2113113380877191	-0.09680523133711988
-1.2905042406240093	-0.0075017672397805464
0.3650414375077403	0.014106090006406544
0.21669076738952606	-0.0034948227903305383
0.316771887530096	0.0020781154077479133
-0.057007772982844346	-0.00586314865061522
-0.41177682299232576	-0.004841784382780989
-0.3678931349846962	-0.0058848597074625435
-0.46626585375368707	0.004028560555035148
0.7516762282482667	0.0016833054689429521
0.6581598002083588	-0.012201920232385411
-1.095910688511016	0.0019585947836143515
0.35107956421629494	-0.0023878212742402794
-0.5101431488815825	0.011585649232287854
0.650741359290561	-0.004880248599298787
0.051458418763110754	0.046173867874082224
0.016551233186683667	-0.014146106870946942
0.31534640293244853	0.001966921636376144
-0.09180269810573796	0.006740693563033103
-0.5605580421237079	-9.467044616673611E-4
0.19324942401556458	-0.006724064070315715
-0.2714336882253695	0.0018958232347836873
-0.522527765131911	-0.0012130405303352554
0.6056361011766845	-0.0038339892123122068
-0.045422345071984824	0.02531714993820479
-0.2823378937834684	-0.0010521446228118063
0.42362436105904233	-0.0039075136534749925
0.595139186119245	-0.0021238424589560176
0.9426408168622797	0.00407754511930955
0.6448522559343401	-0.0020710158173846706
0.1879721407918301	-0.0016570117287961338
-0.3262891150090195	-1.2072807375258654E-4
-0.16456510063412366	-0.002564630716567324
0.8725592656043454	0.0015231140156891322
0.7323391157713315	-0.0028243662725309726
0.010376385158611064	-0.002204456538610027
0.23156097896602343	-0.006585982256066657
0.37755480670976876	0.004580915284045367
0.03132201716406889	-19.925051117703866
-0.8055719731828993	-0.0038664133962623293
-0.6520422797069102	-0.005463902400620675
0.2190682913925646	-0.009844386005810883
0.10755045424274186	0.002728146327737037
0.5140251637850666	-5.149697194672124E-4
-0.06119473163937505	-0.011453839156500688
0.08969944558508572	-1.5340481449195933E-4
0.2656931299054648	-0.004041530916231848
0.005660847196185261	-8.385651223657636E-5
0.038144721286194866	-0.004021353569307818
-0.09397767476071937	-0.003372849954631737
0.024558919311190298	0.0605230652746272
0.9540673361905764	-0.0051946403236990315
0.30309210119873015	-6.886063046720947E-4
-0.46930823110911785	-0.024020710765307634
-0.036648283918147916	0.014526449039210331
0.09331181323909166	-0.003946333219444355
-0.051497677085505636	0.05061498770501686
-0.8279583348092598	-0.002834699414538635
0.6568966312864544	1.322027260508863E-4
-0.2784180367874826	-0.030444818722145134
0.08677676963033433	-0.031277010451793166
0.091227627593815	-0.003088770471609161
-0.3285175383138623	0.02233355172805446
-0.5001421776144384	0.0014692919268069747
-0.35941537858383205	0.0013918177971668922
0.5086980341798673	0.0033969674173700373
-0.1710554679192273	0.06654529862741601
0.23247037510932403	-0.007180608814827776
0.32814905217568113	-0.00862066803908964
0.09481711627810692	0.0034190991305637014
0.3194011479965627	0.001994832701696227
0.2062585543870675	0.028212750925946488
-0.4729005396863286	-0.0016104752661805295
-0.1155725717775729	-0.017928057663264687
-0.6805855713343897	-4.760512757241816E-5
0.19060545540955778	-9.879309754046073E-4
-0.49604411339578114	-0.014420891829016473
0.09162335050923327	0.009441192269318228
-0.34345476434365235	-0.00333407229610317
-0.08466522109567542	0.005450542990469848
-0.07086269415772224	-0.0021412227111200677
-0.33962401377805435	-0.002408256671240785
-0.4137290022192044	0.0019268344711972456
-0.3821397271443481	-0.00488389469647093
0.9388914460461772	0.0036734962728607492
0.2645174615302442	0.007935593302629365
0.8071952934456	-0.007436797595656351
-0.3905074202367466	8.2988975111685E-6
0.362011183888636	-0.0027512281781288212
-0.0364191570748434	2.4110436292106314E-4
-0.29617367211438284	4.6254320039008977E-4
0.7700570366445161	0.003006845280861924
0.1751957473456912	0.0030296929625498684
-0.6411075561257852	-0.013261765279479783
-0.5627342818937845	0.005628010822955492
-0.37214168070248255	0.00360528177726021
-0.15289221734349173	-0.01599935276216463
0.12434107548216078	0.004167238211383519
0.46628894195515885	-0.005845462868349297
0.14016156026814178	-0.002605194197373326
-0.04018383952275033	-0.0020119353890303555
-0.5166507661190175	0.0011554839200924134
0.061760557483604116	-0.0036998156280823786
-0.16710045322718137	0.0072780311489770615
1.0842600121470873	0.009508751396986386
0.059257012565573856	-0.016773774517861804
-0.025309262308256097	-0.004387346292599053
-0.2980199537364747	-0.02219103308893989
-0.32205087604779553	-0.007578454564721068
-0.48732374317312127	0.0024629859675558544
-0.3356308689668949	0.005198448852686379
-0.06860058582601582	-0.40076033903053876
0.001584836386719971	0.039398105324870036
0.3332801682447788	-2.523567187353459E-5
-0.9221446957697149	-0.025807223680390696
-0.5729798867169963	-3.230427245779005E-4
0.7220845428332482	-0.011515785506568201
-0.5007529091657423	-0.004920679772223292
0.21414670382422304	0.03651460623281098
0.3834597947184536	-0.008912095324102618
-0.3295144486869347	-0.004015277319839099
0.12390760647670572	-0.007555363860680824
-0.1865269511629525	-0.005208142830654393
0.3567886628829639	4.69711779534043E-4
0.2055882566896104	0.01769456709676786
0.9885764664484175	-0.0024392801578753
0.6308733862726381	-0.005493315421373748
0.4353008684597341	-0.024870064220314975
-0.5464990252643527	-0.0018107782492191246
0.4071673860765041	0.010835954373558193
-0.46245514692549067	-0.014755805769613986
-0.1572413425572108	-0.021166036702597854
-0.15732830918582702	-0.001746098103450723
0.17632270233708064	0.006194503870971999
0.19444291433392624	-0.0022379738446523666
0.8914509783777781	0.0056893783807644965
0.3739735679002931	0.005477867684476964
-0.10993197474481461	-0.003652515600105545
-0.41054105288246573	-0.0018168842842152368
0.1704474533501728	-2.3517381905165374E-4
0.19406983280631626	-0.001027366574410589
0.1935297327554715	-0.0017919650910469794
0.2522330905599101	0.006407140623128129
0.8534795619784735	-0.008730159180367862
-0.2931755225159483	0.003255927886816052
-0.15158164880160185	0.06293643574795954
0.22981844509719473	0.02340301254647237
-0.5198078216944392	-7.569836930151974E-4
-0.15020951022388326	-0.0038093143073462976
-0.4393315401884103	0.009248909295229674
0.7028860744636016	-0.004006536004835595
0.044497876914356034	-0.010932273403975734
0.10759367882797878	-0.0020375186359830313
0.3771337353840235	-0.006265613445017059
0.5724992226586838	-0.004394253787110465
0.6079656494131042	-0.006656289915527141
0.592096351334842	-0.0031095213523727036
-0.09458707749418427	-0.0040334305914994555
-0.10753820038225234	9.949284676590525E-4
-0.6889100966881433	0.012609657668294668
0.49767245952928046	-0.002387271765714501
-0.2121960499976058	0.0038703317850490872
0.5547729081391557	-0.003843532121610244
1.0747337504721266	3.583307979636461E-4
-0.5901991486661731	2.641273906469262E-4
-0.42250840020859326	-0.029386620588498457
0.8223941643646479	-0.007273156682267075
-1.1516293446137422	0.0013939074971637574
0.29906292507050825	-1.9089207078184926E-4
0.09250356148215366	-0.14454528975062436
0.9645660526365961	7.36233822557492E-4
0.5094522582720322	-0.004455511561800445
0.012976683037246344	4.783717499020589E-4
-0.4559798505465401	-0.0072430006017989495
-0.16297974951751765	0.0024256297003173426
-0.8035132375266051	-1.7373401063932998E-4
0.044014438018993546	-0.0030300984460582495
0.12215926941262556	0.002295620125999907
-0.3214745607137344	-0.008051295978271703
0.7301507226032564	7.641040423666586E-6
-0.304822948353645	0.0015526970215394142
-0.2503826277983493	0.001094039330377915
-0.05394283966474705	0.0027917480721535294
0.3678461183860127	-0.003036488958010752
-0.16104223138585644	-9.075223549559534E-4
0.6820029921498512	-0.011215767171954726
0.15642302753014392	0.005468287849845415
0.9009269122101377	-0.003432808113101734
0.2959242862469346	7.704277674889149E-4
-0.5232276190049607	-0.003394946012453515
0.5045997836192282	0.00595676822713357
1.3187093838531134	0.0021515847230374383
0.01496652606644472	0.003839575210243059
0.3533671528702076	-0.0023156147928360344
-0.08466103456089795	0.008704596823444745
-0.02172499530430833	-0.037790191317653175
-0.6193197784185118	-7.414224330914036E-4
0.09235996358377566	0.020228578614915692
0.016914299274972056	-0.006605796328810037
0.08029033447364474	0.0029385105247687147
0.2218127202310269	-8.145754434803814E-4
0.2102733487340237	-0.007886595527223653
0.38916089722682345	-0.005960313745743212
0.15146574818654324	0.0038348230989606953
-0.42899808819877666	-0.004269513635435705
-0.22645798718389673	-0.041556572814410615
0.12355983964030023	-0.0043138882064888955
0.4453364811835181	-6.183755330243202E-4
-0.7517849449140638	0.005183279434562962
-0.6119524034524974	6.831258542315024E-4
-0.4803592831793362	0.0020511020976511085
0.22863603607586055	-0.0037673727697053344
-0.5376834157613889	-0.004388345371521577
-1.4260769282020525	-0.003021199119635132
-0.45745493255605985	0.004473495489431273
0.21432332095854417	-0.02080811047676597
-0.3930890423889968	0.0014849717106537239
0.05666389247347292	0.0028285689913874323
-0.7720492165667809	-0.013290085257219392
-0.8140572399929352	0.03584766698018773
1.148963466519356	4.929720004895905E-4
-0.10803249178514457	0.007282986687265091
-0.16891215656323064	-0.0013330973245583267
-0.3461151692306717	-0.0026718815978081538
0.22138711638890585	-0.002811544487833337
0.3061797107983429	-0.002138433493606014
-0.7330216410427067	-0.011071946629483518
1.5885675703395594	0.0035181408103790754
0.6388719181913352	-0.0027692644084407084
-0.3486383384343546	0.006582229005924537
-0.08787562989056562	-0.003945554126439621
0.6823938856876457	-7.25878709638886E-4
-0.1313311985384464	0.00261106327912319
-0.012647235061429587	0.0035061331982781862
0.4492368893393611	0.0014983645588193652
0.7626062467490853	-2.3511127999580262E-4
0.486147500450422	-0.03078426170618821
-0.5075479428674309	0.00402378837066102
0.25935403994791373	-0.14186050345224238
-0.5824564984699858	0.0013022526480756514
-0.8249789635544129	-0.0012504470559690942
0.09488924789873782	-6.15578767301799E-5
-0.059978721872175955	-0.0024988593806891824
-0.14998088285657898	0.06043778560822033
-0.13684397376023585	4.179177609853442E-4
-0.15376468459434176	-0.03212899547172799
0.7945701548455969	0.0018949406052013768
-0.4701837435272491	0.0022796900246612327
-0.4197567179121508	8.638572051132946E-4
0.03491753879987872	0.002971570145845903
0.518276594024647	0.003687955554288277
-0.10093838093946426	1.9885031365311808E-4
0.8028017017663683	-0.005003243603278878
0.8447747771270266	0.005073156752002198
0.2530889303705916	0.010949401291060298
0.1893367590294174	0.003183507826176625
-0.26061240732712576	0.002504129157246102
-0.49784988809547503	0.012745048022794756
-0.7085474400760724	8.688379493358224E-4
-0.8372907397831905	-0.004179646176826473
-0.4632054291650896	-7.247562632083208E-5
-0.8691244571397759	-0.010334303257256554
0.5075142475590195	-0.00400824603203597
0.39612254549510617	-6.865192407394881E-4
0.9001410299376882	-0.014959123126764371
-0.54193444119373	-0.0019821772238102935
-1.3832289011063787	-0.003936073705829647
0.8026942433480911	0.0021991475278346304
-0.5189094528117774	-9.092951708271998E-5
0.23849155932447208	0.0053114947135657255
0.6377537847439324	-0.0019241553779748813
-0.22835398357608216	-0.0035937732383607007
0.21080765919059474	0.06444082671435523
-0.5755105763471234	0.004281728835045714
0.04141555664470159	-0.007511461696725034
0.4376108026606644	-1.2394149544041065E-4
0.19638330693992823	-0.0056977454615290725
-0.6651231033783368	-0.0034158614231781076
0.07567945823903682	-0.0043741582253435055
-0.5300903833567898	-8.518080654452701E-4
-0.01516420029344373	-0.004255697805261102
-0.8854078266929136	-0.0013631121747307293
-0.4591504442244717	0.0038923095222236697
0.8395929025900344	0.0063710831499597
-0.5687690466421502	-0.11745936026156296
-0.21159899822102135	-0.002894602266410018
-0.09054767378008294	-0.002398717579900027
-0.4071754602623814	0.0034636605771351135
0.05819732592056228	0.006918149135371551
-0.13307584745254172	-0.0065330253291859645
0.29651509309809443	-0.008497816775308776
-0.6640243955014749	0.006224891440251295
-0.1109087861128769	0.004998743630080452
-0.5138902459454565	-0.002345242664844025
-0.16832832304596435	-0.0015927751298468432
-0.84585659735962	0.006028487020128497
0.749895270492109	0.00999443558614282
0.3793139184925515	0.011430356878884466
-0.4199435993919307	0.006262613687049486
-0.6319714455697916	-0.009347844996983228
-0.8898652181438542	-0.0064222021993772345
0.20194769606156354	-0.031914257541944
-0.4509995014741419	0.00420761519185942
0.46693928856843736	0.005230704607554288
-0.9114417031642942	0.006110903893061329
-0.018883326802809856	0.008735440519621373
-0.9995922606235744	-0.0041383235920892745
0.08959213922493243	0.0035033054853780754
0.06612986905982465	-0.007288908502615939
-0.6421410872684666	0.0013256792061778053
-0.9274943969289186	-0.006144630641493041
-0.8829394449459212	-0.004857438313053936
-0.0012728470737287064	0.013006725350881574
-0.3990024503561635	0.0025491563581558803
0.7206775168426167	-0.010903906432844765
0.020538883932659218	-0.014978967424306414
-0.49773910694456147	0.0024376749317916342
0.1977127325158132	-5.471741435423922E-4
0.6449604703536316	0.022032389923479456
-0.36311825873105075	-0.014077531822813965
-0.15222739042522956	-0.004319395868962844
0.33622511508379316	-7.437380826001791E-4
0.25781924486630936	0.003954177453690065
0.020278609142974705	0.021578904578805153
-0.6129982535874618	-0.017675307641035205
0.06397663596735843	-2.4063944127600173E-5
0.3525183906232124	-0.001816270758895336
0.7058067452974693	0.007641855012849696
-0.4644930377386287	0.002529733643756512
0.28736332309044854	-0.0045400371271948955
0.16241320435904646	-3.342769208281903E-4
-0.7553116336925745	0.0017437932145634046
-0.4607635694028179	-0.0014392242594909058
-0.1318092810959962	0.00444408836975566
0.8635411375884318	-0.00846164243720387
-0.030685883461031505	3.6272452508008556E-4
-0.2980942966165888	0.0013068511799685018
-0.9353700029293183	0.006834653878103667
-0.8451399421642287	-1.986900032071673E-4
0.030558510867753828	-0.04045452112125754
-0.12783220229968817	-0.00458093225193632
-0.6918318551216441	-0.007750878837196912
0.42788941423941584	-0.0012255567722217293
0.3776004038248276	0.003214454559107306
-0.4535505358086889	-0.001653319835564601
-0.6075151293831438	0.008174467530439232
0.18492447616956809	-0.003085256977099561
-0.14620491714218786	-0.01605989319981797
-0.18715143699000564	-0.008134281450711545
-0.5103372447342338	-0.04396717526194016
0.3052872801656308	-0.00499066567284587
0.5198144839001115	-0.030894953213187224
0.274503096291891	3.6370154131489495E-4
0.4891257666714276	0.003600681333565224
0.22928110703860366	0.008706162191741928
-0.0490561097705516	-0.008404987008306929
-0.017599587423605335	-0.02827417613762455
-1.1143523820037546	-0.004946979772370768
-0.5557824131902435	0.0025878809815674266
0.5563240029903659	0.0027174659211416665
-0.32705119296977536	0.009948262422716786
1.1480565646581495	-0.0033328628452928637
-0.639742515621487	0.003585540758682584
-0.2532470688824715	-0.007888533220282868
-0.6905951898158184	6.924281273655677E-4
-0.09864555025518192	0.0016964458360082852
0.46122784389887916	-9.993835539504703E-4
0.5692455966054039	0.0011751471326407975
-1.0465377823484003	0.002102764089616383
0.1892706672455259	0.002827478120913091
0.15553156798003642	2.9026286303158445E-6
0.5806529602755289	-0.022906876660381582
0.3041244996683901	-6.321639309589924E-4
0.17735077790378662	0.002272673331645557
0.4243313782733505	-0.005526978208582815
0.39102294068636795	0.010734114591915773
-0.23095666101514487	0.011802316482337677
0.4473298352664356	2.3518517062038125E-4
0.5303453746700109	-0.0018213391125111254
0.4081071369040619	-0.06049908642259441
-0.7314650874502164	-7.243248144181998E-5
-0.20884311303710382	-0.005035130491729363
-0.4168063125093043	0.007932782871691508
-0.09241837589706457	-0.0036623639730043772
0.43279652187689666	0.0042856622582405765
-0.7728504598908938	-1.4320067907874073E-4
-1.2022728766790414	-0.028085367969761823
-2.009169997140787E-4	-0.014329380745932421
0.12222239606079698	-0.0036983805226992773
-0.4094056466768793	0.001900571305412556
0.21008702836308235	4.965235135190961E-4
0.6013017917351879	-0.012083718465898643
0.48401961079132994	0.009692007568821197
0.26057800615139864	-0.0011617193318997764
1.2879862754418956	-0.04193362645475867
-0.30748488256351186	-0.0014658381405357771
-0.16822770443733429	-0.0012683696401037043
0.25208419123182346	0.005830700941356239
-0.5834737842164165	0.008451225473142936
0.39305905976505057	0.006109415685041622
0.3248115113005519	-5.17490766340984E-4
-0.11184173926181099	0.0019295145768263302
0.16175472483144962	1.8521600509454443E-4
0.24231152464812	0.003578147466272078
0.7381857285906906	-0.006908438927058495
-0.09085074719011373	0.0033276575705861356
-0.31744100954330423	-0.01403519356200966
0.08522937288971998	0.00715690198628034
0.10804663502135937	-0.020482232919664854
0.20640453742868672	0.004590291269259816
-0.22449128442645197	0.0029709608234043837
0.25919808846142645	6.15309991662825E-4
-0.8396719057539591	-0.002764400430646136
-0.37131719234873245	0.005466185734387331
0.5971853793947789	0.005398600381932017
0.16956038579537785	0.02235414263323861
0.40089981076973763	-0.002206373171269445
-0.547845320936556	0.009839132977976379
-1.1979008135881792	-0.00432571076198066
-0.06320005171923415	-9.106813123207923E-4
-0.4508105192451357	0.006984190654741668
0.08073783391652568	0.003648889985416509
0.15056870358524943	-0.0029693390879553675
0.47238830754655514	-0.0022665568511241485
-0.313550387962155	-9.479328328462009E-4
-0.8260731638438448	-0.0016391795887964642
-0.1745737835211593	-6.25476559955419E-4
0.6855993848126477	2.296944660657702E-4
-0.43831025870266427	-0.007033122007313062
0.20047525020199927	0.0043594522067965805
0.26151226941732486	-0.009539985136448027
0.847347622958211	0.006754635948381141
0.3092638530536013	-0.003357532640128287
-0.10898557276634904	0.003410906066450919
-0.31514395102425546	0.011032981244236994
-0.2024689718518254	0.010748109367904657
-0.21704863771235508	-0.0034110205430358453
0.49466632155290546	-0.00358253968807106
-0.9259768720116477	-0.0010374877707638793
-0.12056861101631593	0.006704063430825947
0.3916046900142358	-0.001164480018804914
1.202359661621422	-0.00933050251535752
-0.022473819212197512	-0.003253901053721611
-0.24469177013138876	-0.003559997373540252
0.053408386414132404	-0.014497895257024667
-0.2046062994299279	7.435165680141363E-4
0.3148141793633996	-0.0085326932506573
-0.13402078604977524	-2.500030728898505E-4
-0.819105935809998	0.00493437116901919
-0.6493721278577106	-4.5069888373845385E-5
0.1457739651556851	-3.9992256493348024E-4
0.5042504780261954	-0.006775721169667792
-0.6601700170001189	-0.015730097075420425
-0.24006020899007588	0.0012773819490489579
-1.2045445763333429	0.0014168058137322883
-0.29372803078561877	-0.0028704217910283268
0.8075846529477517	0.006066264726400222
-0.17527305616980204	0.003212866819595035
0.2808722580494279	9.19327551880886E-4
-0.6952525752277049	-0.0018324126771492191
0.21138358666940943	1.0074745204334139E-4
-0.47558790503897924	-1.3041600008978474E-4
0.5237124435801074	-0.004808526328380859
-0.7466382875435773	0.02440189813748409
0.45935622927817116	-0.0010205244022969575
0.26688370838401243	7.459633601218436E-5
1.1952066204929737	-0.008839211826171083
-0.6730270748599586	0.002082986980025383
0.39367154757399586	-0.005108981766989161
-0.006127188111613907	-0.004094485085033541
0.3740128655151184	0.01463695087275974
-0.5216159840089898	0.001273276214009142
0.15100180277227265	0.002924303240423671
-0.5963954112108776	0.006215208519549422
-0.22467734216145357	-0.005427646402107591
0.12338845705946634	-0.033257588369165585
-0.8984065553923658	0.007137730375443845
0.4136818255816869	0.0018662887565589388
0.9814385572330341	-5.390600343584079E-4
0.8236404479056749	-0.033306603598346494
-0.3595180375553033	0.02073591539173991
-0.07587727817243033	0.017503665578951368
0.316876444975275	-0.003078917506596272
0.25093589975017183	-0.002602312213193751
-0.607977511570296	0.006878549084364135
0.40532491765592615	-0.00540489053972907
-0.37693040751090034	-5.128930814205302E-4
-0.46626524861379454	0.0211392063468447
-0.8353713519940503	0.008134441603829522
-0.8607927225335628	-0.004274408790912738
0.43794196358029613	-0.005874093835818338
0.9343550470854881	0.0011961903442233
0.2890764965932945	0.0026656260045874714
-0.29495163403194885	0.006850596840099502
0.7159191773310424	7.66372246399175E-4
0.05914842853670379	-0.0017947806073078897
0.21832894312450657	0.09763051296989518
-0.17307200693447566	0.01603501566846843
0.6664441996665866	-0.011247215433705068
-0.6998147484806022	0.11859034516336113
-0.24378226309222023	0.008973682807499831
-0.1626116325272095	0.005841376836245495
-0.4748138188674655	-9.766420082029754E-4
0.05557536155098484	0.005798498892307665
0.20478951895266861	-0.004708081630744355
0.1341198961811455	-0.00391833720538754
-0.053700749814471524	-0.003458455578219893
0.571247821569187	-5.430659770855296E-4
0.291997771132341	0.002949277016828008
0.5423473097484001	-0.0010858325021033666
-0.08657892874177361	0.0029558066986161142
0.0018660590778464933	-0.0032037369114253926
-0.1505156599219225	0.0017398068936182649
-0.1898958281873152	5.136880867701675E-4
0.2703869632991547	0.0057200846904222865
0.59221635474445	0.0017875217602734876
0.1830697506250137	-0.00260705961962912
0.8222771317188782	0.00416872844396761
-0.6604669610924665	0.0035916694887289193
-0.2534536816974521	0.0071277424673221595
0.2713205401712842	0.014399086633798814
-0.6329893267044581	-9.50328915933679E-4
0.17755872362525638	-0.007525853931915233
-0.3178574784392796	-0.00757317667225147
0.5593527910228054	0.0041358432394239765
0.5592759715270361	7.692639755947203E-4
-0.6725407201770844	-0.02140335380084846
0.4423838704973094	-0.24774458177505085
-0.4109991432871019	1.6362496714441234E-4
0.2205896084077163	2.7419188979865437E-4
-0.536092215643096	-0.03193579713662913
0.4284612079976111	-6.380670175455477E-4
0.036172718789878544	-0.0274681829211133
-1.4637819504219063	0.014192061680322813
-0.39199216117125857	-0.006045343313750792
0.30325626597225164	-7.714231324576724E-4
-0.06505789105095272	1.5169835541751898E-4
-0.0026024050143526154	-0.0011268446607850943
-0.2497562927019992	0.01425841683955544
-0.00428695380760479	-0.004799542870996215
-0.6972896718642491	5.984536615661641E-4
-0.8606651672960833	-0.0058634409396902745
-0.4216477028995229	-0.010118538281001817
-0.8220201986413118	3.673124420851995E-4
-0.18145527460166988	0.00831767557712711
0.5045461647015381	0.008391961340128927
0.3232851955285398	-8.054401981972119E-4
0.23044193256407208	9.538517064834404E-4
0.23348931074447382	-0.023347261394312202
-0.15337813166201733	0.0022597276494275365
0.05039254250947303	-0.10650182865001634
-0.3630404913968538	-1.1091173037682191E-5
-0.21523560657337504	0.001965478595573766
-0.1947546011129427	-0.00624893989919183
0.2929169019589941	0.009146731232835336
0.167960195722509	-0.0013021826954366534
-0.020573969167729505	-0.012122432733199575
-0.8396537941395996	-0.005183230082850893
-0.25338758809428363	0.009667422944541667
-0.09964297238698715	-0.0027300544292411365
0.5523774833560667	-3.646480205075577E-4
0.22349104903594014	-0.01686417475337581
0.011616852588335086	0.0031741858906773096
0.11401235822748312	0.0019894716506322187
-0.34182285735098933	-0.003350625569693539
0.43380248917344544	0.007965261452498342
0.7450904842308402	-0.01964111492789387
-0.2829359841255643	-0.030284530218709204
-0.21490731262938467	0.007721650694322365
-0.06711577156336057	0.003853394256678315
-0.034269668110748594	6.288150995382734E-4
-0.2686892174019089	0.003906456489581301
0.5174476171549058	-0.0013528738548093371
0.15529453993297387	-0.0015625526801684485
-0.14219498773476066	3.9025942500806244E-4
-0.18214362207820764	0.005043033602809258
-0.06348814777326126	-0.003407735054104083
-0.08371441140821786	0.009274651834347098
0.5173348383010377	6.745760179375441E-4
0.053326871219679654	0.01202447360035377
0.702121760759259	-0.004377370658691871
-0.6254620568733654	0.007575964797928843
-0.10017458641367012	-0.002053571947014021
0.27361430530311215	-0.0021142352059047363
-0.26407013580245847	0.003216854562475424
-0.8173936214925802	-0.0011166648346325218
0.1613375290202014	0.004726404242240355
0.12408877271992616	-0.0015457551011320368
-0.6443506339392657	0.001383702393489542
-0.28048472005849173	-0.015179005589882725
-0.7069093980146184	0.006112979389904279
-0.36861833453463394	-0.006942480966696973
-0.18916361918758318	-0.004005141653007159
0.06929397364015778	0.0030742376261210158
-0.07928841256150082	0.00394154349083514
0.8140068327688066	-0.0022060809504664803
0.21015133489932492	-1.798437705576242E-4
-0.09966308766980632	-0.0044264963271524755
-0.6164635735564147	0.00650383284891961
-0.9147136138817591	0.05176973287867175
-0.2757014136088021	0.0011332794177395574
0.1548911740408872	-0.03706938841617792
-0.3944786393764004	0.0049669698658831645
0.3382328963255056	-0.001718891467540118
0.4912671482711014	-0.00694612237770588
-0.47231106821599805	-7.786715103411427E-4
0.8671068035065902	7.94692527849009E-4
-0.018769816874725304	0.0042855777771896135
0.10138275021880659	-0.004015613229261535
-0.0646878172389104	-0.0015555540809725741
0.22813262167062404	0.005362229865567896
-0.7315213757279311	0.0013750381757410115
0.6421216704525171	-9.222254321323063E-4
0.3460410743862174	-0.005930189528274189
0.27690145627182955	0.008797016626176166
0.13391171129891233	0.006912228369582639
-0.3995690104151201	-0.0010892993293999574
-0.06445162106792794	-0.002235967315351118
0.0035641462856796564	0.008922774997970935
-0.35417278179465034	-0.003705334159714785
0.6687226386156316	-0.06688420801782267
0.053475377341607955	0.005047955879605703
-0.023191164921219493	-0.006455154483381582
0.46368820661737403	0.0027970414431731606
0.25534906326769036	0.007948301903237101
-0.19842195835326362	-0.007959225771851756
0.3733443075934156	3.766572953407945E-4
-0.2507130487606215	-5.327439338796368E-4
1.1472415740043989	0.005854097200959904
0.06037484757436372	-0.0032075178769234926
-0.0025646291773618623	0.0011416650608375642
0.0546238042685514	0.0019012899386198015
0.8845154076854019	-0.0049367333729446
0.01709042726549041	-0.0023024204402052406
-0.23220275575821958	0.009630317524483026
-0.6149039596390671	9.985237161224314E-4
-0.4136820661015952	0.006449547442237321
-0.5040811541382597	-0.002254059173667426
-0.2822723277332904	0.005023361645574858
-0.5635300573448145	-0.0024803618696778366
-0.11437560924753913	0.001915837413617976
-0.04610554115144297	-6.556890958153984E-4
0.5625014188476296	0.0012529378693288719
-0.11786063193440773	0.03493526862085959
0.6641673607094457	0.004634551178333217
0.6785173657306214	-0.005032829417940909
0.11634019873215895	7.950960718868131E-4
-0.4305922016481745	0.009905960896531413
0.18464820719506947	-0.0013648979674215948
-0.13113458375557052	0.0037349656829182717
0.2024479413333427	-2.2251801935157625E-4
0.29029568942377737	-0.002036154022564497
-0.44753723779885024	-0.0012722879447362313
-0.15700134059036938	0.006020457408638387
-0.776928741586543	0.008125655847129315
-0.47369884992167044	-0.00614290797412449
-0.4485077617053588	0.027676984464908093
0.06591261993617172	-0.005145293991354907
-0.19087261514041998	-0.00623233023591728
0.09990884900530986	0.009822744563990748
0.7358404805562108	-0.01593768600166428
0.2052248367485445	-0.003979820412177929
-0.3167128430438885	-0.02840958500793153
-0.5145262846131838	-0.0051399245287437455
0.20965021328103547	0.019158854497363844
0.25870456476234893	-0.0028757975372146875
-0.03968314466110339	-0.005269385228610984
0.3402292063560633	0.0049196506205162974
0.14638067812713332	-0.01293347431528173
0.05032079908768564	0.010286029399156824
0.3526412999266157	-0.012638527474823065
0.22409461139583464	-0.02181542332196804
0.49848916299263146	-0.004708687888966004
-0.4790835940308909	0.6467739561075594
-0.15484725938806473	0.006009229643254129
-0.15573432019881647	0.0015542435836759679
-0.614452708998856	-0.005761881446023503
0.39890536343302635	-0.012004136250608878
0.5652191250254595	0.004563643951665011
-0.03725238919638717	-0.008039157235775307
-0.10465063561540694	0.001337671435169413
-0.5318749399962014	-0.003446156715934598
-0.6033130197575178	-0.005822697877865764
-0.637090931217561	-0.001664397117276936
-0.17014311338843396	-5.326795586351623E-4
0.9595125755051523	0.00636082830812451
0.10024542785261702	0.009410399899015402
1.58086492356647	-0.00557012533360552
-0.25293804475250325	-0.0019578197115209662
0.23559442114129145	0.12903344557955643
0.22157157293307497	0.009705313503479333
0.5015052213564133	0.0035657661397553056
-0.29150263318577324	0.011608568771409832
-0.33506585182492654	0.003329724188963361
0.01425382641315798	0.04089836602819538
-0.018136564313271132	4.3894479913964967E-4
