x1	x2	response	response+gaussian	response+slash
-3.0087599543351082	-3.8905771174394554	1.983598950424986	2.2895105875026727	1.9826182836209054
0.7534056394922377	-2.6503412173398466	1.223815935623815	1.609843493522984	1.1897174672368005
-2.311746072282701	3.7142333807512014	1.9609437376202856	2.5229519460204752	1.9581010644323462
0.8012382439974548	2.9591451107751254	1.2789820011616122	0.3378098879282957	1.2821052298150775
4.630057939327852	-4.1640382161381675	1.9945136292116636	2.1883815350149223	1.999304026838279
2.5096368154540265	3.020209920996354	1.9635350153002826	1.2524522302969832	1.9626298752918558
-4.290803313057782	-1.6379235264770484	1.875068333602076	2.60021962520452	1.8741329417025259
-3.7787567499935912	-3.3305336603221236	1.9870575802509296	1.8422389645442736	1.992708799907934
-2.036878552516784	-1.8210433230087162	1.861741677794901	1.674206155566009	1.8674164571725358
-4.082078013007151	3.582426644918991	1.9903767080431083	1.9639940492328523	2.006291109299091
-4.173880139600479	3.9424027954055347	1.9925934246825916	1.9790229123660432	1.9915311477920998
-2.9931365409492825	3.315089851847567	1.9794822291486556	2.543907295006632	1.982940124834676
0.8340081698407067	-1.5445973632775223	1.1766292432165382	1.3657281294028225	1.1809353818129418
-2.5562442302910373	-2.066765578502816	1.9251565874245031	0.8074828807427035	1.9265423412145322
3.0663122772512867	1.4559502762588359	1.8067818324625844	2.2038889484926614	1.8039501419981945
1.6427953823758488	1.5613154794831905	1.7352343753691084	1.8988276903791699	1.7473974057967483
3.331370052709147	2.291537899278472	1.9569500812438172	2.4863408014488053	1.9524717782835421
2.375251967194451	-0.562059802175491	1.0602838867827613	1.9240717427062795	1.062640755262295
0.3829919814009646	1.6932766489228355	0.9126116837471134	1.3647684131611144	0.8861559806769188
3.1727686751545683	2.082475113762154	1.9397408137383354	1.275493286527373	1.942284663347665
-0.6969826905028835	0.6614213007325169	0.3515722236248726	-0.1503174807946096	0.344002076815059
2.628519755436848	-2.742585148509277	1.9621132145746736	1.6405467115603833	1.964482235343308
-4.407694595093571	2.3354102317548078	1.9648347544271991	2.289938308116008	1.9805274454565394
2.4288101369273383	3.553725940355811	1.9658358425252702	1.1725412508197142	1.9594302273897197
4.483410341212885	-0.3546438996039667	1.0131034991080825	1.1303084589919936	1.0444840114292997
2.949646572077768	4.631448940466914	1.984793066905296	1.4223392162597528	1.9884346561846031
-3.4786154947440417	-2.4717489609068712	1.9671254548636465	1.427870610103433	1.9632354441766968
3.817272357539226	2.4154262491195126	1.9667727063081168	2.4351520474806327	1.9644700093444623
-1.4451377982926719	3.540976727059272	1.807164901393266	1.96258733595597	1.9094356144159597
1.9585993542918505	0.8761010562975446	1.307097480839112	1.5824484503360876	1.3072280760234214
3.9377773938875507	4.813544289569233	1.993998939712752	2.0903460785015575	1.9820295825001726
-3.643063415197485	-0.5820938630686525	1.0973393982374273	0.4971906211639028	1.1038137705484372
-3.0372268858687548	2.459807423610785	1.9617966601778718	1.5803019495780277	1.9598857174144277
-3.019642852591268	-3.647154246217985	1.9824953848408997	2.781766138740217	1.9828633717769972
4.3305622091321005	-3.200769908986133	1.9877271074602159	1.7505844598898015	1.984409292797251
-4.835496102284509	-1.5455529009655922	1.8490551454340383	1.9029643413095365	1.8504009850978196
0.8052039791933518	-1.957891044627862	1.2322375366357368	0.7488329895342121	1.2363719588902082
4.108588143653664	2.167337008277932	1.9531473427582706	2.4469416493255074	1.958572713510415
-2.8865398665101303	-2.54801257692854	1.9626257968810092	2.4761265157458716	1.9553304623945695
1.0827850810304254	-4.3097184387419984	1.5759820229462798	2.229832164988329	1.5673248521497292
-4.382895802291559	3.4228213890984875	1.9900645439787215	2.2791208431797005	1.9896667528097185
-2.5528164974227496	-1.1444030694764864	1.608699124153793	1.3451810683439704	1.605714790659992
3.3202544026943297	-4.605217768760923	1.9896203954130036	2.562680740957488	1.9947610798754551
-1.3530944053187701	-0.5045743220795726	0.8310970312718661	1.6175049157210397	0.8358854945784412
2.3695046968297317	-3.918579029373388	1.965029460661083	1.4870556892187898	1.9100031906997286
3.9749584048467135	0.8154456156055447	1.3026062963487997	1.5464047641006513	1.2936801123109387
-4.637164099661378	-0.9077670894336451	1.4022648898960905	2.049704282583673	1.4009352069284098
-4.9161655307581	4.18915771438744	1.9950543924021098	2.223244322029767	1.9980887033401935
-3.496011423271553	4.708498884603598	1.9913197359193413	3.061332934515887	1.9907258024878838
2.97883678878848	-4.259018814581966	1.9844289894811422	3.0322525201640187	1.9853608035415262
-0.07782027317294293	1.3066063454941501	0.7445827721128755	1.5398675900684813	0.7483388445062232
-4.459450725904766	3.1039537744670493	1.9868195734563692	1.6570344216369046	1.9886166089363568
3.322755259003653	3.721875826458449	1.9866787530615437	1.6740232363945111	1.9909161139083025
1.500828805744189	0.8179249326625149	1.1445392527508873	1.6209379236285488	1.137233045263902
-1.4574300163343077	2.7072553253767415	1.8002957629697747	1.8487099575155586	1.8036772919173376
2.236154706662285	-1.023304796728386	1.4845652971930283	1.9257064518778226	1.4847030012107458
0.5545845186150986	1.5650657579852627	0.9435575645790529	0.957585261390595	0.9518930690046618
-0.2558859091313659	-0.06235646853841992	0.004284132170818951	0.37594167878199153	0.0032489907123978744
2.9993851339756166	-2.9836882312360213	1.9753343486870074	2.189251485359708	1.9797532231576063
-2.266738638563426	2.174957563082664	1.9207268334220409	2.92208968105655	1.9231036105782051
1.4170187393137184	1.4209019571363735	1.604267802938769	1.9434902938679768	1.6627968735484329
2.883545324355601	-1.3123411732059722	1.7336057540297516	1.690256897128482	1.7352018213638438
-4.989246046820218	2.573446799505648	1.976096793201195	2.6179419511200823	1.9835635957144508
-4.97605978448326	-0.23380322055187452	1.0013508866156449	1.795259084257679	1.0011146101145754
3.995072084042482	-4.52686506640199	1.9937141712911197	0.9121478949111297	1.991422760209238
-1.77411668292505	-3.6235384363342082	1.90254609368393	1.8331895147253439	1.9290910363444458
2.363397038450284	-2.2974888608210153	1.9342960276627568	1.8763021577430945	1.9351486251730619
-0.3744350226828672	0.9376419825183859	0.45524403194745194	0.655039942305231	0.3900695662197925
-4.743217836432548	-3.651183412654447	1.9924328893512304	1.297591570220195	1.9901013239825733
-0.8349257041892235	-3.1495621454085523	1.316969481233749	2.187671785850855	1.3132196197388057
-3.9770351405576667	-0.23713336461583268	0.9991707523410058	0.7563213499015385	1.0053959865966573
1.3818553764584145	-3.2252913708059214	1.775617699207403	2.0363704981487496	1.771828184182413
0.5259129693175648	1.8742844285819036	0.9961044984308477	1.4311955337478197	1.002379419276544
-0.12211498207339933	2.3607228836553498	0.9690293145606766	0.2939901255414028	0.9659124745152248
-4.700815288801338	0.2682244020654885	1.0031056260490732	0.941446484338858	1.0602169500330416
-3.8355687681623207	4.905746870015866	1.9936772605452824	1.1671729078527735	1.988161524460746
1.7321250262219658	1.7775558404134841	1.808971706644201	1.1446309264207613	1.8072105805343934
-2.7947926407771395	-2.762205852499914	1.9669854481491633	1.5096376285434756	1.9728509695809173
0.6361323946279889	0.955799869862398	0.5956274003366169	0.7477104732504075	0.6027741627988608
0.17019387765305982	2.0209318173291537	0.9442785396003415	0.6605013020234307	0.9458348059678381
0.2589235431802308	-2.5300538718384367	0.9806507403103535	0.9905431646486531	0.9837612305764346
-1.3356572850995665	0.6316159747964454	0.8982139231331232	1.5774995468719393	0.8912858191111754
-3.902064900517427	-1.8114032791247627	1.9107155660180726	2.0490547653724778	0.6783959869322946
2.0098441138300576	-0.22688447846860527	0.9448972615351164	1.759562499398379	0.948191533098674
2.7096971641930185	-1.4602775026681822	1.8015169737020313	2.251934089017807	1.7967916998871636
-1.9624192368780657	0.07514874212969946	0.9368642428643074	0.42894728670744975	0.9386760585207845
-3.8797766731046837	-4.426366194354044	1.9930077455595097	1.3854892687969054	1.99465186015083
0.28284990786330066	2.068447386440731	0.9545608169202793	1.3798659720501245	0.9415825341149248
0.41215996043361347	2.0906073316108023	0.9783032912989054	1.148224606732675	0.9803626366499658
2.482386730880558	0.12903400631574602	0.9746185131217112	0.9334654582888414	0.977932233839593
3.5976424242207052	-2.8210721636974947	1.9785228780259008	1.4674807356155148	2.0078423159781686
-3.165821695566792	4.254577242658179	1.9871001920473548	2.230388406317671	1.9871596734634893
-4.018489765136587	3.557942093348336	1.9899782121793805	1.5751145985629167	1.994266730688237
-2.3914955153949116	2.865270386692228	1.955715263748325	1.5493083019658302	1.9420991165766444
-1.1222652107882625	-3.7679581441521517	1.6084088550157394	1.8509171619443867	1.6074616466545315
-1.6118985829500287	-2.7857448139631105	1.8546463025497948	1.5561910703938837	1.8903669727593382
2.762615724933762	0.1353249943770951	0.9834570757231919	-0.31323802771637366	0.9838741434972377
-0.5327070620279075	-0.552310296235353	0.15965929399788736	0.06882080174898703	0.18796737720475715
1.7315084571777328	-3.316985412777699	1.891694013923388	1.2585723166928746	1.9010764201083972
1.7543896914856338	1.8721393453926662	1.829243235483845	1.949110485443088	1.8222610378912556
-4.5284577232499394	0.4445345791922808	1.0352102164896353	1.2566369800967294	1.0143846899715563
4.898606303103554	4.567047984235149	1.9959730719610922	2.5075467908265137	1.9976846656203169
0.8710014145216425	-2.485517624246334	1.339764059641821	1.5554269677736854	1.3497573139615875
0.30220671108925323	2.1226226318311916	0.9613231118647296	1.8730994674913184	0.9642605460177052
2.8567325215025168	-3.4184474081399543	1.9779375513940447	1.8496408311360486	1.9821692171326906
4.180530238697175	-2.011455957456328	1.9391653707111018	1.6722201273731496	1.9368838441896883
-1.9158439142969454	2.181805475862582	1.8886372625077588	2.1479795651741767	1.8926835590635787
1.8970161260426908	-3.3135050762615927	1.9200902268178277	2.413229007013506	1.9838609801520568
-4.2998459137689515	-2.8285032959443512	1.9817001280406026	2.8409985154891775	1.9782199225812196
2.4272870289707775	-0.030424891951474464	0.97199937204876	0.8676160759638432	0.9746627338926378
-3.4426842042829264	-1.9339887847985437	1.9262200325256285	2.4152428957915495	1.9268021338199812
0.9958129649952685	2.9042480890249927	1.4819429987860422	1.4207769996389659	1.4768171964866121
-4.021277694893186	2.565278487256778	1.9736195270949626	1.2571276147482022	1.9940311588450768
-1.3193768864332633	-0.19445309815815115	0.7533028637920547	0.4823017932150285	0.7494944078436575
-4.544344654544654	3.322368394797582	1.9895199886431123	1.7050328349977029	1.9739887870642443
0.09599415796577304	-2.0261587327531605	0.9440739379123964	0.21673828858702404	0.9558868994877928
-4.493682366149908	-4.189203166036032	1.994317172175914	1.974262997438158	1.9963650092199288
4.139988749536622	-0.7384536342716679	1.2258155851068548	1.2315498121518487	1.2298142188231678
-4.668140337292263	1.0074029996872245	1.5052737870252155	2.3372442285561874	1.5083589659730305
-1.7668223767763847	-4.359264622185565	1.9041699528495681	1.1920836686028602	1.907576848100889
4.876702956984426	-4.46852099277609	1.9957332446554854	1.1173591994601273	1.9974561434864067
3.4768260312783994	-4.852309352433453	1.9914025469875614	1.9490438419859815	1.9832848925563826
1.4333612505606306	2.8671698021286973	1.7938867484643732	2.50405274040251	1.7972039513119604
-3.2767145824101176	-1.1519890758482418	1.6292305964049218	1.1577169524088364	1.6232432848462752
-3.972341319133225	-0.6550154847834282	1.1514622463227953	1.343826946828341	1.1486388973988149
-4.321725173971042	-2.204032525458799	1.9564875665081947	2.459823237473972	1.957406790542928
4.478449278363266	-2.330410589659442	1.9647266109800565	2.719393197435359	1.9554845390305187
4.844201420457161	1.3543820088253087	1.7690839552574595	1.9408805403360463	1.7647967640413182
4.246645645070965	-1.0451187665328945	1.5409509268031933	1.5779179416034996	1.5350649445783655
3.3656100940695026	4.6963750796418555	1.9902151207299297	2.22806028770649	1.9757471479744444
0.9715651348374221	1.4636676545329372	1.2922796497915376	1.0990507806102432	1.291030570671604
0.6523168903005274	3.827916382672962	1.1486706651550125	1.778724687156691	1.1491856128376083
-2.0616906507783774	0.5481090459492801	1.0303370680117023	0.5381412179468364	1.0341443454510604
2.03272395104265	1.050177483468663	1.4934726035324974	1.3921939802590326	1.4974825182309575
-2.3719077033871394	-0.3515942544089441	0.9844248479673874	0.3391362275298786	0.9880418754904489
4.62927577958888	2.4232785407725785	1.9696452967360547	3.596635234858474	1.974145170589472
-3.0258640996150667	-3.3689596468644134	1.9805086951230566	2.487006123676033	1.981996456977778
3.149962588777539	1.4980862023670847	1.8242917707353692	1.113425604153059	1.8271742224823655
-3.0210419115213694	3.2342156394873154	1.9790803573747975	2.555595212985053	1.9216133816476118
-3.6457666296135915	0.3503047197045719	1.009206674081038	0.8238359304200519	1.0077108726204764
2.944575934828224	-2.0630464621753664	1.9345576595623437	1.5280054835350687	1.9341979187750828
-2.421365384228568	-0.2188179756561981	0.9740187363353916	1.6658483212648267	0.9881823069707061
3.7253567532546157	4.179652991588759	1.9915688741085298	1.6203854046442827	2.005736186378822
-3.1030598089407766	-4.558277586894153	1.987018648473299	2.2715603452698074	1.9959804604191063
-2.8660546453672398	-3.4622714867164275	1.9784849191256162	2.3253709934271103	1.9822558783036162
-1.758501972002331	-4.4076131938213505	1.9026828086269254	1.2459772807135352	1.9294244226569273
3.913906415684407	-2.813719430685644	1.980052899536887	1.5030857949540264	1.9772802778474774
2.12696246669692	-0.772171003083649	1.2156865902312057	1.130320795325472	1.2000778329014425
4.5384172703266525	3.7925797739838867	1.9928381768213241	1.1775609320606097	1.9950535218852987
3.494543935810407	0.3763016898996483	1.0129963040074188	0.5903607706954316	0.997012016672692
1.5025543501428604	-2.1655281003943117	1.7924925524915296	1.284507471477879	1.7879311692912625
4.634354267413766	-4.474058738248242	1.995347278456163	1.974810181749534	1.9947012644425322
4.747417640806713	-0.7333629579562064	1.2223914622021936	0.7941432506783968	1.2282123672690495
-4.854616263924646	-3.6647801706092062	1.992689543706326	2.409383338459366	1.9920147817009448
-0.6124594711437386	-0.5570274354803271	0.21116792264253642	-0.24396047184166675	0.2189945624182562
4.4570916385638295	-0.9475727599460715	1.443828189758103	0.7309391297489528	1.4464696944439652
3.008736095989752	-0.747813082001187	1.2261740529038998	1.4778324115143642	1.2384023183452466
-2.436442070197283	-4.60086930414808	1.9701787138674707	3.0010662774528716	1.979231762692952
4.46173438196905	3.535027207773343	1.9911200328617156	0.8087575995434761	1.9811851553847903
1.310581269331486	-2.9348676510299523	1.7335507850067757	2.1435629902305915	1.7377416077660175
-2.7023340019159225	-3.9746101241553067	1.977602287695695	1.5878083328032662	1.8683265244443135
-3.1719247139316398	-2.5824761706370882	1.9682290877648905	2.010433543310618	1.9718266252675847
-1.2253445832926992	1.2938869088345282	1.429757479120592	1.043252458300331	1.4350884987775807
3.514558677597446	-0.45598287742925425	1.0349279440708044	0.527857975695713	0.9892862927507814
-0.2895161886886557	1.471280721062044	0.8310994428560726	0.6314203517677183	0.8383829134082574
1.3574949645639371	-0.6691909692342435	0.9395557614862331	0.08474352123467888	0.9365895790520549
1.3644909133393988	-4.1094915108387085	1.7726135653977932	2.3812029745716323	1.7702328218215206
1.3126842207107643	-4.082188821716662	1.7444726434074769	2.417383916063845	1.744623977171558
3.002583400591492	1.2098703533397082	1.6696455445460114	2.3426275139747452	1.6669651587335688
-2.0321329224096774	-0.4208386173426639	0.9750207784438836	0.8398025736468352	0.9787361594750728
-2.1675760471127337	-1.9337407104030744	1.8899193677227843	1.8127499069576436	1.8884400761440954
4.780153772712136	-1.155496701146311	1.63872335630393	1.0455568616058706	1.6391631556436959
-4.408424447461707	-2.1438429727879305	1.9521590988163546	2.045100738198287	1.9404415803127806
-0.19615949596096893	4.506606976119395	0.9990598899569962	0.8816251842388757	0.9971792622497802
-2.7704176134145952	-0.14656094197085778	0.9837691733365316	0.028873477356483268	0.9862520579128281
-0.985366057739137	-1.9465249685723363	1.4201419768336896	1.405316920849997	1.366730413439946
0.8456655825634405	4.546861301542812	1.3360450576213327	1.540930202045677	1.3380874752800052
-4.911746936353111	-3.981840256364675	1.994322579511636	1.5376527777433593	2.001397336987671
-1.6730767313601849	3.8164319647796123	1.8821277854186733	2.5735985616413553	1.8823617691189982
1.805834573991481	-0.24290551868401522	0.9175170767801936	1.019944909221988	0.9212675699578752
-1.0223786669065102	2.3666977139477208	1.4912285984905915	2.19978685679748	1.4918384811010124
-1.864484230204908	2.2478222200821563	1.8858812711470336	2.400999681775844	1.8854229857322173
-0.16163581815210826	-2.3036992426384515	0.9663939298349397	0.3670184184404528	0.9644541062922123
1.4790316113020623	-0.3604222234606915	0.8437433851671958	0.2779193864412993	0.8473136474914807
2.364645842307832	-2.1930046405677195	1.9275632950302728	2.1068182819093835	1.927407931281629
-3.4258976796697835	-4.504736014991321	1.9903703602467848	1.0607843068286407	1.9860473930217033
1.6674730719049533	-3.1583645984808104	1.8755158395181535	2.2576594971885666	1.8823099625484558
-4.892146415159157	-0.06906385268398374	0.998279962184072	0.5299890318827813	1.1974519446941578
-2.3855348742430706	-1.1105220493549375	1.5733671035730499	2.02321139892415	1.5563551342319588
1.2234585994163192	4.188988745442911	1.6881745304891145	1.5501084783184755	1.6975235271206903
-3.2519674351873427	-0.6915302151911504	1.17726182025406	1.6722575339696581	1.1240891826845327
-0.2083583990564577	3.573817065164995	0.9957883674453055	2.249754384272841	0.9987270063177135
0.19794333861219648	1.088019636841997	0.5851005957354131	0.8269350586705657	0.5747922987900403
-2.4293558305403993	-1.8661968581123798	1.8959246348789422	1.497284582715499	1.9006304485266037
-4.451214161639205	1.0120786061179494	1.5094630723751596	0.7451016231145867	1.5138999022520252
2.1926987019911994	0.9910537350014597	1.4495484864216146	1.186460575022858	1.4523087719430743
-0.03145909819263437	-3.318813809612988	0.9918256856721201	0.9671578400582199	0.9877918069816038
0.2920156832373628	-1.1996003476426145	0.6815751128345273	0.8591109895306577	0.6629041971010421
-2.1873176682222972	0.813464972643648	1.262673461663562	1.1018766657220083	1.2685281411473641
4.028737802388671	-2.5382646662942476	1.9726942270173677	2.5423460080126983	1.9730257706931416
-1.6110768340430335	3.668373293030008	1.865258744563886	2.1036737989920917	1.8633614285512663
4.765269038150118	-1.0851325033201995	1.5790470417338192	1.3616010177084519	1.5750879544085303
-1.3990692629501842	-2.0766446274183425	1.741992849775436	1.3108254749695285	1.7376292508781126
3.7158442956510243	1.6136095318283896	1.866238112191247	2.3393995117516924	1.859037470035117
0.7850379530265545	2.882358459827592	1.2609797165839802	1.6394777833414826	1.2647979226925279
2.017148787118267	-1.894058989812125	1.8709402078017794	2.228916897335675	1.8854891425130917
-1.7878237105931016	-3.4934908077144	1.904176077869506	2.1100378899616232	1.9041630931278288
-3.142738283265886	-1.9603684454435721	1.9264373957949048	1.8441711774398855	1.9263757166658708
-0.5520314189351367	4.431074980186255	1.082387207151985	1.0821590234447191	1.0748988955194625
-3.947860383614538	3.86780095364813	1.991451708060413	1.375775972991153	1.989668422243748
-1.9528901250207187	4.869160861757795	1.9338944171596415	2.2972114832725694	1.9235419842457688
0.7733172256487917	-0.45352935194784916	0.30401146365400644	1.6613810743045154	0.3106715064698014
-4.0961198095681475	-2.89857759776332	1.9824917351524385	2.59432962488706	1.9820155657215914
-4.992547497430619	-0.40376095188464944	1.0242814562632918	1.5755441785304978	1.0321824688221426
-3.011172611266045	-0.8875976812275264	1.3709560569884331	0.33070510522364693	1.3625251886302119
0.7677952219892763	-2.957213357332736	1.2449897251078383	0.9708832815202431	1.243923510083463
3.1723670944199363	-3.142074111173433	1.9800676423729753	1.718888592129935	1.981759703872013
0.07961521832140495	3.956001723099101	0.9959738282458699	0.5104350763666642	0.9448320445582019
-4.630754405902855	3.6343214168007236	1.9921307129528971	2.482494355364265	1.999681697998385
-1.67392526117197	-2.424909019083575	1.8589144697881352	1.6546761616619075	1.8632848293819395
1.333518004126864	3.0690560656142303	1.7485992058822868	1.4798236624462597	1.7463504077817351
-1.3320152091750295	-1.6628804330631244	1.6432626953639269	1.8577466596436643	1.6398420021375375
-3.908106859112345	3.3637079158458647	1.9879806680675185	2.0906882294159153	1.9875515189089528
3.940342427380541	3.5190013999404606	1.9893900230523118	2.4339053082991122	1.980521944879304
2.224007670041428	3.594023403183895	1.9547726699466845	1.9424108045161055	1.9567395815769764
0.6804885277559976	1.6580410754621946	1.059711807479397	1.9552046672552506	1.059525197302975
4.981382620439533	-4.89186260855366	1.9966353873273825	2.6637331961652446	1.9962292280228642
-0.2428074659385846	-1.566294544093052	0.8609846613968913	-0.03522594926789324	0.8574653441367626
1.582531417671424	2.362857785089476	1.831403230134325	2.8981240778195194	1.8336337445921338
-0.5530893066054556	4.273379944577346	1.0825821944464484	0.9242192991166294	1.0742197593515712
4.929883134102242	-2.1007489660516585	1.949471876216145	1.7445505579399954	1.9380817880008745
-0.257072754042885	-2.412554269136998	0.9756764495862953	1.9469822794358027	0.9794043279962719
-0.5351089548307684	-4.417412323723216	1.07315900488904	0.7844551220044529	1.0759893214361052
1.1850351002955781	-4.755910787093139	1.6615846507459149	1.1093088626411935	1.666477308433353
0.9109002225723941	4.718036830427847	1.4057327574949423	1.5556590731687767	1.4118520385150763
-2.438130821134221	3.6618354274828153	1.9669488367775507	2.3735917069382455	1.965497041061519
2.249047889732201	-4.79767067972648	1.9605016798403971	2.3873292726318995	1.9598431707817525
-0.5350432495996991	-0.27212633919023066	0.08119783614921276	-0.12366482082123871	0.08084610512523274
-4.569321465574168	0.4829304738933171	1.0492977640163335	1.6310515791822087	1.0459757376890486
4.863001246574591	0.6428221841138235	1.144062587241296	0.9738014837341706	1.1471918518937687
2.050452946343512	0.7701009011376714	1.2066560407582467	1.6208434712721915	1.2219204071232024
3.616874951664288	-4.252343471358417	1.9911415202233018	2.324322632504272	1.99135625698983
-3.512460926806842	3.6835440998519733	1.9880706879660657	1.521354223385956	1.9431615647659435
-4.8297597533986885	1.4061078469885437	1.794461404919101	1.5778259898121336	1.7931642399879812
1.8679699201365105	3.3141714280013908	1.9158795551560637	1.2630012678605957	1.913316514957123
2.5276799264967895	2.0959072666782568	1.9268202881444008	1.3534977651225713	1.9208977878507931
2.609463644632699	1.5428406733302191	1.8288753386876482	1.3332443079801413	1.8228536356738414
1.071665138017515	-2.9951595326159786	1.5565017345193668	1.882628599622021	1.5110137513696142
-2.7193015117550337	-2.618240945316436	1.9612041440997037	1.0813559329381928	1.9723370704553551
-2.2283530972906176	1.6326480932266048	1.8376448492712696	1.258002356648527	1.8400238453114073
2.0402388650845964	1.09055862465826	1.5312675081333913	1.7773649101557027	1.519412398487124
4.903005079981394	-1.8326126218169394	1.9168347997432185	2.1755771392666596	1.9163609906499635
-1.983982696793245	-0.13210880008864034	0.9396748202827533	1.352466034318803	0.9309632232931614
2.520547989634773	-3.2650504248936727	1.9671012162604582	3.0758247174760607	1.9427763008062602
-4.355528168980609	1.0307091019636703	1.52743920260709	1.7794091575440758	1.4839400334117994
-4.379296785291277	2.0130053941017154	1.939884080536213	1.6865404338054786	1.9516798222645142
-4.790849189966241	-3.2327639602766647	1.9890324696857937	2.2835257516632113	1.9884817449282752
-4.821503797357019	-3.844272580907359	1.9935951565815062	1.5453499546475387	1.9968945531195657
-4.398209667794547	1.7859478309807226	1.9078381617621283	1.795277900264236	1.9015861416923368
-2.9401318074502027	-0.5067812963292191	1.04867307701675	1.1185750694281957	1.0547497087350248
2.674581271660635	1.481723176518262	1.8090178917624777	2.7536544541980814	1.8069708128873094
-0.8131673907320467	-4.9503459587340135	1.3025595491015753	1.2188928942805701	1.305195516987476
4.4605412732305165	3.6016441736376574	1.9915725012411323	1.5887793969848845	2.0146344510310508
-4.727572439744256	1.5667168464512526	1.8556547289715901	1.4452144678286754	1.8662910725082877
3.0096107454374845	0.8167600015841723	1.2959252692037542	1.176587050681641	1.291297733867637
2.944372226770554	2.4239962832938904	1.9587197111920003	2.3167966194194376	1.95881705495699
1.621296982052037	-4.907548761326133	1.8718496429941835	2.1315747114741392	1.8731155555270647
-4.859209385740481	4.615584908193439	1.9960110079930935	1.3484723027375634	1.9892184225164802
1.850390754594594	-2.701138220910785	1.9029659963483896	2.0719844701250514	1.9080095723720953
-3.7116851985264434	2.772193215120506	1.9781087735783616	2.6278088195170954	1.9634858869353489
-3.1795147690200043	-2.8858038660237186	1.9760959409112842	1.811085470765744	1.9744768767281493
-1.037661062125721	-1.8893181708074493	1.4641296969210282	1.0388410594439526	1.4652318656843006
-3.899270312743485	-1.052496765032469	1.5466801954763398	1.4723376118311657	1.5419029356400897
2.481141538618444	1.1479844245134636	1.608897804729268	1.951824852361529	1.6090940534665876
2.6844522762378364	-0.6561015392821332	1.137441716687075	1.5751465715808104	1.1200202244748558
2.200054533914467	0.0339741156730744	0.9590645727914362	0.41769879702736523	0.9496836342561944
4.45399112207947	0.13400721999012521	0.9977878357335906	1.2462113010786895	1.0089376135604666
-2.851197204507425	3.43790504262347	1.9779860852562705	0.9199286569935299	1.9688163611534306
0.9242743689761443	-0.5492684058666333	0.5053251697874079	0.47648216007319566	0.5110702153567801
4.094596842602305	-1.9343590760394247	1.9297912738703906	2.4181129845010894	1.9299059210738043
1.0283951247461118	-0.3397172246918654	0.5411141204426625	0.6372950953434066	0.5415635207698296
-1.8844874833357572	-3.910046340824591	1.92227361101977	2.780104694565978	1.921691125230047
-0.7583724345746257	-2.7592610511654714	1.2315980772188675	2.246222069481028	1.2295618022921226
3.3331428030959778	-2.956237349849402	1.9790393646999318	2.4187414893790256	1.972472099994977
-4.56396391307933	4.6902227308345985	1.995638316312029	1.5669420397011482	2.0006526145929326
2.5804629922419196	2.0562534742656924	1.9249710260903283	2.0438250757951963	1.9260077976961871
-1.483969232478397	-1.3418819401335966	1.59332655859408	1.683631435742307	1.586260165748127
1.4703031111473939	-4.295595847844059	1.8208086142087758	1.6185912970432146	1.8202761118596722
-4.894072114700197	1.6665757724553671	1.8835069108992624	1.619830689390802	1.9333446657424966
0.5817702790713675	2.207512616867186	1.0623706682662577	0.882349831797387	1.0356342940938392
2.343772939278707	-2.97411644018014	1.9553042758117976	1.3291773021295792	2.0648159544001023
-0.7035743725239065	-1.7900923574315986	1.1080701348611015	1.0903981396124693	1.1102686969202997
-1.8186085030158914	-2.153894879907985	1.8718376971803607	2.216874605264228	1.8599470411911831
-3.80703695377699	3.977099432162298	1.9912809770818232	2.34369559243264	1.9893513121168966
3.498836077479673	1.4087232988122427	1.7908704000349882	1.7771646908252896	1.7898916914311014
3.848598716838193	-1.5267971225566224	1.8400399370745177	2.1498301825241577	1.8393744092464532
-2.1879067588975865	-0.4141548981771219	0.9867645588495041	0.4256317431409724	0.9857518005460061
0.3973285374445652	1.4925455968455221	0.8566051792271444	0.6813117508722266	0.8563643473353677
4.386130469895878	4.480859805238376	1.9948309029207245	2.7489768199070994	1.8408045084330276
-3.7403335590475906	-2.2140457757023935	1.9549639941283221	1.9818948425980794	1.9481419531777402
1.161052135675047	-3.9867314143510244	1.6410969133391222	1.0903967117829996	1.6421747577918797
2.0854271453325985	3.9522859354760556	1.9457021106537407	2.0189788081745603	1.9577692990664362
1.0573495727761344	4.781727087272925	1.553626184760932	1.5039967638735	1.543937581390647
3.1405717380233114	-1.2416493301935172	1.6936884299961006	2.6157569349425285	2.254194996216132
-1.0530773229969101	-0.7868208381858723	0.8286077020146241	2.000337842076931	0.7938974484400764
-3.8789109336194203	1.5054532359456232	1.8326433068540937	2.7930348545133157	1.8145725951320926
2.859760668285248	0.7422796668920757	1.2181494353839708	1.5822440516780638	1.2146256781427278
-3.30866577788836	1.0783542526719136	1.5665936142278851	1.7859799526016702	1.5679508008849001
3.841870263971094	4.564138727586053	1.9931316608810996	2.2216068618349722	2.0042585050387203
-0.07879613889513237	0.3925344784505356	0.023229621825570528	0.5620560443067244	0.010629709661960245
2.288241837383614	-3.6352569731683215	1.9591153333095448	1.6698620100498247	1.958766756745682
1.2359794056440574	-2.901780237824495	1.686125121632109	1.4181930796835782	1.688265833453399
-1.4546506256536453	-2.6427567501793368	1.7973457059066207	1.1066368451926205	1.7938871891684365
2.4946178040165092	1.6047056584460142	1.8437845611843775	2.812607916762224	-3.6432706108524275
2.1108801422288703	0.9386184134421329	1.3890387326008784	1.9084308124167781	1.618629547164819
-3.6232681357291097	-2.243903207954532	1.9562837734646767	1.8626234516204658	1.9568634583631492
-3.1459026803802903	4.3300613060240405	1.9870568006959994	1.2275944174465183	1.9833516821371393
2.3854478359834994	-0.18034488025530138	0.971098842799198	0.8066021709995246	0.9670804186588752
-0.661561203123739	-2.3242439812655027	1.1276249029088197	1.6303420391100327	1.1295544828727577
-0.5372188247570451	1.8405276607043133	0.9967306327618362	0.9394767350511937	0.9904494556691635
3.5486567402089513	1.2485439324034253	1.7021927687990388	1.8625061881571572	1.6992764271671512
3.466130356512693	1.8717083314064276	1.9177788661492696	1.4226308342194414	1.9243598624340221
-1.8919872347870212	-1.3526928251018475	1.6976216355615008	2.5802718787522396	1.6830705858191812
2.5689369483121274	4.105653256101178	1.9740475296127071	2.071126410213779	1.969053940003408
1.416738251959555	0.16972283831322965	0.8019681711316401	1.4304564600578782	0.8012129559197536
0.025511358815997198	-3.4859323246343035	0.9932738636381132	1.3766433811485053	0.9899949271414346
-3.948821595765284	-4.094629744863262	1.9923592566892157	1.6181666764085147	1.9933030568812797
1.6794848350648284	0.24493830453910803	0.8919316603034231	1.3022371428526895	0.9267186613800882
-3.766262327637522	2.5180054410816366	1.9707827517542502	1.7150855681423436	1.973938846158075
-4.902707207571223	-0.2690206411199725	1.003482584472052	0.5580397872975253	1.00820346676404
1.2169535368616478	1.172138604422721	1.3405380428828049	1.0212752149817372	1.3431758273792747
-1.727447242358516	-0.768767333444691	1.1579044269560634	0.19951252480209458	1.1623715668008525
3.0207175237902124	-3.3921171879516665	1.9806357513252264	1.789538457396857	1.9225508032506815
-1.5258493285523511	2.3576376659843765	1.81289961195488	1.6043926825277908	1.8163488473015836
-0.8801193495463409	-1.0206299631053173	0.8954168113005752	1.8031585114910902	0.8936432073783375
-3.9996945732669675	-3.9690264717520707	1.992094318745699	2.3293369393922143	1.9910623700721741
-0.599831938265293	0.7458590623047101	0.3509529144826897	0.7838660064460112	0.3557910940250243
3.352831543011076	-0.7343575381690819	1.2174499527706428	1.8124550785190692	1.221957505472084
1.9835435702517525	0.6409825727132104	1.083745036225076	0.4799928985003682	1.087910309919558
-2.3397259198724276	0.20035097706609406	0.9693174285291608	0.8044604921402753	0.9723147118300204
4.36985864293543	-4.455580623445813	1.9947341603380075	2.1256777637695436	2.0016489319117583
3.0555445477235423	1.8718212816864366	1.9133341597011457	1.4415271256197582	1.9253040087480056
4.74983037841125	-1.0584057625340595	1.5545603537600625	0.6443851915216575	1.5421835443711054
0.15313720201822179	-1.6287610752697015	0.876135640149617	0.6799264346475236	0.8955005892789855
3.315091626643147	1.5808445530317385	1.853768641069655	2.221343360204165	1.8591184012077815
1.7729594864427858	-1.7717727753991408	1.8159674261653285	2.099349872520116	1.8105395733997822
4.9242589628240125	-4.076182666115327	1.9946929184605733	2.098694630247731	1.980209093193423
-2.3777355557424915	1.1347127487127988	1.5934186421840824	1.1714737776161015	1.5942436765332437
2.5796744667850664	1.0336878422899698	1.5110022057515629	1.4981187894928223	1.5087444146289835
-4.225876270711693	-2.548873706800819	1.973730172889804	1.3953356713883298	1.977134068172948
-4.1723294096795	-1.3428789398425645	1.7615263468473075	0.9582014627847711	1.761307942789569
-4.529664588049966	-2.670038946131059	1.9783342223910445	1.8575113897692004	1.9797945697627612
-0.5840826546004472	4.429724699505627	1.101661319460003	1.1259433670279495	1.1004500304129545
4.028611585040336	-2.253212886756173	1.9588704766097256	1.4788539735571988	1.9592348450124486
-4.675388311755003	0.37107131997643794	1.016518401662504	0.4937138556324183	1.011914426207471
0.4483460561093793	1.246404357481385	0.7458774958111176	1.3768008622846692	0.7367164903910013
-4.366026728295262	-3.8658100234848036	1.992797949223494	2.2019218196019232	1.9955576228378953
-0.31378483300868965	-0.20811608229511513	0.011473914109978925	1.2416538462209257	0.008836106398902515
4.598710495593526	-3.164232962471323	1.9878922895198732	1.4581487751773996	1.985932303520707
4.512314708300012	0.7468374125339068	1.2348771081653185	1.2600339758044337	1.234323716155636
-4.229169246115919	4.717111752623174	1.994868139201917	2.3459091378196506	2.0238878995919873
-3.640505230738358	-0.27367315342764176	0.9999173371537623	0.9331148491711969	1.0495083168770656
4.045363328783948	0.3722775757391661	1.0151253115042538	0.9353910180628875	1.00825370164182
2.643002213623719	-3.1805991055748417	1.970241323652497	1.593955955569144	1.9657928637023439
3.0992732112383656	-3.1714421049864274	1.9794897664598547	1.6327190817615218	1.978271673503353
-4.3455037749800995	-1.4836676902069943	1.8261342798624602	0.9611207623111553	1.825517503245044
-4.147955351665837	-3.6241008446367653	1.990869810605535	2.5548019075694746	1.9894009526825842
-2.6760441127086887	-2.4337995674622057	1.9531620647281143	2.5765381620280587	1.9441596418608347
-0.7028843936837825	-4.284393887569843	1.1932353371515467	1.2733423651523446	1.191646787242492
4.89494975884627	-3.0544569312766257	1.9869031633641898	1.390387668064204	1.9849168308809861
-4.663450363452359	-0.26495834673375995	1.002794421901544	-0.015429610160342166	0.9999137100900141
4.8731922726798	2.13638415079716	1.9524242968001189	1.4332598426032668	1.9340177408175334
-3.9029674608215603	-1.9861509518981468	1.9353277334219094	2.2598662635836226	1.9372220230672819
-3.5147358623270417	-2.007985118699086	1.9355425209043808	0.6080820498149477	1.933020863795377
-4.386514515861055	1.0285564504239222	1.5254328836859323	2.7566488288454236	1.5301399188439497
1.3238286496331897	2.6114899186066154	1.7333324184323544	1.6320153661786776	1.7637707962328748
-0.26271030098142667	4.946248975374898	1.0030728193284786	0.31099652248879106	0.9891909534896072
2.857625193616559	0.8488776526912503	1.3270079427006707	1.2661988975734808	1.3270401394152118
2.659320766450718	4.8843208058011065	1.9786431885972777	2.192770939909053	1.9767262421217984
-1.951020909529059	4.350875189927219	1.9326565356226175	2.1602578015610496	1.930819635696432
1.5336909036381954	-3.437846283466021	1.8398200462065901	1.6404559918584147	1.8361959319623786
3.4485155778740957	3.3464884581541394	1.985068490257131	1.3956976475420515	1.975793566697029
0.3463078405961397	-4.618112436003191	1.0119853012216362	1.0975488254555938	1.0237127870864688
-0.17377595611319308	-2.1949566113963193	0.9596084569812355	1.1214620011900474	0.972058100444367
0.3930529945284089	0.14928559155911714	0.023807418669783875	-0.22965553083376405	0.03184764019022432
2.649964446468717	2.033883411310703	1.9249127653740348	2.7065590679968023	1.9558304854678472
-2.484409599106907	-4.1179829115762185	1.9709572989199822	1.7745709847892672	1.9710571697165797
0.5369690206846336	-2.69532259197569	1.058160795201542	1.0336530926055467	1.0601716104863026
-4.4114771702871955	-3.5484834180775304	1.991099031040934	2.40122659341774	1.9919372879261903
0.18084073326710381	1.677346415106733	0.888907072895536	0.24992503416724643	0.8893122170532669
1.6598059830234622	3.1658988123002256	1.8737263958762023	2.2750817194300885	1.8832155867646887
4.196001883074516	4.833194257722685	1.9949551977004722	2.239660195104645	1.989696650374617
0.617046481434949	-0.17475751525271832	0.12754482000348216	-0.10671885376515336	0.1542268228952594
-2.1764951049635197	-1.5660974117814828	1.8147980586761279	2.280761156993507	1.8218665049491696
-3.714499453827187	-1.7331189871447448	1.8949962823927715	1.9296301818858836	1.895108306397429
1.5065643859816724	-0.7093673083925545	1.0394939363988547	0.7248175530737541	1.0413368830317085
1.459304806339902	0.9671684228692996	1.2860007164105538	1.2380467427215864	1.2831548322723154
-1.0288726549605656	3.4575525415508253	1.521484396919969	1.2289089551434142	1.519926588193958
1.5256632099502943	-1.1224852145844766	1.4577182816643348	1.5082002164494557	1.4566848962591112
4.636248142643684	4.256685540748002	1.9948036580984048	2.580226592268662	1.9982803168709093
-4.9375732381685005	3.346316623477719	1.990408437871399	2.5159838150612632	1.9877102112817333
-0.06900997544363907	-3.803942690769727	0.9952693834252546	0.6422602598650422	0.998184678062312
0.0726965617105293	0.714730152222339	0.20697927158816198	0.8056343676218339	0.20511678009074016
-4.590971795743109	-0.23930880689428236	1.001023007909362	0.7543706070551895	0.9882833130897698
-3.6342060342973315	-3.0269278163627478	1.9825279788666412	2.2713684233952183	1.9891780893265316
4.429080446420832	-0.8639122009362694	1.3551596323787436	1.796176864931213	1.3536164302249993
3.0021339638385776	-2.2740472586617133	1.9517929907578115	2.187759723243143	1.973380446972303
4.608747033650781	-3.933605621483558	1.9936290373656742	1.72829867137276	1.996426202821687
4.690249586354023	-4.361923531230312	1.9951830546786409	2.660860536501019	1.9998207565800958
-4.738706606640991	-1.7454476333389293	1.9007605239739689	3.0099039242900787	1.884397590600908
2.55741577484684	3.5189775548823548	1.9706776536701829	1.518626015830879	1.9506829987273429
2.589361541210514	-0.020708479122134804	0.9782394117837834	0.4389312999771199	0.9790079128340725
2.8110202178206407	-3.746219043329896	1.979185236039208	2.1481425834548786	1.9624270980684473
-0.463448532136451	-4.066089507766733	1.0404529767035366	0.9511046559848876	1.0437179119735078
1.4660386705598372	-1.101592259588041	1.4176104576107653	1.378839546907241	1.4244947931900034
3.887264547416123	-3.315630301739586	1.9874331265109002	0.8348050609272011	1.9879576599840574
4.534669116834499	1.4314766120599254	1.805292807024764	1.9977044968779936	1.8045067176928749
-3.5428441234029995	-4.400707800764573	1.9910334788001818	2.8918217503279995	1.9877985275415224
0.8573881165905792	2.8914751082082653	1.336710733391004	1.4663048262934684	1.3327671930857403
1.030994308794007	2.6220554414706765	1.5097681751573595	1.1489966292710627	1.5221018854102863
-0.8996110653982097	-1.0733923445557316	0.9661123431363569	0.4159121693338529	1.0196551707002792
-0.9183174051371266	-0.1647723079071186	0.4163398918485174	0.2081414941416569	0.48181615557954155
1.3525704880644254	-2.8539482761064683	1.7551000179363123	1.8456243556107457	1.7452937582442252
-4.756355708786898	-2.589817215684891	1.9763041146464828	1.875393641060707	1.9417826410430297
3.225947030610424	4.085184587758381	1.9872732382913072	1.5467915919648598	1.9868534199086747
4.015734474575515	-3.760192328256223	1.9911920555924678	2.5937995030777596	1.9931116740166042
4.396550491951608	-3.9163323944966812	1.993097824214979	1.6483654005613089	1.980229256383156
4.233286305780746	-4.680205811610215	1.9948160058025075	2.3870928243308036	1.9875439626921751
4.118598728210062	3.9241088363434535	1.9923370563416458	3.031824765999595	1.986962932029963
-4.52413846445947	-2.225920374199839	1.9584785933782594	1.919209824142063	1.968152497823967
3.402915379853331	-2.3096553259938393	1.9586498466364048	3.1453779832141473	1.954756811616029
-0.2332831184093962	-0.6874112524670641	0.1854843159923141	0.9129436302063874	0.18976282763875632
-0.7287239886554078	3.9782197859173145	1.2159934226121918	1.2880200880045782	1.21478636524066
2.671964250307828	-3.1355019066305756	1.970518435815714	2.0095809986807036	1.9675606043394893
-3.218429212961257	2.3280608688064657	1.9578440356124263	2.1504436233519004	1.9555955833071466
0.22184364136215073	3.1478266009003004	0.9923340104216206	1.2908736845350401	0.9856485293574464
1.3643699279057975	1.5468796148183204	1.6273618211147003	1.9218277556899985	1.6304236526939246
1.95348960371743	-4.98376274392389	1.934125815481139	1.9351800002319428	1.9368554123548385
-2.580315902357767	-0.5503422190271205	1.0619653836817635	1.3545856391957072	1.0742900600024192
-4.185979861386178	-0.43349641272903217	1.0308627088434308	1.4242849967282525	1.0285736376498662
-0.9065855773944769	1.4729049865544077	1.2279302287933036	1.7889836759667628	1.2288395069096372
-2.335266678210189	2.1951830357621027	1.9261831538335352	1.6088535610246606	1.9339424125019162
-4.3138115580371705	4.600000723838896	1.994892160619949	1.8324263599503616	1.9952117076084381
-3.3083551951778176	-4.939388895485978	1.9900445235022137	2.8839994520301024	1.9928450926975276
-2.757013636937727	3.086661836499502	1.972090105196985	2.0870431067977404	1.9681266800997061
-1.8454375530765263	2.7364111877600648	1.9031021848376843	0.6018590553160432	1.8986727740813931
-4.469843107218349	1.5862092875836966	1.8610858527201675	1.6232617722667757	1.8678107418021477
-3.4036662681920618	4.235289469876637	1.9895058732096589	1.7229747295779165	1.9864991973146984
1.827134473888485	-0.5518691118410857	1.0025449777200623	1.2322499253578885	1.0056425458177805
-4.114131549698161	-2.9630306102180217	1.9837143497312115	1.4039918407191538	1.9845114088914038
-4.2566362335647305	-2.8002347142167094	1.9809596919884687	1.547936196850343	1.9774679573927616
-2.717018030774306	-0.7283103294819178	1.2015614926860088	1.2892813176353064	0.9873462340922208
-1.3833514102868225	2.5197637896304412	1.7612985646298398	2.1111383138541893	1.7594694541800646
3.090063493850261	0.7907737641253938	1.2702586649758083	1.4298338048309016	1.2617947425720657
0.957340136869349	-1.6266860201284827	1.3315430541130424	1.0843262615964626	1.331110008842116
1.3950247760317813	2.498356493816109	1.7660881199472138	2.1370556788716826	1.7706719311475279
-4.126517685544767	0.4029325127937655	1.0222451411304023	0.7258354601992913	1.0216095932034046
-3.0880645284309374	-3.9765707349284463	1.985139909122208	2.8213327187730495	1.9816904827289483
-0.5547585630140981	4.154970332378381	1.0831756874299472	1.7800829531609184	1.073028979394709
3.9902117921735396	2.578943382015991	1.9739640634095112	2.5662452305898986	1.9728621519122498
4.612641466357493	-4.729205784465115	1.9958006716411483	1.9177645843059745	1.9947574031970972
0.4901690036595774	0.6847936824037237	0.23484234193536274	0.2288211164990323	0.2977536332079197
-2.701163881846326	-2.6170571778759557	1.960688930498724	1.6663342677039075	1.9703472372757762
-4.587793462050138	-2.6759253915481294	1.9786177875979156	2.2169353770957887	1.972261228660267
2.2118510235679087	3.1303780093342617	1.9495882917920113	0.8008359362189925	1.9492769691671628
-1.0811493790276994	-3.9429102989690668	1.5732770875077753	1.1029967618934313	1.5822233741114347
1.0509276542595467	3.4432863487184804	1.542446831712955	2.2160585515267077	1.5419767022081292
0.7033224936528137	-1.364837487792462	0.9728718320576581	1.4123060178087652	0.9739605457890144
-2.310687571762741	-0.9532928846538731	1.4184230442345114	1.5310283040484156	1.41907794050262
1.5352659837463758	3.736383054011881	1.8423549968111383	1.3724042702039976	1.831589342212901
3.3135260882336492	-4.006402122867756	1.987906492140731	1.8665692167949413	1.990254752571443
3.2537104766201796	-2.412001258792481	1.9624589303109228	2.112770515485458	1.9629281417559383
-0.5301346204699797	3.961771270453685	1.0691602558955235	0.49166728043996344	1.0713039432048848
4.479304764466335	-3.5547627560654838	1.9912984566543397	1.3510656973648794	1.989360174943373
-1.497922839404866	2.035468063321874	1.7792373200454268	2.127785433025058	1.7764266612482915
2.882308940837726	0.16392627203012022	0.9864395237967939	0.33546205961213404	0.9811497201700946
-1.0401367831969441	1.7411592156431874	1.4411435781496347	-0.11426035334749507	1.4420642243508706
-0.03021665151471975	-0.5656433140358494	0.09286398955989879	-0.2654401056231076	0.09863789380019503
-1.7839360486473979	1.21849751978639	1.598068504582964	2.7861255160511416	1.6023378284875451
1.044868414448164	-3.3635930903976083	1.5360266983373876	1.3432731634072859	1.5298371663724986
-4.248920027843567	-2.4188348403938575	1.968557411704267	1.5455063379355019	1.9695467264746092
1.2430004606997986	1.7310328453349317	1.604557313934861	1.4222958881811776	1.618189732359251
-1.653705933304872	-3.2413031520029145	1.8730805599122253	1.8225566167511082	1.8741674309990697
-1.6356355429795535	0.12079811312020361	0.8776225453882356	1.189772326336136	0.8808584288959759
2.7739540957917255	1.4091812105809733	1.7811003328248385	2.3828283014626876	1.77683016163549
4.5988347543387	-1.0077963420243696	1.5055347946566506	1.5747420360838975	1.5244200470026374
2.4791830549769367	-2.145925001242274	1.9291789837702678	2.112828465212938	1.9298017346342362
2.1791101284189462	2.2951493064992405	1.9227502680603663	2.680346998922356	1.9251120818993492
2.220489392073665	2.4101888497795603	1.9317093353563963	1.9451781885201298	1.932588982879447
2.4997010347727935	2.219940434515502	1.9354805935668034	1.0051646306136581	1.9369822045284646
-1.3316532890973432	-4.019763943987158	1.7549064998851713	1.3667644763399043	1.755113485042048
4.303881978597108	-3.2001685548057024	1.9876493245755233	0.8004819280711486	2.030176011463861
-4.442880414659143	3.312160619846086	1.989199432271198	2.62655536005659	1.989077824715187
4.1676737818787775	-0.902826942098141	1.395872889172432	1.5662786926116872	1.4129963482047407
-0.8561829497644844	-0.05120987725167048	0.3495416486515361	0.5739296189503607	0.3502067600811973
1.699371220707393	3.323812009349453	1.8848041251676642	2.6379464638458634	1.879789032813877
3.4478514654259573	-4.436813482696033	1.9903995032220185	1.692672572322826	1.9836633458153428
2.6250927812193003	-2.798532250619096	1.9633342133075438	2.1973407733927544	1.9689684449625269
-4.970808142779414	-2.8886028620966684	1.984205023491206	1.480002946958912	1.9798159963293367
-4.754729553932369	-2.1146116244473676	1.950416966477162	2.054219752918372	1.9449770064434844
3.9079987688780715	-0.9668638120675563	1.462084315704617	1.7813033773186489	1.4374763525910084
-0.3760374176897088	0.8546691816489194	0.367530299744473	0.9589669891495567	0.362145177221044
0.6370311714351606	0.5922514636059741	0.25095046636669194	0.8600118837934554	0.24346237665533021
4.31231477043873	-2.68480878438351	1.9782337600202777	1.8382940556437783	1.9778346026170903
-0.4911790737160686	2.372669104348647	1.0244148281017782	1.4883109498011016	1.023371876269527
2.4094587315925082	-4.133781095754591	1.9677717396810315	2.318050657263192	1.9719028078151004
4.412813969019583	4.931820781739736	1.9956822949148096	2.5846959120113686	2.00068167471872
-2.6714193078976622	-1.5507287528118416	1.8333128336535567	2.761573240585231	1.8415839966964178
-3.0466245210806653	2.662406730463167	1.9690121755629546	2.401408128059483	1.96811186438531
-1.2371478741506547	-1.0720374694524715	1.2699417253711627	0.8572115499286526	1.2633682886351243
-3.9022333086328898	-4.975345782795417	1.9940765495727224	2.8640831985758126	1.9818656951545286
1.0353646059314254	-4.9599186428611794	1.5330481576359483	2.114367021425755	1.533584557127583
4.843899412714482	-4.514921520444133	1.9957860637440856	1.651454058067326	2.0614358942925195
-0.7308340016902273	0.9182607061754355	0.6375042029105346	1.3500984586248563	0.638775534614209
2.180876056662288	-4.265931765009383	1.9546554482689174	1.713865287071454	3.062851868845824
3.627945967575938	-2.1068333970282027	1.9459573206189054	1.9629037903883306	1.9414540124066544
-2.038967242381137	-0.946548031132874	1.39059338889695	1.7188549899186756	1.3916193538414319
-1.7451245324318396	-4.126788683721093	1.8992387109858162	1.8211289184378832	1.89754941320754
4.210399073945048	2.066527091073569	1.9448461359810643	2.2461155357234923	1.9400021257954991
-0.5234479399325354	-3.762624918224433	1.0648676410873408	0.6602522302010598	1.0620221977259
-1.1248061856093217	-1.4731356306597645	1.4403406237304934	1.1665106808014756	1.438074047488889
-2.659035316899531	-0.11719899374709986	0.9805775308396631	1.4818337108720727	0.9885089093746647
-2.964817230404122	2.2885261607324345	1.9520488647123173	1.5137765777029417	1.9535883942403427
-4.377164906087849	0.8364012033849431	1.325869233385631	1.2959336493235947	1.3283227156652384
0.21042032547189038	-0.850836062200174	0.3458157662049066	0.524127473644651	0.3477718649955295
-1.9433470868811065	-3.3302049620256735	1.9264158497262516	2.1594198029839347	1.9380723479756992
-3.4538938266097716	-1.1312057462536718	1.6138671334532333	1.0791484558085935	1.6088361909734403
2.7471741971332495	1.8494754748639188	1.9040069916312983	3.1014539820973117	1.9099733823762193
3.38098990078163	-0.659126461686955	1.1511817984490937	0.2772306392214342	1.153303224943344
2.4591002127018893	-0.8908212867696754	1.3597875971458004	0.668813347256933	1.35998972351999
-1.0120437455463858	4.628624357657962	1.509795571770634	1.4552317267852162	1.5072087616113203
-4.197884067941046	-3.050988933625316	1.9853810004338952	2.1242310183657747	1.996770369914103
2.1211315563974518	-2.6216064898371814	1.932193660648448	1.4771914153607033	1.9455754220025667
3.204410350935161	-1.5540368137735916	1.8442427036803966	2.12073767495217	1.8425100729254948
-3.587948379135689	3.9831485460317815	1.990044999514208	1.7298690737857618	1.9954941099421148
2.007264628718226	-2.2969782129130034	1.9072970025680447	1.8114646250542543	1.9060704386581304
1.6281378771610475	-2.206949451720667	1.8349709701785066	1.5037199836579538	1.8310477380864445
-2.9847632078768194	-4.530832071730698	1.985189739623798	1.5748990298640089	1.9874656972075386
-4.660074848305557	1.6563656733303063	1.8806102031783243	2.6356611725874854	1.8779061732925832
-3.5990656910049044	4.730122858779479	1.9920817580198686	2.4587106121784954	1.9783034643405506
-3.360802962747277	-3.877191611062887	1.987816871978382	2.203029937939143	1.9844584530391967
-2.0096899196409646	0.39979303904186203	0.9671483921328529	0.7350601649586335	0.9663189240708763
-1.7916209972926609	3.7527378168541183	1.9065150343295016	1.6501585234290181	1.9140403093620342
-2.3561216657184545	4.63492695511864	1.966408132939435	2.453853743982971	1.9655585798931279
4.262249346893844	3.14945300153412	1.9869175259144196	2.091276555096974	1.9952384767366993
-0.2988046717613768	0.7505926989894327	0.24884211992574226	0.5575531796770246	0.24409553416986554
-0.3337754298877371	-1.4318328578929043	0.8200658855222663	-0.0675467020312992	0.8190107917786444
-0.7295965901211554	4.231648011854334	1.2176835756735664	1.2036469652552937	1.2144546884291398
-0.11881251528424919	2.254062789348046	0.9629060044453894	1.3329733917366249	0.9542173962832186
-2.4784063858471472	-1.0845371172708007	1.554628499225032	1.9939839330623945	1.5245543448426635
2.2930188419376387	-2.976836882937951	1.9525166587049487	2.479680116265882	1.948274695648513
4.082187133625483	0.0637268405393101	0.996428369877214	1.5526627704353528	0.9938325730537263
-3.0442921593308236	-3.9764220843034814	1.9845074762964852	1.8279599236669966	1.9890220480123895
-4.865498572132343	3.746256043612238	1.9931673959020273	0.5545914263236669	1.9876290266501844
-1.1898899060470969	-4.898983554445863	1.665443589685373	1.5001883986698918	1.671457583954794
1.8801057965073786	3.727288145285172	1.9207428909290418	2.4638757347847324	1.918129008729875
4.036130117355901	0.741280823018327	1.2281656181813485	1.3772180490750692	1.2299736350312611
1.6625368279248924	2.874835516820779	1.8698283231085722	1.6331762840123945	1.869807310744278
0.35430786147298665	3.17378957077141	1.0057548000435703	2.0743404608363014	1.0019206611510638
3.22938841897885	-3.9937560562620877	1.9869741152263023	1.4526352681731465	1.9612300761054309
4.813492093116034	-0.10599965233116126	0.9982669247862969	0.7291180331594148	1.0442014755688946
-1.6332513887576927	-4.961819660526398	1.8751335744216742	1.803000556882041	1.8776921128481885
2.884483512958827	-0.40106233962173654	1.0109808697258371	1.1293938342769856	1.0132509862672425
4.453408424615816	-4.673145145569597	1.9953716878109935	2.143731186147097	2.0024600715531555
-0.4747615916137926	0.32885201948737297	0.0599080637229981	0.9819188462659048	0.05821549598821215
-3.6407812769324197	4.164355991836935	1.9910266659046905	1.1015375655578024	1.9917559590816618
-3.7085777572934155	-1.5306291071833766	1.8406303132876753	1.1940454508532579	1.8494215192508077
1.5514260291032684	-1.4604383560081313	1.6725887658125884	2.3926276459910465	1.6369383433241413
-1.4631896468321468	-2.8076740196457886	1.8050653783580604	3.0372351731402016	1.8072861017111403
-0.7252282510270147	-0.5228395084849407	0.28621807705801044	-0.43707002187334615	0.2866862942763865
3.2812309458938174	3.899772179838063	1.9871419623804865	1.9447977464643318	2.0001591797252067
3.2355911815565506	4.535900508028471	1.988601700040471	1.1263394560855022	1.9830349987506624
1.4194529094176591	-3.715461387432115	1.7971361118038771	2.3244737633541064	1.7900153901415923
-2.65289805943687	-1.6227394748458845	1.8541734525072884	1.5966711598028875	1.8529344339338252
-2.3973787713466432	-4.268016247485111	1.967612047236791	2.698908400189083	1.5779997181617718
-4.217475318967337	3.708312765521475	1.9915889895184462	1.8791603347308883	1.988607753541051
-2.65545091906258	4.961454319371452	1.9786373052781738	1.260374135171459	1.9763557185163951
1.8346339262623212	1.3576295082249192	1.6914756231170647	1.9176229281633408	1.6943788164483509
3.6883741771115126	4.042270412789893	1.990894298839276	1.7723983758415778	1.9710386216443616
4.894785144562764	-1.239337037902215	1.7005676428939829	1.4790277519480877	1.7006514412487912
-4.8852043960930045	-4.782103396803591	1.9963387913252384	2.2794720881800767	1.987938437834625
1.2414252491739752	0.7110990536686401	0.9073402584323818	1.574829853119317	0.9242411641568746
2.281304871462658	2.3332783167366236	1.9317562086170081	1.3923838906393182	1.9076685679777279
2.2675359477891766	4.877278222687675	1.9617891352153625	2.6532174825372783	1.9367937204123478
3.6525325293291893	-4.915844147471549	1.9927033676891686	2.7306380564002777	1.9900232369963056
3.2784262128264086	-2.712162546395338	1.9732717407722946	2.4111001583915272	1.9732927522512547
-0.8849662094425419	1.7934965700492347	1.292039528460205	1.6770103618181553	1.2920687110901647
-2.944273405433564	-0.24167990779028692	0.9902675654381349	1.0470890786882283	1.0518143590265776
-3.734463327289056	-3.030991114855609	1.9831751277316796	2.3947370025051593	2.0022560559922202
-0.9895907253832537	2.060568815552868	1.4369836746031783	1.8433483660187078	1.4386724033408107
-3.780116981429021	1.5070374471957502	1.8327405778925665	1.8649866959229722	1.8317349883954723
4.937096601639405	-3.4706986677313587	1.9914750907734713	2.126963520383011	1.9879934855242265
4.510595669080601	4.081961607432163	1.994001090389905	1.696676264046336	2.002159678933917
-1.866121077086885	1.755341316469055	1.8285289581445703	1.763091949949721	1.8259544997650614
-2.0757953772546376	1.9965460165266569	1.8896856683445062	1.502707448871752	2.001081624289133
-0.033679547422694966	-4.967438926825407	0.9983616139479093	1.4530260264504604	0.5039652602756375
-0.024827743863430562	-1.4324706839974102	0.8080835395169398	0.6204797197550511	0.8124797456001924
-3.168724455774435	0.3056624628766542	0.9988320916913638	0.7829343483054907	1.0036968924471712
-3.8785418548021564	1.9820516300113864	1.9347485091024796	1.7449073893830709	1.9339613993675075
-3.0844003045800505	-0.49148868918992683	1.044206473120269	2.1373459477998056	1.0424472636937772
4.797470084703372	-2.5156363083751443	1.973754635515637	1.498514840099011	1.96379855949683
2.1467865260858616	0.38780870280639146	0.9771546012351966	1.7923942108218878	1.1168970880513993
1.8733453973526437	0.7385754126558925	1.1542273486583152	1.9459707424730452	1.1487521902921032
4.29701917359308	3.174465539949839	1.9873241669722832	2.0293158066274786	1.987921799082197
4.24521775734191	-4.737957721706961	1.9949500211020001	2.1347475995476857	2.006881455533091
-0.6709245056565933	1.7951264582631605	1.0806463937389552	1.5280759298938587	1.0845422867813013
2.9193195744933114	0.9353040496055041	1.4199313842314856	0.5680378399923666	1.4078154126149238
0.7619789034729498	2.7088622900427204	1.2338853349070031	-0.6161517338954008	1.2545976093537006
-2.8265196173668095	3.7683306150427693	1.97963981236399	1.691320147205902	1.9809147270044554
1.0862436010696461	-4.090866809469507	1.5784209624174435	1.4948736889216814	1.5865118913091332
-0.8372220034188373	-0.6608554724731164	0.48963333505938544	0.6004535073261336	0.4887483365460455
0.07301195714029962	-1.8513012490969647	0.9215754896915989	0.8041241415531616	-6.478422450006469
2.6818106521166074	3.6197316957382615	1.9752429304421641	2.42522262615326	1.9816342783113403
0.1983345813421309	-1.974766146601671	0.9398457966441287	1.596874667632509	0.941715978672102
0.7042507989706053	-4.734530393267344	1.1954361731545653	1.1867409329543552	1.2025709960482138
2.343304259546448	-3.792017588556714	1.9630861501116308	2.2543374154087013	1.9575454486099118
3.7910556564419178	2.8681331479661987	1.9806196894720571	1.8987370000997115	1.995407960467916
-0.5673045165561996	1.7908632092696175	1.005251259714071	1.495765789614403	1.0042593216661346
-4.508098042781452	-0.8411291586891023	1.3311640421206028	2.277558570028333	1.3322745412615242
1.739226435114201	-2.4749825364822833	1.8755194891761737	2.807461204625027	1.866207352128589
1.4601272008850987	1.6963653906464202	1.7119190233501231	1.7361411030374876	1.706999311869342
-4.792492452536528	2.5138682456443924	1.9736798786488845	1.7144647570563767	1.9838104862559218
-3.8403510653515815	-3.8132741310149987	1.990716439451004	3.0280295674891784	1.9962314114869664
3.3411910052931066	0.8463365017115816	1.3311296102041923	1.1865987587844178	1.3274663652225038
4.763051762281425	4.255484067222303	1.9950207725953524	1.6314930630225077	1.9959964562118555
3.948798466280884	-1.4010580134993198	1.7898555060685712	2.9800511541951296	1.795277555266323
-1.8767800554308058	2.2283977565415958	1.8864369122535956	1.7001214858439015	1.8825762048684278
4.358145891655635	-0.344911018766469	1.0111905115051192	0.6015882050640906	0.998745761408326
-4.45338865070119	1.2765888964537186	1.7239302092442337	2.0760476198455855	1.7250855143172978
2.5862467041261326	2.869920924414158	1.9636098613703592	1.3963779812504051	1.9646306327354373
3.5044566804318897	2.142876475313291	1.948135497700171	1.6550429335863883	1.950189773244472
-2.608979270196569	-0.7482981923766765	1.2175736326804776	0.7071549084612212	1.2159179719175357
-1.6111134347726108	-0.4100103700277593	0.8982445306730805	1.2786487515947371	0.8946543040660349
-2.8669047093212354	-1.9642388322680047	1.9224644013146315	1.4823982370484923	1.9257949194687989
-2.0458234860650926	2.6976738105488245	1.9274652532064482	1.7352733519759225	1.9270342515922472
-4.0595662550794	4.794621955810372	1.9944428333646467	3.4787809776995857	1.996178450171253
-0.820983214007148	-2.8154652396056488	1.2967157611630902	1.571435114931511	1.2952036452851092
-4.204518033899724	3.058000685765432	1.9855042490917536	3.601226166766028	1.9761119226967496
-0.056092546715465375	-4.958212483895571	0.9983580082865268	1.1537489687230746	0.9857135442330813
4.853975023690905	3.30895492761338	1.9899294883114984	1.372863533166822	1.9903307554035423
-1.8615122160059547	4.939913147611692	1.9214466049716712	2.871785064094366	1.9200724049566222
-4.443498022621842	-0.32247330487577486	1.0081395212950521	0.9570651039508081	1.0094783775071896
4.596807998976839	4.105544453667067	1.9942579374025737	1.8282328248584818	1.994744030877334
0.9083760940842076	-4.829188894115056	1.4032339158257554	1.5383972229759222	1.3983329322823477
-4.395739556126342	-1.3352582516374656	1.758024735772615	1.7682340113119557	1.775422252780164
3.6803144991945835	0.8584550486168876	1.346527584892263	1.837442679366342	1.3441170850246449
-3.3719175674075794	4.810135771228545	1.9904593212844954	2.4970277154499554	2.0732084989205326
1.2218815732232304	3.075172547792718	1.6792513335790098	1.5102086210925156	1.6814843793117429
1.3940532105024612	-2.4267476265817245	1.7626266313386831	2.9752459658788144	1.7659263441624697
-1.9183939260285388	-4.593063129956266	1.9290018494037988	3.0054200190073472	1.928146908438972
-0.5347926732452111	-2.5303424891943624	1.0517997742980838	0.10452062207509327	1.0540860205704188
-0.30786772670467943	-1.0049070540067593	0.5137986378266178	0.46303827675804865	1.147544534166974
1.0740893075827431	-2.166611205155963	1.527579116199082	2.2404503072591706	1.531126860604952
3.005721969799101	-4.477294668723042	1.9854140347706963	1.8455803232615566	1.996364034751885
0.11827958822637541	-2.731530672403797	0.9825497866189374	-0.02635736756849516	1.0085250236219896
4.154873365051937	2.1400433746958116	1.9511482088474055	1.6369218645108137	1.954966419230491
4.949623378808152	2.3191285432774924	1.9649216837819057	2.732841831408736	1.9629860170917097
-1.0352201805242633	-3.4588270279226405	1.5276205245102412	1.433703690800992	1.5177209854440121
1.870798469531687	-4.803319238241295	1.9226487157854777	2.4908016306580505	1.9385263044642145
-0.5411989133201445	3.4212146867273976	1.071763722051154	1.526144913725475	1.074192462051922
-1.901441335508598	0.19984004713268178	0.9305276759506779	0.24918033874049306	0.9305663318267783
-1.6249233371174379	0.6238937256406283	1.0061297985092126	0.928223997991201	0.9727942919993013
-0.6388035940642025	0.32658228985929316	0.15399777401874562	-0.30907878386425724	0.15062155209241537
4.151858989883598	4.431593276415283	1.9940598986408804	0.0843111500319742	1.9939940537223784
2.268467055917057	2.4994880380627036	1.9386299165751106	1.6303284612080833	1.9359066014463393
0.841103234380852	-1.3447977890087817	1.0993930425589808	1.7390139072755484	1.1011673919546272
3.125426121278661	-4.187169477331961	1.9863859458611515	1.7202943614815596	1.9857073570466994
0.9742974344805253	1.4486160825094219	1.2889249121007729	1.4306085137258813	1.3169775676670075
2.957325002976021	2.2585021214189362	1.9500831642637517	1.4090885545288012	1.9482629685609367
4.53147609591521	-2.897158152486534	1.9836384594591887	2.5598742887200476	1.9918819571598734
3.1709242984172796	3.499199784459492	1.9835797157432715	1.4860096532268	1.9809733830238847
3.8538073978538936	-2.532776144358795	1.9717630290637294	0.8864411144389517	1.9752031919129358
-2.501721265073986	0.43111614612845806	1.0084968113773407	0.18459247078911922	0.9225737093714386
2.592102128061776	-0.8996057217677897	1.3740816372942197	0.9944171671747923	1.3699435864014218
3.6522554579801163	4.514715326457816	1.9920099298699356	1.8660081642547242	1.9929935078168333
-3.4019571678940808	-2.2288776356632924	1.9536485534009111	2.4264396096881082	1.9523614613478524
2.4687485660850106	1.1509958804305604	1.6108178140250766	1.20629573862694	1.6142903127858645
-3.9581137967771585	1.5093239668125458	1.8343797094820258	2.7159475649331766	1.83649501929384
3.21875611766837	-4.258023092191206	1.9877367677160478	1.9665665808328199	1.9911388704955348
0.9798428587736367	-2.949938451121392	1.466614992273158	1.9142517187927173	1.456303385242842
1.2441889500516021	2.497964192515899	1.6805235013111328	1.6526618754180755	1.681382923302365
-2.903703968333957	2.2184488902690305	1.9464794730976394	1.8462185163124414	1.9446560741107954
-1.8955137714302528	4.540489561340882	1.9257591365213838	1.0397910872164053	1.9560845547138157
4.410467065374071	-1.429048687762653	1.8039592802851536	2.1738103906519974	1.8057200217121792
-4.983189000478825	1.3986380387595538	1.7911988731741824	2.4027740306246845	1.7936536342389815
-0.6359037287916909	4.438650670813351	1.1379678762807617	1.5104266520227396	1.1398558775789942
-2.4691950940186693	-3.392190542066258	1.9663074347402647	1.610008798403896	1.9600571849328645
-0.10384488086429577	-1.589379842430354	0.8646392279496511	0.0027660466169528997	0.8311840612853397
3.0995870410183244	3.793788172225087	1.984478072995019	1.2698428881577382	1.9783649219063222
3.862561793423419	-2.7493633665473185	1.9783271715920516	1.9244184346790052	1.977800401445958
3.4918784197826547	4.36132146323901	1.9905625194146332	1.8481055046844943	1.998812969419812
3.4733243347118155	0.25803230676688127	0.9975893299961577	-0.1695143850108093	0.9981367439017099
0.8358431020505286	3.705236842706313	1.3227195800482188	0.9445322327692083	1.3177695278027164
2.2964880831319743	4.163566015180665	1.961977516668338	1.5042608416265881	1.9560226460389887
-0.5065630596850834	-4.276542134806341	1.0587979808495105	1.1136541340020216	1.0525300181634505
-3.1822809810641495	-1.206223412396997	1.669516994310911	1.649066810852895	1.6264166542628242
-4.065243409676479	-2.6648985047425375	1.976909477800501	2.291811809739794	1.9545555613708943
1.546305907337847	3.9423524398442087	1.8470052212452723	1.5994174603177733	1.846239457612982
-4.684909685512543	-4.306827294597666	1.995030378610075	2.2360402723235535	1.9954622894134393
-4.7771805075326395	2.1546365399826204	1.9537424903140115	2.231937001529737	1.9493602063297408
