-348.14589404896225	-1.0353264364119015
-320.38252954869296	-1.8821171269068264
60.085910383669656	-3.1756905119635426
-225.73990327149443	-35.26057638462787
-169.4540441494428	-1.0697684292154046
222.12158512393145	1.838677840561876
111.39427136327332	1.4190555672102865
157.87179101477392	1.577735421874211
66.82744084426157	8.26314941501764
-69.97009696914624	0.45622238755339906
-110.95367435795471	-8.771927467903538
-29.564116058864393	-0.5530190602788316
124.38058224690909	2.575837140173418
115.97438978106608	2.9060553576041377
148.42542214055325	-0.698956258717981
-159.7500188060797	-0.7455216315254192
-378.22007322445154	-15.424338262794096
-216.48514109326914	-2.759134582870887
47.18523888785018	-0.04345003403187834
26.238390004679832	-10.04877087805693
190.96587825144945	0.04829359428918063
97.4168380170054	-0.5770885303210804
-32.178450058153594	-1.4749295613848032
-82.08524412589793	2.974059663759328
143.6585136312014	-0.6905141243376552
91.6888560559026	0.49277812029566154
254.76840699599742	-0.8814203877732484
61.834721225317224	-4.2012216602661585
-121.74543280527818	2.3495453553665033
-186.24704542539027	8.602409834636356
-108.63399581853295	4.4123973708932125
-109.78514653039711	-0.17829360463808258
58.10894750706035	-2.3594871408075755
44.110069073109756	5.039224444474572
-2.0887481156661405	0.34444095192993235
244.39688885595376	-2.1026422855956697
110.49078435172923	-2.8442790841077157
-52.39679879647956	0.42631196513728087
-97.41149153955837	1.2484492124086966
-90.0552627114814	-0.3220064116002379
-107.68848321918922	2.2480390185395187
239.63126671617627	-10.296301762742765
-31.553778040022312	2.2792314996379535
-12.117090484867557	7.224388023124134
75.32708557111556	0.5959825914145824
130.68091489164334	0.10635152828335522
212.0355720356826	3.499842592259066
-113.51043475802922	4.131384634480204
-256.60843637414763	-7.2209346062643895
-107.76889623806217	-0.2889722388896514
-96.39729098206483	6.0811302900620055
236.1971940033271	1.136288285693816
-74.12728460488546	-1.7564875496677088
117.5441273023815	0.3569404002910192
-47.974998723108264	-4.519222747652746
45.55323711343561	-0.05943675839454224
196.58617543184712	0.689944031354962
-189.41239665447927	2.173463121025024
-27.653265807509516	4.041654390677889
68.51429292127703	-1.0323188549469122
-64.79728081785309	-0.19594451471052168
209.2085145211272	-1.6651869107635362
-112.5379099323628	2.4055049756628346
15.422307074820642	5.979607850865438
194.5983741855558	-36.83937748397611
-39.90013236390933	4.396464457402798
133.0982065207973	2.0066685143069516
48.4758882305196	7.342795042021239
-117.21763837700739	2.2676029985017165
40.945237405629975	1.9517541473342934
86.29599912506559	2.9405494136786112
-120.89305450599761	-0.15399842928173757
-80.21427936643799	-2.583711420038476
150.45989055337373	3.423775823848266
-127.65876548309716	0.3616402530951933
5.6119902019440655	-0.45572515686093623
-11.972170895155429	3.634300414854538
-150.08776290018218	-178.69871157044406
-0.8181636261323855	-2.7590688356937485
57.356138874484344	3.6485107398952956
-55.707745323401646	-0.3150542459622878
-168.06443770535964	-1.3725217088508543
-90.40299033594057	17.705095175786948
-292.39216497384353	2.624841213493949
96.78755866299947	2.185261523340175
-18.45168487432269	0.7244847875450745
-150.17245014458877	-2.828336479150455
-140.86875843209947	0.08194215285300231
-4.2677616010621255	2.721234271069968
-115.88674514106212	-5.773229942720554
25.003996222236854	-4.69041119666778
126.37529277950708	0.666690412646273
24.898357549169337	57.22380497653363
245.25981590833638	-1.9750669088590898
61.806632366765314	-2.194221637238827
100.02823682111008	0.3100248287620362
322.29120193164414	-4.530332614296671
-81.71195286010922	-4.207615758272302
-290.4181626865892	0.9183447923369429
91.33634320746691	-2.372110688101835
-31.084498798025717	-1.136059664913415
-105.15042462599692	0.3354582772495382
120.23140704790151	2.0492344010088783
27.554827658062376	0.8717710866980951
224.26543396576528	-2.5872294385670362
-72.42024424025193	-0.8867821003430129
-78.804525969424	2.360861017813121
-94.4574068895731	2.4255716831748106
-65.20238152206922	0.7205413066263725
-78.5983612700112	-1.1300901389266766
92.55012822652434	-1.8331731027755513
44.480215664777575	3.1374465998470753
24.366527014555306	-0.6933580635423577
142.94277541602435	-4.062223993476202
64.86812711084957	-1.2843249785725028
120.58223959648667	8.619399609001269
161.12073238068157	3.7774769346467307
9.340799011469956	0.8575165924633248
-121.24213614800071	4.634702899672133
-195.41120335944828	-1.3217931752428402
8.833374163262041	-2.874454805577803
-187.51747176366163	4.671534548522849
-71.69337807554295	-1.2840836338308572
67.89348238654962	10.521513417308558
-28.458521744436116	1.2228156108289723
-209.67004889618016	-3.9541796518240764
29.128061237449998	-0.6107515366690316
119.4707030234413	1.1729959166831747
91.63061397171819	1.7055361050161717
122.18825975461777	-1.0940354259771137
256.2244555693331	1.949253387620252
-99.05014493297882	-2.6715013540672583
138.1297359716527	0.7022346387348583
73.36464139856068	4.549584940590019
49.44040502342518	7.383699265574237
-39.69478002468089	1.582011018263583
24.315446925368626	-0.3304230104348349
41.105604207129325	0.049628960816305724
-166.24936413043997	-0.4569674980749384
-272.8208210893419	-8.222029616586115
190.82662878035464	-8.488620366310563
-73.25824407830366	-2.5196777287573
300.4107945959722	6.263570498342287
-89.8592679765758	14.34882909731016
-32.30440543169241	0.7625040620970237
113.67770680808893	0.7562025894041307
35.71387067766974	1.6654465277705532
196.7809795977567	-4.427140401818107
56.2344711030996	-12.83803256686511
63.72334926905943	-3.4303521101742662
-1.7568347436407312	-11.59462300203361
-101.11478914590444	-0.7119761227448907
-150.27922988587244	-3.31004340641421
-153.8503821633818	6.872412530776434
-77.24641586280175	0.6946604116010998
-105.50558341870466	2.567032825315149
-78.39017478261835	-0.011051223325063985
224.8799721713904	-2.9284153266949984
-374.4587583029498	2.5844915182362045
-117.21248483773145	5.629917896431431
-30.233059906074416	0.3622051692911077
-136.669067232066	-1.0233392663908676
45.235751955404176	-2.034289447923823
-468.8492033738752	5.049548128305379
-134.00070959382984	-0.37465371884980897
120.14729693803037	63.995018215513355
-102.19510715137123	-1.8116319292168888
-97.94892666444885	-0.23776130213304444
-82.75915246236447	12.854261289540856
131.79930052112064	3.6868444183507427
237.1158510591494	-5.1718481481795315
70.47775772488967	0.5921937724249015
206.44368569369763	-4.777316610099436
85.21554358165311	-0.3620150021235607
60.154776965747836	3.410388743803191
-317.6767074846699	0.6764574315246259
-57.29366997946661	-1.8123368077837223
42.229681153583	-9.187177578147187
-157.0933465400869	-0.42743430228465
303.40368979103596	1.2291654246404438
206.2613470456089	2.4911490640431118
22.054747065473467	-7.320897837706869
-161.88185352324473	0.6456446001494912
-36.749225514251364	-0.8728737346826357
-27.963868959074713	-6.560071592192917
-156.78917733833038	-0.6523008228685204
-45.11767964189918	0.49742271259664655
-105.09986238640381	460.3849356230482
-7.270946018940292	-19.08520066111686
113.87186141697254	1.642296569084696
-108.55233850968169	2.377572034760539
209.62042072337465	-1.658477063706039
-107.13163485327243	-1.8784338864914925
-288.47889553330384	-6.423412584663594
21.701498584271928	3.767288636954605
-87.51227715642675	12.67269185100765
51.04462340917856	4.2407748350237435
201.10856386378092	-0.07916575332897566
-82.01097996156234	7.594460213850528
-129.47377884527594	0.3168633467099454
40.16250352404849	-2.1737784818914228
68.83528128619405	-2.2649739117884384
-161.84666854172815	-7.003097400093061
-173.06144682191325	-1.2354305252376998
-12.618784960183065	-3.313267826612978
49.74853967039239	-1.0400039432193247
-207.45907949484857	4.68117397974215
167.2354084250885	7.328058376024412
-151.73212350256557	1.8453766390595452
64.34000259730189	-4.700706509290014
25.14586846942944	-113.79011507987896
-22.879880979258715	1.6752898574360222
188.8622703818849	10.921644621311758
-47.04629292833296	1.8736080688116121
-20.88553282927684	3.666364595149051
206.59163593115167	-0.22435871801119459
241.49054268388315	-5.303737674441707
-22.518709793945263	-2.9213163339983708
233.41142711179782	2.8038685777203614
-86.5585733031177	-3.3653359249660295
128.33078796682875	0.008309029146251415
90.38638699463053	2.7436297690066285
-141.56274827207176	0.03753014311158707
-118.0137998664294	-5.149335431282649
135.56391469305208	1.4707139607998732
-201.7541867470405	7.292632588252906
-21.57132855815073	-0.5084781000539521
184.00670636963372	3.111223503750716
497.70844942348486	-8.122341089731949
126.59893639153177	-17.40496812009047
-4.224463049199749	1.0788835187902608
52.67706341797306	-5.533908054921983
104.95272271758407	5.741547118133897
134.76091701462911	-4.089273304483747
39.965345028499875	-2.192835739998566
-71.96578131766805	-6.247092758052232
-133.13957909383052	-1.9739835761623339
121.67340307861356	-0.2964946502237407
-243.61978236176563	-2.012316891447245
-266.4880380358106	15.067974625729692
48.844413291446884	1.8934640885242247
-302.37400319576966	-0.17197419528148372
161.10679106542997	1.5300019761232138
-18.604423186223002	1.2844167500132535
63.69140020112759	-0.0055534613741883496
-206.49356566497073	-10.603833122597424
-57.191996184410065	-6.746417274758904
391.86560322591674	-7.399734952805463
146.15505470080723	-1.867164131143484
21.954609831798635	-0.4864688030579786
-180.86438014762368	-0.22724227507483524
13.010146782496303	5.759158296490529
245.75859812094072	1.989698578976382
263.61343235575043	6.222082535819729
-125.32872344476434	-14.379936634297177
250.5576870607765	-3.1336128192562156
-22.990633818631007	1.5682325402050803
223.64538094729647	-0.521904517251607
4.4649565786151415	6.050803203590417
-175.16169198215943	1.2953582911224386
-22.091664791047098	0.9520815563832692
188.16208731820637	-0.6597333756396991
-125.37380805557265	-0.8036522611193754
-166.11490870529224	2.463098464976732
133.38778862451235	1.922992778813028
-142.01585887633917	3.466939703866376
100.92492137821814	4.841303962229032
45.86609193903	-0.6270496134480832
8.989988754544699	2.433134909972071
-114.11908204374828	1.7098304300477725
49.89303562110133	-0.2186953520357101
157.91705624714209	2023.0799801516787
-257.9193553041916	1.342080233980337
361.21407280044565	-1.8874436906979888
116.46431776343262	0.17669735989917096
-39.94747110315136	5.6320170808044905
111.01330121000959	6.198290312871599
-265.3036500751643	-2.602602393464802
90.3746714963972	1.9654274044647893
40.58184673026847	4.676839256092402
236.97030897121846	0.47705971425475013
65.56112750554044	0.04925593391141476
-373.1981136343417	7.2197847886560504
236.62413769013006	-1.652505706994798
78.48866985266315	-0.8882185180254161
-96.74747228485973	-2.3491808141570063
-116.41199866391973	3.065207863345379
-17.779107694975583	12.92150386375444
-267.04226526817286	1.7864996649036395
-149.29214015479957	1.7272561506124844
194.05935471315468	-4.431975925876755
-29.356572436059047	-12.466888241264174
3.8600391749289154	-0.2952290684898358
368.9599325993326	-7.450429946973717
-32.61833569823207	1.0643625227809776
30.827336389018225	0.010628840627963087
-238.75573194205944	-2.170179409259411
-82.19008437778147	-8.993210251596931
-22.83374129031551	1.1361127156660562
165.12241136828916	5.785581578353104
-141.5622115193084	-1.0168729508078178
-160.3864920576468	5.638604911434215
112.53086231519531	2.784481471548619
46.44421457511306	-0.11865339575358604
178.7551853425122	-0.1088827214495563
211.8495296700478	-1.1107371582916297
78.73025233868695	3.276178579710713
424.51838396215527	-1.72586018725552
-65.77969800987461	-2.3013875520058833
169.28763241642446	-1.293463511952737
-140.77409549836332	-4.353090810960296
-71.1880952957403	-5.444768518033551
-90.87342909684283	-3.0710594820387542
-222.73078884046225	0.5470644004658266
37.91197266323228	-10.943668308200166
182.8412512699698	-5.902003948370586
-18.203154656353046	-2.0369769553005317
-10.520948816071297	-2.1382919187416554
158.3119964861152	5.729104747816837
-82.73663698090601	3.7806061771255446
49.65528290025747	8.095286979828789
-158.11255325471137	-21.58254012023231
-144.85489979294488	1.3958141507426878
-11.683096774695176	2.6561824139378714
101.86910321248378	7.068411914559619
114.57615567392206	4.445847964441504
210.4173544185779	9.766379965289175
55.5544142545833	-2.379451281223103
25.93551680504875	-2.2691684848184557
-161.36491849350904	0.3718315356779836
-63.45350459306981	-1.962129090361401
-21.839837849747042	-0.3371095581455138
-9.072880392437261	-1.240335639593506
-5.499014111908043	1.2619020992721026
89.70041937352711	-1.7563635411234992
355.8006560745535	-4.985609187380059
12.713434083708258	-15.743789939260072
155.6510810649071	0.61794745472749
-126.43831394624125	4.573829676052554
-69.06364924138988	1.0489590587771613
-104.46313545000714	6.365510072744111
-380.72592395126975	-0.907221541217468
0.7434907071932901	-5.201673197075667
51.311386550291424	-0.7405666045490141
100.54982181407847	5.980866394985373
-143.91425982643096	4.675718671712367
191.12647636634617	-9.219410274256948
-123.13988308986967	-0.1489378226364786
183.86445325442514	-10.88788664991339
-69.87826572755834	3.508936165656619
-69.42463007603567	-0.5989952156921569
-38.454096591136185	-0.22266093479340435
-25.81723369448229	-3.925639820916322
-72.55124938577453	-0.10211315812383702
-39.749499227184884	5.251290765423627
239.87848890880807	-1.1206588631588073
-66.44172663843425	-14.962558792934779
1.063748297116148	-1.0174585690368423
-69.27063136876858	7.89287777586089
-106.95194872376267	0.13448665023313888
292.8115270125943	0.5592568767888226
276.96838106682713	2.0143243560285096
256.804607596722	0.9583885877138846
30.999224078095388	-43.11384019611133
-216.35800424135977	17.584995643223337
-90.24522051954918	0.4843912980884464
135.58246249277428	-1.0501804534818573
61.11118163782929	4.44392078662221
21.617476361583872	-1.3236834057634261
-105.98490084922216	-1.4963880113940566
-112.15343820352729	0.23725974470695904
-58.28875427781831	-2.4229079868114027
74.50601612023532	-0.42560566571463315
143.81643695080513	-21.07977832619641
9.510127565072414	2.761154630441339
87.92698081878811	0.556876152519625
39.13698489105753	-1.8768493987514066
-92.0434175899354	-7.546023483039001
-156.45102765064016	0.19443576936929943
-146.02763576092713	1.4712374155037862
-153.55556279158438	-0.7054865555599178
283.34096955231615	-0.6759104454641843
83.25306583885505	1.4946142075467879
-92.43637586604585	7.763680153850554
72.2417000857405	7.995726408374214
-120.79330119224151	-2.3553720929786794
-208.36526860190924	-2.1964785484473763
19.7669408756581	-1.184233211622066
-16.048630270847198	-2.2493723085768957
247.80729919498478	0.8397435133380852
63.716682286197845	0.07749940664343223
-143.34234652733682	-7.581240928840211
48.9718102082384	-1.0455911762302545
84.96201677754176	2.511810381389005
-94.7939765778958	1.3144547978234515
163.70447811866907	-0.5129915908021776
-86.71774647994354	8.746749581586108
-125.62274077709215	-3.6600694927013238
-90.69206335871634	0.4196353856723423
-129.45760251505573	2.271608830434583
-85.7827544988704	21.815368634490824
74.17545463059375	-1.3574853728663043
18.976494046168504	-1.415447988640455
-85.56107017539925	-0.6391359274102933
33.403317586936964	-4.306525790485432
-37.38174225856574	3.7682450327856647
70.31635798269504	-2.691797832369158
9.28241433175027	-79.91481356906361
-153.82265649939106	-0.5193996961595515
-37.128826546464424	0.5134406745260836
-3.097096994228387	0.3162022953640122
321.48887080078674	1.2856380791731172
-89.06564388941376	0.7031713612598878
-134.8475543127385	-2.170242054751443
-260.86390204476146	4.859925503416118
243.46271625016166	6.605543484133395
83.03376029026776	-0.9019142377750939
-105.19132092760059	-1.51979785157306
-214.9790677144646	1.285207582206761
-56.94644729065656	-0.16186540979586353
-1.3988239793527317	2.7266964352250707
29.025522180683186	-3.446632994155236
228.2614775295617	-2.415217406365069
272.75976006753604	-5.733293251956039
-6.949418786446005	-0.37531288104251975
220.69344948318988	2.2586533136482925
-55.41572341663703	-5.958279177326891
-236.8965358701474	0.4838770743678058
230.89827214849444	-1.5767809756869913
-293.927770502617	2.2907135038943816
80.05847801263023	-1.7191472021926058
-72.75387520379674	-1.8719478404831131
284.7878693549863	23.779888578105385
89.36947899022442	-1.0586861951624769
-131.99148860836797	2.0161181226727134
34.99869123642805	4.2529707625020094
-311.40547675716573	-0.9981348183285208
293.4186476913559	-148.66413687146317
0.45282506233399017	-4.3882233585961705
-87.42545325855542	-5.382948835467603
398.7373393759423	0.17025190349342015
-170.59226208418147	-3.3000390109636797
79.28894328029568	-7.512697339189811
-41.44934110374125	0.19729559761642043
77.96599781426077	9.405167845083309
86.51321115596005	-1.069150157832394
74.63436237804751	1.703384222664508
92.82386714630799	-4.117245636649775
-107.75025292495953	0.8053429637051467
-266.2654047819714	-0.47531264822714825
104.6365997336106	3.2790323552175558
89.01021245109703	2.2612763115906502
-151.7821185281	-0.8377330208906191
116.87278739343691	0.6256805100806205
111.15070456911677	-4.189719533510865
-182.21706952906453	9.853934378425025
190.45202280553437	0.7477595249375901
82.06384865393527	-1.2813191573236662
-282.23652442589395	2.9444937698519547
-54.928797223441435	-1.7834886538737582
172.978140165766	4.587566852491157
456.29617584311194	-39.64925935018215
-93.01873837916332	-1.5082424958410805
-6.4307372793112165	-3.405160357004261
-323.9607763588196	1.8151686050405438
-134.76955558286622	0.4946389808468561
59.29524875626267	-1.2602591876138387
-355.085642405765	0.0420145762333576
-178.8421503081442	-7.919760597978248
-15.26092602097637	2.9483983659577224
41.73311965863022	-0.37404530147435283
8.604171059570419	-1.407656772987891
-32.10133428803627	-0.0335563216046932
134.45165962967755	2.1470081516609074
-20.103125652504758	3.6389699075221604
66.21356520873663	-0.4248146188580165
60.581266387939046	3.6051908113927977
-88.24678728202052	-4.161416851239676
-28.729348547498006	1.184425759945165
232.85708130133887	-2.406805527003628
-66.54210871385585	8.016212542985551
-8.9360268066097	-3.5068667962585076
23.738247185080617	-0.6460750465287155
-144.6453557706076	2.398721896457147
-44.42762587850294	3.705932325852118
-79.62255389575452	1.6919902039624204
-237.43872461877086	-0.8635320908940463
29.055823489889686	-1.050019375827935
11.494543818316698	-4.259304035086297
-117.20332738139655	-0.46107212576885553
152.94317682312536	3.3087121129167367
157.58667543550467	3.902582154671321
166.59234972026098	2.186870942122657
9.062373513807497	1.4489876512644386
-28.34220977827832	1.434302033674435
-183.6539686672735	2.2931527975779074
179.73173488777212	-1.3338606398906112
-88.10909387969271	-7.566071280372587
-138.65908555986135	-2.2374852089109623
-83.04854297999442	2.1245319495782398
-91.54954996737003	9.928577808432832
-198.87599910028138	-0.6436381659806693
-221.77402823963044	-2.372557902106833
43.37505632275048	-1.28871076748238
-161.3591421044923	15.524260993990776
146.7793194767188	1.5569887091292642
1.4859352985536398	-1.7492226621113793
31.585119524979568	-4.915531208168451
-125.11380345326215	-1.3726358529806344
-92.82993357410732	1.197457015264342
254.63719433247164	-0.24332419256835833
23.160109684661414	-4.051710925722616
56.015315483150786	2.8287707173052286
-212.22325155449667	-0.7974251448390921
-61.57716936816359	0.33918690867360063
193.05243330315625	1.2158244107266598
96.72354553885968	23.283183688840992
-76.01085976986079	-1.1561300650448523
-21.214764866171187	-0.747884990730976
136.15077533266214	7.1013337637633756
-148.62694250794883	0.05463404716019939
20.103216858480007	-0.8233094879250382
-36.089675923681035	-0.7249648169155679
-198.15261922098372	3.5103921630222845
69.27069210730932	-3.668413467713405
-20.211111723848475	2.467824181380865
333.89876443964016	-3.1216837424337327
100.50493949373619	-1.258512648327199
137.77452581524804	-10.673828398254896
210.16693547301784	-2.269686721290046
56.316920170700506	3.466857546521549
-39.496940238013586	1.7860982130853684
-109.3723434797667	5.973850833248127
-118.27044221042249	1.1457329210634013
232.7459471628401	-6.229704100134081
127.20544589635632	-0.5159585002951866
-40.287273313391424	-301.0796790563931
260.7948586462017	2.4290651553399143
126.91733328514154	-1.0638455840950376
29.437491439087903	-2.65428003669592
205.3258702397297	0.8576798822762004
-264.5540988805908	1.8852696091947505
-56.87467862599825	-1.1828317281553182
342.65968879415317	-0.8917260282040905
149.04260035701517	6.929530518725068
-212.05021230975922	-4.727235542500578
-164.27807786575283	-1.3312069916276483
185.74222159929553	-2.4810019520942292
217.945574460069	-6.866165317805178
157.3391767799783	79.12697156379502
264.3716442822239	1.2591198773030066
-32.819711679063914	-1.2162927836178898
54.16931920212116	-12.419011258858564
-9.725616061129111	-0.3252236659240096
132.96310232062106	-29.44327083678167
-339.7460371882303	4.664824114737096
-76.59279313362963	-2.0914993804292923
146.9261454597023	-57.64418260080391
-62.851407037278705	0.7908127031586294
-130.72558647343	3.95415362041279
-248.0502774648873	-7.078008302387259
-1.251162635265547	-1.785745810699996
-46.910363032855415	0.1136315950352767
260.98188882122923	0.9278764872462174
26.737244486548057	0.22696926407764012
-43.28066716188433	2.555435048638711
80.61326295124415	0.208938346749398
-104.66398030986105	2.011077160718126
-73.4854595359719	4.9150120631218925
26.886805285860284	0.5847894665734159
38.31493948863766	3.2835089391535766
99.28020973660591	1.356387526289245
155.7961563397269	0.9384128613884234
139.88083724204927	-0.6261106011179424
-208.63499632537574	1.0887148606115082
64.61152530252879	0.8481474516703135
18.568313698963635	2.2617634089152543
61.46117456850786	0.967713003143939
141.42871469538483	-0.2429559416130547
-55.42248929180677	1.3675106352425737
-31.775288898887602	-4.652277418220229
-88.37998235018523	-4.389969730362531
39.55109171090246	1.5438669227144397
388.0728103897415	-1.3379359888709406
7.936351806084324	-6.584710782229545
161.57566625866292	-1.982082150414116
247.52993376124854	-6.747676773853203
-49.10759618683512	0.3693609674737814
-25.04235997249833	-4.458145547673106
154.62851442371425	-2.046963392782882
218.5718803629071	-3.4155213863346883
435.59314692614134	-0.9380662213243437
136.2538795487922	4.841281383993463
131.2581414392014	1.4477062587788998
161.39286248071576	0.8013109504986048
155.35808162143113	-5.434436065758942
-146.06627100497462	-1.9548805437389165
-1.488589170305041	0.9835739583731665
97.16217371455379	1.8532386861511247
223.16864435557972	-0.7203196220596874
-8.154997813177852	0.5008475627078008
127.42503479587877	5.427344038386098
42.976247378902464	2.4930802328910238
-184.97153643749695	8.784161868407697
-14.826476634565871	-1.835179831460295
182.74901168180926	0.07129761090312511
269.90498542340964	3.7003896312463693
89.07005268416641	0.04792588966789347
-93.16810177672919	-1.7164111171107144
-59.50144372100838	3.302696470233601
-76.84794611801196	-0.9987192748497647
214.31311904664994	0.36942536645561547
63.088756514344766	-1.3379562605280444
-191.25052094523025	-3.2705548368327726
-159.01953860380934	6.4325650487892485
-4.059912261078913	-4.904584141442707
-119.19845582223974	-0.010348651249620073
110.66050855863097	1.0219647879271663
-68.38319312845441	-3.896042069838506
142.83652302272998	2.3909210561030894
199.9946885367793	2.640130748533513
47.365603114911266	-6.114374003020082
2.7437230386196867	-0.6856922371076717
-431.288548837108	-7.589338414397783
202.66162384171005	47.87576386239105
231.2795756395153	-4.562049849948547
-233.00514101086594	-1.2447666974333447
-164.97969368984218	0.0969010528144487
-155.14075223230955	-0.8692072589997601
-121.35837661120942	0.2094390657158601
58.04806761591722	2.333450662497073
-30.525389397824604	2.790364303580357
235.84044805710752	0.8359654261414384
60.41468420069832	-43.70621462463358
-56.38912632527096	-0.11568160659237571
3.639433774729543	2.7301354034409053
-174.35301121438098	-0.07443338651425355
-72.05994590824089	-1.7260734165522957
3.679050582886183	5.0112683243032405
-92.32952238593658	-7.970207368369762
-86.87022417703206	-2.1581136306051385
277.72677164491466	0.9330857320152897
-221.12648877537714	-0.8597131054971372
95.55284609571967	8.057264791010015
115.88883836477498	-5.849443155277372
0.1947318587309804	1.2469303604730924
116.87263366761684	1.1404633750003015
170.57084946669087	0.3407055248473717
312.7174991786264	-0.9121680039021002
166.78749334444714	-1.0312430789196039
322.55776645048655	0.22690776038527385
-105.52780533656401	-0.09216007496890073
154.4057470486021	1.3846863718317983
-116.49000633981848	1.8378402152008906
-149.38467349313694	-2.230377603355301
-63.3863737434351	-1.132301004721852
-137.59550620869288	0.5751398622119585
-285.14975117078563	0.06411510113746197
125.5142584273168	0.7280756315602981
96.86174340342576	-5.4959070929404765
139.95650517243197	-3.7274612819061184
66.30432294585712	0.16988018197343635
166.76556854895352	31.469250132942747
125.0929124617234	-1.2104205544145201
-23.915517300269258	2.2051035500952656
-60.17364155864897	-0.6253455609344519
-171.77951375294822	0.8144784994034691
262.9282209130456	-0.895566250284692
-207.70299425133646	3.428201998515096
-278.87110971609405	2.6973635313170328
66.05059824198008	-1.2998658018123648
-123.17475741280818	0.8802031023304921
-32.578420156196245	-0.7413540341249323
-10.930683167836719	0.02434135333870792
-148.35620034164057	-15.012412682121598
-202.7479341285004	-2.2755715822613243
51.74192457072935	0.43526617417071334
-58.52472230106874	-0.9551908070305387
-354.4628272662785	-1.834489607218014
32.39582967937705	-2.2179846929482654
-125.04253297750674	3.7308733501359796
-29.98902995816616	-0.4995523405406944
-166.52070746123644	5.104631705015799
-215.724316531406	4.102535577001842
-247.09491599647956	-1.8925682220137254
100.19803602264922	4.193155203577261
316.83656371073107	19.545857871787337
-72.43547857861468	3.276108900763844
41.35315716358176	-5.194718997784229
10.099840159277363	-1.9553959505683665
-204.26310803924406	1.5838848496879523
132.5732139909636	-1.1852166159920765
-62.70327076291822	-0.29217689681933723
143.8405297871425	7.911983933650749
90.57574548374484	-47.115163515505394
70.50779687136479	-3.662926101799601
-440.3038543841133	26.571993826642778
-199.4017036577891	-5.3172942024304
78.10955659851707	2.7114023923647297
153.50562844464008	4.6638418034357185
87.88607126073781	-11.33532620663541
-78.21348371122046	-0.33460056236700675
93.39856093542686	-0.7185509240148399
-107.41181692862021	9.857526010629895
16.042843605401277	0.6215913486402346
-109.35620054490784	-38.994025276599515
-72.34270833001662	7.634752430194254
110.6340420784252	1.6379291787058963
64.77234417848923	1.849504970133351
-111.96485697200882	-0.6330271258005365
-80.27101493480978	1.6156111324077822
-145.56899139360422	3.3827445693952294
74.49366667420554	-1.7829251181564172
32.67337235514949	-1.1401549438103264
-231.40156295095187	-3.0024030243947366
-285.33219895509023	-2.21458723794251
-218.74371755169054	-1.332283421880459
139.71671500187767	-0.49518762740202726
-28.795556850694386	1.7672421779264622
49.909336515689226	2.227811615118657
-63.372694988213894	-7.851452588964686
23.596461618741223	-0.3701169879160719
55.71078121077182	-2.9623336106193494
-170.50829288454352	-0.3439951759584683
56.908121451319104	-0.13536288847379957
-119.52957276082408	34.07727963748145
-4.9635409942322255	5.451386739448048
-244.101910841101	-12.87184515609923
151.40125424761032	0.8148350229428231
107.09171821093993	0.33187915759048525
-40.981773427636426	-3.8829181827372463
28.202875149276455	-3.5190586198470255
-190.50578645548586	1.9024899385231644
-162.57248832244528	0.9693723128776841
-255.9867244060855	-2.8929071064169207
198.20774907512563	-2.2475370467954776
-221.7457530516499	3.070894284949821
134.74353661869566	2.669454491961524
-35.38553222810198	-2.1877594146139594
-316.8880885196312	2.5005596359513174
-198.5152766120047	0.5836141207405307
-211.24447251055088	-2.6558433791675773
230.60939258747217	21.265134363745048
171.61756409842212	3.3979753963455614
-146.22434377083468	5.999028888169133
99.6420061794746	3.7325969344158643
-58.939491626149454	-2.7889863835950495
-109.72339663533651	0.8391546786436361
25.2327359475473	-1.7790396300853974
-319.607739015734	5.026279006295653
-0.03020765883065524	2.4364863783439747
120.95686830110294	3.371143946125988
308.5858956957956	-9.976105437518314
26.3553795744573	2.505353345148669
-173.27381086578617	0.5588893082632427
153.52045920378336	-1.0274038858102459
-101.29626628068924	3.4094630059643563
-160.45147269109438	16.137632377839076
36.21240819436927	-10.893438900873546
-34.605641694833935	8.658640444825513
42.725121639216624	-15.485491101747055
65.01226006410153	-0.8574663700097245
-152.1913412410656	1.5680230421770975
-191.62691784030707	1.390972265723096
136.81739333544408	-2.455415425672522
-336.08388690987243	3.7117619430303317
-35.66157522838284	-1.4576884669126169
-30.75593810177375	-2.5721438351433834
-17.02421320424044	-2.836984798393365
-138.65684105061757	-4.460246666533543
22.567898472851823	-8.967884456529655
-22.263654228240462	-1.9201240446443957
87.86061624517403	3.797367851037651
175.44861872293242	0.4810292247360968
-76.07024396990249	9.753639458525534
106.45452573060318	1.3689526151175193
-74.00350579633844	-0.7497068338221142
-336.2588696566084	1.9168976944570553
-2.8722244536782715	-0.17628698001613768
-39.4108764726828	4.550214625052819
126.89581718386556	0.0715134999974222
417.21546594654353	3.303519955193926
-82.5769029894296	-2.562414007028429
250.47676376953967	1.219563384970434
-167.5950927087073	-1.4243223153304696
-166.95929074970542	-0.163706290416046
-56.262624964503516	0.07475070280666334
-122.78049598760173	-1.1998927324731434
3.19422285267069	-1.542212593713643
-101.90412300680134	19.84509422839157
-38.93424371107226	-5.1412027919047345
-167.9698083711953	-0.3873509194571387
19.381779460262432	0.8756516021569449
-72.48408062973513	2.65749468129077
-230.51583518902834	-4.938193231969161
99.2655692192985	-5.412396961211582
39.316365488992545	-18.656821611580995
319.43509646832985	0.6692684324065495
-117.84313739334026	-0.05165015907621236
102.22099320113969	-0.5829191386107097
-76.23339589275388	-0.5129596449197807
-186.73442714959234	2.3830210608802695
133.7931721103698	-1.1768067058751857
104.59981216537777	2.1061090456192644
138.34429896794427	2.8211083752120674
159.45635683370483	3.6783873378272056
-18.243567942802258	8.692910571405726
-133.4200089095982	0.3778674325727082
-268.65732335835116	-0.5410459133602672
-117.98233820319705	-5.183253979548455
-242.52517284537714	-0.24709194601215867
301.57081012289416	0.19721554711918213
-125.5537110375946	-4.906200130031589
49.65704741685338	-2.9919226759594224
366.38006939920257	15.072196600758685
103.67180520064571	-0.8062851127830559
44.051633625508664	-30.48577099053835
169.498558588613	1.6762870116169584
49.192287377863536	0.09137355176513158
-212.68739950239683	-1.482167759036744
-54.93398642021223	0.47633139217208986
45.084113853497655	0.30923502909366757
-73.00652595721483	2.7546790234027076
13.134008195295312	-0.026278735048631634
-83.15481398072197	-5.0177027240979015
-73.00614476220275	0.4499839374119363
-161.7879753766014	-0.48782282763546175
-182.83439813829702	32.28040017987785
-29.23010359008121	-2.3488684634035666
-101.56355540783721	-1.0204605582010997
-45.430445223170445	-0.4552081923543086
79.84193069659328	-2.396016763165643
-422.4917378438589	-1.5705364572744747
-179.1316130714335	1.60352273363516
-149.84843243792417	27.23903725675056
147.03322015839387	-2.9859754747241123
-0.025892662017186326	3.7850388105280817
-97.9202885882651	-1.2488701932050668
18.25944761899199	-21.761758142720886
62.60745025048898	13.59918165724908
282.55211063923434	11.414066950872769
-65.59246259074634	0.10705806851280172
-56.313171540533226	-1.2382930754137456
-66.48698545127725	-10.739628184115569
-108.56148513319643	8.921038323683984
-171.49439819568875	-22.29602167353511
79.2013165542789	1.1934555195167922
5.169200706872914	5.754038639912488
-45.98589189879092	1.9946793911333403
11.2652512432516	4.492472167896844
41.45983339202409	0.3006199484121617
20.30261647483089	2.876670198244728
159.9014753330924	2.6031630199215807
-109.39469664025566	0.450899312949647
65.13307292893822	3.5317570124111524
-27.273078455160025	-2.0857158315705244
136.16148536877668	-0.7805005526811924
-8.051284636344214	-2.8611378021909184
181.24721694132452	4.110854622546197
-292.1811447193653	-0.8403643969008495
-297.7543521064853	-5.202290200091812
-214.4485256127278	1.8887311632972292
103.72040165053136	-1.9370640936507812
342.9891565885638	3.756454306715195
154.58563453945925	2.47021633808898
-59.04995985946534	4.332068288154179
104.93671685997228	-2.536130263743686
113.30236312124356	0.6173544867942341
-312.3476426745812	-13.635966390775398
75.75200516926745	0.42778877251482184
175.49733859003132	-5.394195527399074
29.48236605685791	17.307040116750162
7.35928695174911	4.423389698104153
14.866072616981032	-2.2810054823257464
-264.2991195458777	-1.5297040108318127
60.86417155980007	-1.5579154649637414
-41.94402772928832	-2.442985683222892
134.2647652614466	1.0998214342582675
-154.31415436184625	-1.9552219099823422
72.89142830041486	-2.539768194828079
-131.18986361754682	9.10489066941957
66.13143961406666	6.524049635977738
-254.14831863982937	-0.0776054275651789
-129.1951622457869	3.784411209688301
-157.54463518894082	-3.7447283915415976
-12.383943846733292	2.139174391960947
-273.15564521855305	1.3965217471130376
257.30667265894664	-4.916689074638178
233.28782351884217	20.287873423426074
-166.3493884672566	-0.41808587787122625
-91.14177523301925	0.6729110430377597
-218.86076537251773	7.030567786006317
-331.0251395600018	1.1554397371704686
34.37893971618097	0.6771064913811727
-117.77842930055034	1.666951567986449
225.15356536455653	0.6522708344273832
50.98428303834754	16.29966835433715
-72.48283518106061	2.2099245120360433
-7.966337060876173	-65.55630043422369
195.52176963327642	4.026226924055962
28.119571861402935	-1.2302138868654093
184.81647221048678	-2.5790039178862054
-55.48534534238992	-1.2659408318087166
-49.8342588659226	5.233668449498273
333.9747476303359	-0.16581391520220368
-55.4561317610179	-4.159966151695077
-51.520805938586555	0.8022630107106059
-50.4314300990482	7.775725710941929
-137.5384805685024	-25.716764313796425
-88.38885973343619	0.7798110771345214
110.5792131485688	-1.3603591744022339
-144.35596454053126	1.0584321581501734
-155.99471786765932	3.8690219551477782
-129.10156985775555	-0.6431857794020559
203.16176172429056	-6.736548416054971
325.0887131331232	-0.19247571094934285
0.40111144181813585	-0.545476372594606
-80.68324567030692	3.8097840887044168
171.72735072050781	1.6536796754898184
-20.165608465477824	-0.972616142411719
-3.068356856793528	7.134519236638653
-474.33456219900955	0.9977843261997678
-57.157984092580996	0.3495567784239205
130.31058894545697	-6.83502198138016
-28.43735032483794	2.5919873213757976
-271.0869839678526	-9.348130220840956
-58.90272961519198	-1.7331560035712754
56.349885085778	-16.378997450946013
86.32964866905874	-10.17714895466169
143.05988083547706	5.98840479869532
180.27596515844115	10.300435310273167
99.1164179428443	8.683543904322683
-59.173689497317746	0.9112702537973656
-104.10884759896275	2.8803270695798426
307.8902346201529	-167.0482684527955
81.69807666502976	3.365089072085153
364.56718895564785	0.46260080715905866
23.858824557966532	3.041768210370328
-60.67972198991609	0.95767484108489
-67.53204492921273	-1.9877845804649976
-143.40776570136822	0.4869931508848573
189.17798143407225	2.055606333473217
-105.69590370274494	-0.9587959887889663
-43.75946912034131	2.7092075269375386
-130.02079017627656	-18.27826005172531
131.59423569638125	-5.079814003039128
49.511478468476284	-2.284010831401245
-87.83861082041665	-22.425075655547335
-153.18849370204666	-1.7095530526830898
-39.89114551555274	-0.33006671897428713
-41.76067937937186	-0.933520989510093
110.4660970218077	0.9857522834367913
11.36477098785194	-11.422713750867423
101.57455231334684	-10.878613929616327
-180.19359601721231	0.8460210119622736
-163.45795371939394	-5.183152215473721
134.33211650453697	-8.801242221075496
-338.40935247396294	0.7872639589901423
-123.18471188810321	-4.909224509744116
56.281708765393944	31.8757661985153
-115.17573764724835	-0.7179380635270649
10.392571518145129	-2.162789608199156
-76.29315949991063	0.7852177788875583
68.13666404069697	-0.167652839711813
47.61546742365399	-0.40768989279161527
-93.48789886965656	56.69624140253993
-228.82820305070445	1.2902263411120811
2.6543945187762015	11.987779791048757
88.37138468961344	-1.473885166076326
97.19322618367801	-6.7573987197363445
-61.22104537863961	0.32685002989598533
-63.26940416891666	-1.1901565007148884
-223.60542746199434	-14.331290178176644
-43.72537805564527	2.2688165764424593
-40.409231602756265	-3.7658545814598496
-16.60059159156797	1.5950378886222083
267.06300929084415	-0.031597400527528824
218.31720193960237	5.290398757162961
144.12419872319305	-0.6198382170037852
-160.74946074137893	-1.1477374571208214
-24.32256995390702	2.807062039915256
90.02032243519658	0.3659913343353283
170.2043235779154	-25.993653961422453
-117.70245031957792	0.669346273798867
167.31269946173205	-3.303985389285348
22.445096650137163	-0.04326014075186912
232.8022791485595	1.2500934416857257
-36.003294228523124	1.068207115097503
0.3736389425453912	0.4690688677201453
171.98074091161047	-1.9487098375498573
-15.680822411588954	2.5170918462745426
71.36633149754316	0.08343470592161016
103.80046553957703	1.9224268856684654
-212.0579725520693	5.645460263356958
82.55849922902054	23.57483417139793
-215.36759994868598	-1.0841346494150967
8.662681032232149	3.0722401488227584
146.2632097056492	0.12588868657125288
-212.09279453759493	-3.808683264722027
27.048480058868773	-7.3998928475425565
-129.35873652411362	-0.1145421016147692
-107.52105480138438	-44.031387797248186
87.56673658492664	-2.820124306757353
110.55704122915209	-12.91671643288639
306.24685756562246	-11.399294049222924
-45.2262660969225	-3.3554769099305144
143.0124268002824	0.4761642128733264
33.37914986714008	-0.7431451824697196
-122.31760401917833	0.0837821098154709
5.845131393169327	1.4884134724202234
-80.93185429400634	3.8578926801073377
-104.72561747973273	1.4892155220406451
178.3068320121321	-0.316455367592059
-162.951107761959	-1.6462924934327088
29.909549346778608	1.273526991072676
50.964615853417975	0.6702447719538358
155.9469046652138	-2604.675231036326
-271.6607738451648	-3.699299991420263
115.8968639709196	7.100576441141964
31.412702342315093	0.1692930104664333
-86.76319558504744	1.3017302683566867
-196.59915902985352	0.21326456175105124
20.776074571510122	4.113113259400581
-110.78469399195399	-0.8250344132354607
172.63738910887255	0.3520967669719185
-272.9727575613385	5.978031841704006
-113.82090705205158	-1.3926187924858715
-14.04792724128967	-0.2820098960625379
-26.299022897432604	-8.939531086244072
203.7194531843379	0.154305336377568
-117.93005373349577	-24.472378838613196
-38.793077413511185	-10.171130448286918
-323.38960259208295	0.964494892153332
-39.398495696842055	3.671577296276738
142.5404855616486	1.9904101743667186
-297.7230042952451	-1.9589224619386565
-14.043872517027426	-6.91730350763626
-43.432314940161994	1.4968216343472593
-99.88481234700654	0.666198516709369
-100.20125418789402	22.102497436294588
-171.19247382901986	4.989443588801641
177.78021819785238	1.2862301417628983
-81.0976935267782	1.4715132245164029
54.61568871793932	-1.3359836819343645
173.06031453365082	3.498414654337094
22.430775246536978	491.09462942272893
61.30055153312721	-35.3462500333193
-200.54744114587487	1.3949713879535606
5.262318296143625	-1.2492795062278077
-237.98356329247133	3.3080390013177587
-91.94337532347082	0.5257999147120769
311.0048250008443	-6.077485875317696
146.10796740688176	-20.090766094115185
51.35989147899399	-0.9370887503863761
46.971060990695996	2.0319085843901545
90.54623495762468	1.3381060788705534
88.12069868543625	0.3335050337623303
-170.35060653274854	-0.9970121019027416
-65.01312005377477	11.022714779219134
48.42552326306551	15.430254206253611
-100.01495813925685	-0.4035426593958438
-30.462137567925268	-0.23615725407613455
-193.28934791408682	12.369887579595664
91.86850222371048	0.9705238860203969
118.5530413669588	1.8381407637228346
-59.05829749048766	0.758301830373591
-88.44385329402621	0.14467150345990104
-109.35178223776745	0.45977023279481893
178.2242834730933	1.8582904137024119
-204.02470241972438	0.9935706040961242
159.6276254193895	-5.850383097935264
361.4500466667469	-1.7700159413378755
150.1402697374197	1.572108561587554
-39.20273897512956	0.28589390049096874
-178.9767363414172	-0.5999909284189606
-69.73909654003648	-10.762974300043265
71.55582721006195	-10.320495318162237
-129.7925265992838	-2.8966328934862497
-100.44860019377901	2.6980719282733543
-24.196634136899817	-1.2840319284564419
306.4437172524737	-1.1029818008183414
41.38473231175392	5.355982015073862
-62.672138256610666	1.5633021884203315
30.968639334125786	-0.45412066095390363
155.6865770666304	-3.768967047211143
-2.850643027561248	1.2747396618935896
-106.24587894400422	0.455775709331557
-34.49971562914269	4.8720119233273484
120.5108662066301	-2.920084968678024
74.91135192785133	-0.5247218213640736
-127.42070520432691	-0.07681745428284636
67.17260786896429	0.580251403822394
93.92555368269879	-31.6501651540844
-7.140513417132461	-2.618496862309035
204.54252807511398	-4.4914696922320605
85.23223041250945	3.447892345574083
-17.537797834816303	1.130093099911309
130.7309424888939	-0.6356523154386282
66.35286027098809	-1.2089035190386113
-228.29633101430687	0.9904996688763298
98.68266472200919	2.440876189549422
-88.00917844834171	-1.924014656017231
-152.4852929926206	2.42783075473513
-167.96028780131877	2.389317410400068
94.0576729735562	0.6042136744822447
-13.947950199006653	-6.8901459339287
275.5096281738821	3.4668322747965274
-125.7818383469109	-1.3665063776431794
-118.08986429381699	-3.2379476990341822
109.27965737527326	-0.1745274689200627
-130.68827669418206	-7.311420325992327
-39.18557197434542	-3.325544582768453
85.93044448371438	-1.665858218014076
90.87744976356451	0.39716855206291435
-3.114552965358378	0.3762499970718627
114.4427996875974	-11.293732609466447
28.083097184300147	-0.27611001944789265
-174.51074150221464	0.624144484856297
-37.06405918976964	1.0790230141313024
168.81277590508165	1.0313739247706917
-331.9096184108483	0.9435159019952198
-370.8161779625745	2.514195778111878
172.3630774090083	1.5671530592307894
-382.358588921419	-33.237547756977676
162.06947697360232	-26.98039468270279
108.55531601351299	-0.3695380931291724
10.63196680087416	8.249395533776385
175.25186017729823	0.448955379603373
67.44314056653546	5.080076275794088
-161.81949371533247	1.1836811165847698
-58.00213217546887	0.6866348511664164
44.036179980580684	-1.161796138527156
-123.77645246781373	5.895907943663345
-310.21861072767405	7.748450093077354
-94.36425059531452	3.0051738506449754
141.16681763884685	-4.863422103952691
-284.675158996788	1.355194997148428
-171.788484565231	0.2339058903851193
132.20094785092297	-15.882533569555003
205.96068502567172	1.8249886877375052
121.87402372505737	-0.7066890506276682
-32.12681491449454	-0.450786252337771
276.59189817479717	0.6013714860823539
232.90507500283562	-8.309387637980317
177.75147818968907	0.9566633381145949
-48.03598523360722	-1.0939808031046239
46.4068804044736	-3.3580797122332515
-55.566438724627695	2.3054212627631667
183.45533893324878	-0.20624525725019907
100.92824604107274	0.862539615864014
-53.672500190994285	-0.1607616782112792
-372.6920071668817	-0.770019796689181
-133.98354879732238	-3.236366706482589
9.765144702321454	3.0210822352144673
-17.906959293191214	-1.8630344262752994
27.275368499438397	0.3810305288371408
159.85542689135107	2.376966249872826
-168.92564321451232	1.0096707424633282
97.98659257284015	1.8344979837669024
-217.04601787333468	-1.7380095311347346
113.59984052457041	-1.2366190571969744
-115.68346446397115	33.517024584524144
-16.50986993890326	1.8068726057135762
127.59577164722397	-1.069872569063023
-2.618001183730395	-0.2962938383591338
-172.76423351260254	0.7074580783329123
41.834192913261305	1.106425347585992
-40.98325511384543	2.41221693376208
107.62612674537789	-1.4397085138242451
62.85392138460244	-1.4392506490711865
134.586163538496	-1.4254976884219825
20.103256195248502	-3.2398388380417154
-14.19888471476121	-3.6304198810493116
-86.67613725254495	-0.6430568879245838
-190.64415679052243	-0.33119057919198586
-63.3376716734531	2.020904565484691
-18.7485825170676	7.43653663439743
1.9170873522786853	-0.7349695524071126
-42.55926138758426	-4.707025077249752
-303.863745610061	3.778683420775725
-160.03848641489566	2.386191207535992
-8.517623172440752	1.900391270928841
-84.91924636482189	-3.5830574485761844
-21.610626618329384	0.17110818486320634
58.15536500515722	2.406520512595875
225.0932448864565	0.5613734802343038
194.4029729862781	-0.17404382299649865
-143.09774736501123	1.636049461931983
23.159742375349445	-44.890832548414004
-211.47167765779628	2.1480115602090875
-141.76646419728675	-1.86484109766779
-160.16334206183228	-0.508836849979419
-152.17518011077158	-1.4693886458060454
-131.25197900972717	-1.556564805890197
-33.6749077674797	1.4899410291719175
154.68735253309623	-1.7805747491160309
52.13657217903582	-3.8604941510418693
189.60647809043337	-2.0935291976668284
75.99949622927164	-25.70363538489505
172.20822386680217	3.4953050421645395
266.45097835602576	-2.8713743579984743
-277.7342725859078	-0.8869373527637837
63.55018870388173	-8.468833142748666
84.84448335477522	-0.4336852911662457
-148.3276669813377	-91.25180483624216
25.993891504085994	0.7967002488670247
10.458363222508439	16.575457296460474
-183.03780269644642	-9.322138594538282
83.33652692113742	-0.8373033352123588
83.76762165852969	-3.7779379250282408
-30.760261788327554	-0.15515698857923726
107.71865656658649	25.897361349617785
-14.455685883239902	0.4559004391118101
0.7406684291140485	0.2788379879774207
63.45779868433354	3.0395529863682764
-156.16665147897086	21.545038511503606
-97.85460281105767	-1.269425786501969
15.990912148951367	-1.0073686226394662
-38.69968572203551	6.636612724139883
160.99576943373498	-0.4714994802982279
15.370870279398373	-2.782320730896215
133.39467561382878	-130.51025909409944
-8.082560635981917	-0.2673836481077265
-128.47232836225746	-0.9275167108936276
-184.26380626125282	0.6655802168615743
-153.43265021517104	-4.65383315165586
18.895356767785785	7.305580322762689
-2.064975909405279	2.2457392688002202
-165.7803960200941	-0.13837420690207772
135.23287904643266	-1.656443335386445
-279.50505022624856	2.0662968100718038
10.536247835120204	-12.124832878244957
9.279682653973403	1.100274465869586
-212.27900478850145	-0.00814965268143604
-40.335698843082646	-0.4283962664977871
-235.32942058580073	-1.6150296855121675
-357.0957539287363	-5.2627249178372555
16.295247910800928	1.2696265093971608
130.3612768082288	-6.983059392426114
211.8735810984412	-0.25502964958335594
-68.60723559790983	1.5538370250429345
-89.36376191174382	0.19490772167979165
25.152634142091355	162.51859174501058
-27.639991591245035	1.8819850965909615
-54.13800404599016	2.527923713769583
137.88211424834844	-14.732972485604222
-15.182564660891769	5.255426635409536
133.26836152505436	-1.4136392564010596
-35.01009778185996	3.391611764515974
54.913305795529816	1.590710717687533
-49.687909233270524	-4.150580726172999
-52.56098794747412	0.06896051274437219
-1.5799831945430958	2.30791778123958
156.05193855704465	0.03085052448623349
-47.99484870201686	2.353105412336868
150.7842380091426	0.906709853598275
243.70562156815254	4.498991372828898
-96.56978116296902	-13.196368779597051
197.27164804395775	1.6056940184025916
29.456869586083457	-0.9437937067912886
106.95881583018513	-1.2352480921656692
119.36689280627746	9.122984182940328
-55.91952178631736	-0.8376896008627991
39.08527505560387	2.467880062736435
-321.0049371526349	-1.7983901609122364
6.021373782232994	1.6538518664599886
347.9954662012771	-14.275496084439785
-19.066434652727494	2.901475141103881
-32.886509806788034	1.040849577171477
76.56458083865871	-1.0806378341605452
30.855567629150258	3.4568428892143572
-77.61326039983611	0.2093161366386366
70.4014723955445	2.412347315331884
29.035242958700554	3.0804778482856268
185.0468664003939	-3.3104579997806773
160.15483699318597	-4.14549120694463
45.75656551789472	-0.2630667319219692
-127.03216391339431	2.1238988951867985
-118.8019759391177	0.5154351733652723
168.94611882554963	-1.603068138681917
-91.23068361326493	2.247621202132425
-286.3914810837622	3.150711813183312
234.87161201987263	-2.135468112098089
-133.38915654877118	2.416717324585396
-66.25052400164057	-1.6354648702188805
-117.65950160142934	3.9756500326490083
182.97668697126574	3.0535957461169216
69.14719651274676	-0.08701184765011719
326.19766825957294	-11.18698978114857
26.519261363596748	1.5432779770780973
-6.276102281691726	-1.8125403605344135
-405.652270797793	-1.8118121743421172
163.79562467533856	-4.468013343965308
-1.6034156207472683	4.05822100734008
-194.70636325022937	-2.4342076851483694
-3.5162359128598277	8.041817102591873
-108.51599965693714	-1.1284143257095685
-134.4012439698102	1.7492507088853126
133.1921210798854	-9.597466696541105
91.59322687841322	0.7103893802158567
-168.44971917566892	-1.0308192009963293
-115.42248062354204	1.070743001535534
-22.558455177984495	-2.736621935706379
86.59695933986328	-1.139992347848148
-133.71640967261465	-0.6059831783586138
221.1831775169613	-7.424144885641373
-130.57814605520335	-3.6759167898302008
-202.56367266864606	-1.3729177846031289
-25.20534059637905	-8.540549166469164
-8.868461675321017	1.5666187499122313
-75.62696434268564	0.8163061143226811
98.3603199099284	0.7266459763504192
-59.26363505512993	-0.43224370771659737
-8.579434353810198	15.325074434338932
-170.15266838452024	-0.002176365542044062
-202.9377697332936	0.6476947120481703
-252.80443877722288	1.4180578625394353
197.31969605896805	-1.2869646976914932
323.5673510812951	-0.06769622168535605
-135.9537100146131	-66.6100699517728
-182.36315701988744	-4.645038850845914
-13.884217076711778	-0.27260580701040554
61.445942929701644	2.884076345437075
-116.47113592062935	-177.69397843925785
-184.63246113532594	-34.970004357888705
62.42582671895629	5.634612371285746
27.98502503186635	3.1360826995537003
23.550760359152715	4.220077209879505
-149.9716189987094	-0.6552024589880053
84.71585568030729	-3.9595858714841783
114.64636778753771	-0.46754373018293
-54.95632759877676	1.7367274041715635
-115.67701158336543	1.8961895217972324
-191.4399646281423	3.7944538331624615
20.686415822743662	2.8284575039596476
3.9722614755038026	-0.9909941429116552
128.99594350322116	-1.625805557781309
-82.62292592490665	2.001222701860868
232.7712979817427	-0.10040461343222877
-175.17716462141675	7.441684867946572
90.52284008142846	0.5710525128409001
-150.4720863805687	-0.7693569336177433
-14.517117758010698	0.1749404613672228
-211.95228281540292	-5.467101250901407
79.42360404058957	1.985977806939738
145.3608732559046	-1.7593819185042494
67.48089410382917	0.8044940014550527
155.09842984654105	-1.2898247353904932
322.7395894264189	-0.19682935459717693
68.15092729292456	-1.7799968017983891
-127.52415223960044	4.131858851224089
-43.82391454520705	3.769000460212637
260.9805561493785	3.167241171040312
70.53842216932306	-0.2279385481530955
-25.11755583102817	0.044569382353157855
16.740245689410195	2.972807689539989
12.378248791079562	-2.3168001860960588
-95.0375322364846	-5.427374667696037
134.81947424904268	35.877366997470936
-294.99904785178205	-669.5998883379243
-108.15731310908689	0.7143909464351109
-98.72533056967937	-1.335838946570469
-14.033418547701903	-0.16418869411826514
4.320324787565427	-0.5673890101366161
205.97025206033317	-4.320901068911032
-226.5864957985325	-0.544911650772938
101.26402563088347	-4.016866491603725
3.1651919085010265	1.4903509645062138
-102.86209291082193	5.931964555949416
-83.63857652763974	-2.342190852074676
-189.20701856303813	2.4755323683118355
-99.07610041308027	2.9206220334485162
212.29104059082027	2.2113006721275053
56.54796651930823	2.0553514914783446
-89.19799051330287	-0.9952236542205903
-31.82898054571042	2.569045471739877
-256.7955359075118	-5.2418653634014545
281.4491216228513	-1.5552836559556886
172.3338715220015	2.665448812254031
-312.85599974225426	-4.505147220245783
-115.53166735665164	2.769319131830251
21.709597483914084	-2.3214678690499144
-245.420121418734	-2.346816798062067
29.847879279385733	-4.2912304900690605
114.89356863005027	1.1626935407041286
89.05457972086674	0.8463335340052595
-50.65134792517056	-0.17627333402625187
-99.20990885984669	8.37772757766741
-148.1876338770157	-0.8464440697000106
118.04293391084444	-1.0155351740390433
177.6857532499373	-5.71776842539962
113.12951098410402	1.183337223240855
-108.67649313899727	-2.0785988011127916
-211.57809002551727	33.01102408371398
-33.237198477271704	5.324456826641035
-95.76901738843105	1.6402308896768178
34.945160866302544	1.0432424425463072
8.955995243701736	6.203319954995937
-13.116100340420287	-2.2322530965623173
51.257152076476864	12.949112899440092
-174.76809979830827	6.834578334447792
182.80947514426472	-26.485510216293946
-168.08129203343992	-0.24808848702404518
-235.91435904960184	-36.89712331420779
89.46290018644865	1.9813868973379916
121.83575186585546	-1.2117805437584706
151.097828280991	174.79912938839374
38.43666627326858	2.9510797543350376
138.84541034674916	16.15216545628276
58.69110577739224	-0.7935533618482783
312.1015533651255	-4.51683901543379
225.1685618088522	-1.1374131944375716
21.36663534742034	-0.7779710672697346
-68.98890558280691	0.32297532726612255
-168.84770992388118	-2.9807849773446926
-96.5251358419813	-7.256536842935473
101.53956450568243	2.5210703032097177
119.0520694673158	1.766218602112557
-41.03683513064869	-1.655636020999843
-71.19626985550164	1.0275408935526726
250.87681852057335	32.78533010085125
-69.32869664771384	-0.6694537978318266
-123.1208896643773	-2.6007611871966327
64.12993690041034	-3.442941475577434
-141.62174300365737	1.362945408485303
-36.2545394519108	-1.7423134691960804
-43.752030036484534	8.603397681766236
-8.650630121031382	-2.798041419300007
-238.17615648280622	0.6319103940995829
80.22101985755687	-2.2453486912763374
122.86753818637467	0.44122904962187676
-52.52365009465477	-4.912823822602186
-21.512998233787897	0.4419544386657195
179.62749290649293	0.369654484849014
-394.9693018815486	2.0710327898733576
288.6165586262106	-4.125096669941553
59.16093142626899	-2.675662362575908
82.94335551121924	-0.5109241136990733
-7.011840290646251	0.6539636152831257
73.8474812578031	-11.140013229284394
-240.74902884142497	-1.788088324033716
-140.3091326501352	1.7360284582517986
170.8075053890253	0.006355843172549059
-231.09582111495405	1.2363524368088121
-185.2023434529391	1.5325463550249556
-79.54812108419304	20.888395116933
67.28294627440405	8.210195518218184
-67.43414716554135	0.7278777623804751
-167.5341987527573	3.8055509199908326
-145.28087256449783	44.879103690585524
-45.47643200471545	2.7255728464092526
-292.3110782643614	-1.8208571857750797
78.10213177931514	-4.944596919783157
157.64329768792345	4.370208497452738
139.42343528947464	-1.230132252651791
-45.52089037948378	2.662209384099196
29.53085311386794	0.40434792718845214
66.97984799883831	-7.116189334878589
-90.59471549182328	0.10230270686912943
-93.0857252984708	3.3474852194272535
200.47574868817316	-1.6778277228945762
137.379490782325	0.8455339745934896
113.2957931417006	-7.485320406702628
80.82818784586989	-1.1547471203809445
-10.857038431424717	0.20869843714536082
-67.37750696498529	-0.274075232007459
-199.6061495774639	-2.82426663664518
-114.14694017796423	1.2812231745889797
-357.40020702513823	1.8350214807406453
-22.679606262624592	1.0903309689070517
25.94549802208989	-1.653402275104391
-157.5260176072337	10.814548433489072
91.31930126059073	1.278432196588153
294.8380045441481	-0.8816534237160478
136.21440252321804	1.3358015946147683
-44.22330525903168	-7.965269990876986
-15.494671405965986	-0.6735707219848459
144.57435932502872	2.750382353602439
173.91261888322407	0.6492506262706135
-103.29762621425807	7.252357550519429
-55.77807531597549	-0.31688723838614663
-20.188835912515167	2.031484556838424
-22.428499812832364	-0.5454940890424775
208.64571558956484	0.028983647819781744
97.41786395235408	-12.434187520893218
-195.80888188345116	0.940719699584058
-120.68008047794106	-7.30514805517284
28.16931281193216	32.51648600210087
-84.06622890043573	0.027448146765387222
-21.516652230059975	-0.9491372064992277
-108.46371407551388	-1.3193982145422434
7.620184157548506	-2.6397691209084853
-49.56444266715375	1.1666878778280863
152.52834000633246	-2.1186739904388605
58.593134869752525	2.146110548082953
-64.43752467419546	-2.9667463292251286
33.713955753987314	0.3589922920527181
-132.07444347715347	-1.6474395835731568
238.58645806892144	1.3066123367975402
77.48849117488193	1.8665928699290293
-53.60361324239392	0.9870986978581064
-44.703364163249624	0.41186218933121527
-168.09090600600686	-3.791987617865925
-27.692134788896464	2.6216015514970574
97.51940059149732	-1.3068080328804872
184.29115051784518	3.6175300267603916
-297.8399266712511	-3.9243741960939085
-79.5600150989435	-254.92153615740145
-19.85260611772217	2.8931133224600325
-31.54051542291374	-33.860976801508606
18.045952728920422	-3.276547363492666
21.96993083042992	-0.5369677943800435
-107.258109276297	1.149154243150846
169.36369256960225	3.1008108918537514
1.483852844224072	-8.875307960701805
11.983565576296762	-0.07486722835695019
-27.487797116638347	-0.04671294814585857
4.3912970272297285	0.6711410010539073
247.7684213304392	6.415967565172595
154.14299050555218	6.954420347443689
-91.4326719406033	-15.163843161248197
52.21682327878539	0.4585536073769322
-102.09346233025488	0.12506513792205107
-80.16483035853325	0.9790075557572971
-54.91431155972944	39.74004537083746
645.9543414197727	-0.03171353521411057
92.00501858981748	4.040798623706577
-9.477483232543475	0.8490856832774812
77.26438249526039	1.4904000577967076
281.03647259360696	-2.295582122786797
75.45585273506241	-3.4800833299618494
42.0505058382903	-4.282321117390228
194.8829126759239	-5.291448003196679
150.51865705602808	2.364817977831516
167.8311847952366	-15.073944189017933
-171.40073662926343	1.380199874691892
271.0132575168914	2.7437158370558055
285.3994930481149	10.063502236761467
-13.56196253068703	0.1402691779276502
-34.090797975000676	1.8790751880907872
6.159126537431602	4.079498710074943
-171.879183217129	0.23211544595252354
123.04189372530443	-0.6097668919962154
79.65394836417572	-2.8112623859999846
-5.958934553047673	-1.1425563971547112
-115.29110452447017	-5.9753647511479695
116.90264488944194	0.4755984621977932
140.53334725546878	-668.8022644493387
-261.93058875757976	-20.610664286303063
-57.13915378080263	-1.4750716068344545
-97.26879384762803	-0.26691301300129183
-174.10028246093015	-18.699091071740924
30.015252157663674	-2.270459093969636
10.18329772577801	-0.09008610583968207
-33.57862205342764	-14.583688881987326
79.02482163841644	1.233282036075858
-27.083909757016663	-3.2087910969243727
137.40897031359492	-29.469911788196374
-344.23759698663366	-0.728869497004552
-130.59212214489693	-0.10942004414293433
-149.60060839042754	4.509075831491939
68.96282467261321	-1.9156756132657309
-14.665832464510657	2.2898380527216484
192.6391009098834	-1.7439952625616493
26.729389938568833	0.684916429640122
-395.119102968924	8.323197751137476
419.2750218546967	-2.4267577237254754
136.22819718481932	-2.8463429848086483
137.7646219085196	-35.49797533320954
-128.3844656178294	-0.21457495356053427
-6.13217610685406	0.15039244674190616
-99.60420567089088	0.41402575812048237
-51.73527135387718	1.0153388413370206
-62.49080585784761	-0.870037686301605
-133.9913394593844	-1.7956914419684167
111.61645859908693	2.414209753353893
-132.39296357616166	-7.209931442457749
34.12724957998689	-8.071812953190095
-235.52806163973523	-175.25356487048103
60.8412189599613	1.3907104580840823
-283.9802126435634	-3.0631465167501166
149.48385994868732	-3.01299804627312
-231.03911283985923	0.4512977521477579
38.08724333978823	-1.31652371932355
295.75457347893285	9.556707590768033
-42.62834556161996	5.538814318003193
104.40335696743811	-1.0723357997645195
-38.54199539280264	0.3535051269262757
174.5264114881144	-0.21893087329583852
255.9905100900475	0.43971152292958066
140.066159585228	1.3894559491081022
-4.010492927292917	-2.859521245744266
-283.16494770347856	-2.4443390261718445
63.83469298055126	0.6276865081836736
234.03240764780253	1.3875898965066207
19.688355907688653	-2.15899541422796
108.67806365026964	0.6527236431548594
31.80693624121492	-1.7545646143026887
181.468239990614	-2.3728083358319196
106.02012463289685	0.48279239507069277
-126.11096540790416	-3.735312643743815
73.20200114971223	2.7288823103788387
-192.02551337960952	-1.9126487186254941
-92.86475042077707	-5.31722016642207
17.36025163769299	-0.054010635807308006
-37.30607910213154	-0.6329040758080792
-185.6772096936938	-0.8466810998902463
-263.8071551630752	404.73024905891214
107.86233267688289	-4.194761840276117
-31.0130010590947	246.2706972309287
-12.911435200527562	0.8398269154119403
154.11471919648974	11.309339619063017
-163.6953259110043	-17.393412074200672
122.40233929559675	1.853024296810324
97.46093292379946	1.1833580730275446
-150.66977210760788	3.762727617378081
-149.85206880836134	-44.021515719758455
-111.17804119526356	-0.4872377714055889
173.14488542804963	5.250864120872545
-69.45013759505603	-4.206884954230233
-57.63440845980977	-0.24991856809575047
-192.59436541815995	-4.4074495507981775
-103.29876810148794	-1.4945593503838142
-145.32922147137833	-0.6746010411021507
171.39510011335224	3.2179784001790424
-4.684600816816678	10.499639784791178
243.6983817871879	0.5012815362052518
-51.28751954046695	-2.652016255169783
-192.8188732052778	4.947402071633027
-331.6768815188824	-9.14695673627807
181.02165410546175	-1.7689272540091612
65.25269146644877	-2.6209032614567405
-171.45875994703707	0.8998238349545183
-5.863625207587867	-22.153326053677336
-196.90232523366294	2.2951405644137113
-15.558003379817428	-1.8887771405534752
102.75323934339784	9.92100304160255
45.834498712165534	2.740314197655423
80.14116935470308	-0.6447175499741213
58.94848714978306	-1.8683181124365302
-4.536573302825964	-1.6776764154070243
-23.45142098871085	1.2128948520646905
-210.9770051544945	0.5151473141915189
-4.519956219263956	-1.1776984622801534
-61.592608618969315	-11.603915651371448
-88.54101156130501	-0.482751544235835
-11.957226884113892	1.1813610603494824
74.03248385452056	0.8532528203766078
-141.00371157891	-2.143768710244235
-357.0243487896132	-1.5301041931045614
-149.5935716147527	-52.28975869254803
-101.5709830246125	-3.731085855348363
13.027309549419122	-3.4795592779665725
90.09237755441042	43.756139356984434
-123.82113662011591	32.597754673645255
-218.8858163887537	-8.512735479530068
-19.94580888257968	-3.953420969517063
103.67807255385489	0.5277116119060831
35.690812540535454	-0.0661215998133056
4.502266585417762	0.5660746032302877
-80.34257296777936	-0.514501526526129
48.926853586253515	-2.4174793251791034
150.34662425467306	-2.4424768814735556
48.19864861959445	-2.5874673129867345
-21.24525944861243	133.5697344881604
-265.4440592396666	0.6583742037374934
-245.66474664559104	0.35935556436696386
-248.56325528051812	32.78784616050378
-23.63148170396714	-1.4762907878121523
-270.03797873223544	-22.388861066758313
-12.070287894323476	3.045568064831188
-154.09715178697056	1.9737574486555372
19.22550553797818	-64.22465792636218
-182.0675978157461	0.2467047227740717
-163.85138906828084	1.3380543547214792
152.46703856212397	-2.4280892448936866
284.37786645960557	4.6454648238433975
52.95668184602394	0.726393889054961
61.59253482793907	-295.2563850812744
156.05284153441934	-0.4820688156539414
17.797908708829265	2.0378542336262906
131.62098785179916	-0.13261696832979747
-1.3074533198865645	0.6951581550719325
156.90399135296474	-0.9315617719951195
-199.90553207845178	-1.4922271549132868
-1.6025495888791215	1.1665015801927656
-106.6892196502521	-3.2215876208136005
169.2001622905559	-5.977717538682495
69.82923207746951	-0.7423341566737741
-14.353166960610677	-0.028832618507728176
-100.7787338582256	1.3035365897190023
66.20714860875204	0.7446654449847198
-278.8779300471736	-0.544536201676665
258.9145632794122	0.7243119459014118
185.34880139977804	-1.7985558148070837
287.3180220900948	-0.572315926805503
105.58370349456005	-4.158202532899442
191.18709283121783	-1.4026109025880633
186.98710561588481	-0.6705420239162836
-54.507635802773855	4.2772283068935755
254.5194359044221	14.050684244668314
-91.62014571958585	-3.537348278524214
181.34379376186664	-1.774628042477919
170.33986656525556	-0.31960766045236183
-291.04117533460817	0.8247358631201455
-52.81070317875502	-1.2212769900930218
42.85883744580954	2.2204559264093167
-93.12221184392355	0.5587843305637689
-190.76776267689655	-1.781880143311122
80.85902252389306	0.4427479159641743
136.6753803104302	-8.207078669288839
84.24160303518792	-0.29935007586509993
3.5043083550627183	88.17686825795512
45.057767928719635	1.0688438870219776
-134.41753366842332	-0.5208210309209803
-287.9713430593791	-5.822505203597242
-9.836925500774043	-0.41230921981710406
25.60229346688686	1.8072977469843206
-76.59187346512391	0.5757935044042468
65.68906206440359	-0.2510849615144397
0.047354171943759814	-2.394167964321064
-67.24745178003005	2.0129662583493952
-189.95970903786355	-12.647922768465516
159.19706956186377	-1.5051245809943503
12.399773983536877	0.22812359575661684
-386.50034744011566	1.5529331082623135
-348.84306114049906	-0.34514861198430863
125.26673697422828	1.015014970915579
54.925877608241066	2.5595181247867105
-129.5252724216858	2.2699071186072355
-117.75901785383758	6.369293962160029
-157.60667000002272	1.910548880927628
-200.68522853249496	-1.9199395508384862
-267.63730987873015	-5.76980209110732
130.56258649748102	-1.7759033487261584
-106.61553720804585	0.13607534614289438
255.12600054736217	-1.4896651366430005
51.40068608700688	2.1473140250942135
-214.27678666953554	3.6816271073743794
-75.71919524792986	-4.6712331414048
183.04842145391828	4.503122962055383
-12.421937239919725	3.6809299878916395
211.85329316294727	2.1832462630138254
90.88407417935622	1.2143213881480093
114.98710909498782	-1.6669338066486665
69.13348843100869	2.4916949364779426
193.4235328308466	-0.8509787890322523
139.79714706984947	-15.190304646327647
105.53270399172968	1.125593658185371
15.634502524223086	-0.03950309037518863
294.6901003349984	1.385462354588089
-242.87724695439906	-8.890721150587458
-121.1070687253957	-1.395972451523346
41.00120962473247	-4.537843145416883
199.28293041770493	3.698711658078396
212.5645506783256	-1.6806222233917631
29.78712455390264	-2.3043474001715576
95.20166611350074	0.8469766273620319
-81.75077559010683	-7.02921130141025
37.925587812569624	10.260306125374674
255.12590737564702	-20.92096875898562
162.95287851554195	-0.5709110690568963
-51.508644830712576	-11.05130015028138
-25.808686497925645	0.2398032647228262
203.021616363347	4.663103770719057
102.81958667840789	-0.6800214331392513
134.81178410025848	3.1853416181106375
-126.23586446721744	-0.9435949328795418
25.961745502312905	1.9457750225721364
147.78860171409403	-7.231758383148649
-113.95984928562243	-5.534292166434578
-56.84785033158373	-2.1728829726491217
261.75627435309417	-0.3791041723854181
-94.84741353680563	-1.7604048598680087
-96.25130144405323	2.170452832873971
-166.9576221880871	2.6243700388917075
-1.3322812870210559	0.9111977394634093
221.04438283615818	8.126686703885122
68.34808293341759	11.472738091346642
-145.7015405529141	-0.6067662507211719
29.489207908531707	1.6123776583530567
73.0477045623748	2.6265190762865207
-11.623767784849518	-7.208019981781323
41.405209508029984	2.792305591145964
14.596878356088204	-9.513630077367544
-60.03755143208364	3.6278050214412043
5.9322488397229005	-0.5748062510068754
137.49776855334883	4.997323797263843
61.94141055294542	0.007940205916582038
-211.50607086907002	-2.365379674402214
-137.26422051260067	-1.6836591618347891
-31.97723980189926	-0.8649263103733895
26.266725835770043	-0.3011873225061597
29.563963527411577	2.3553927348169785
157.88589189170358	-1.0417275901863443
-145.04132666591204	-22.568944661807212
-144.85955358388185	3.6364648592117024
1.4409519444420336	6.124052925155764
6.406191955736064	-1.3347099464076386
-3.14079476261432	-14.589774590888457
-228.5492461559776	3.0056386558811927
38.683325419182836	-0.09758695539446044
-152.1613240773846	-2.446979467836544
-99.07415996078831	47.28465413443678
-10.170978308072595	-4.73075976016432
84.58852818567503	-4.342219859062398
373.07549945192386	4.708847242204436
-186.70342085172007	0.6996625603217292
-59.138959989252655	-2.847528798028954
9.78416417398578	-1.9847557897376495
10.123625710886348	-1.775761802631848
-108.12578848017706	-0.36426059846136516
-82.0653140877136	0.24881706604313397
57.53243736320477	-3.4256528904636676
-42.01100026730147	3.0623874878235164
-41.816392654274466	0.06654336869699609
30.668690870729407	-4.043577246849922
-269.3700183288057	-5.262372160746741
-154.15267365032054	2.5604897234220556
-180.12520420197833	2.7643434075728
-9.853398228805746	2.996989666160434
-35.37895858260533	7.06238486082366E-4
-207.92386846612695	-0.3833983871685981
-175.09578303457474	0.5515052473910879
-24.61581802216874	-4.430635097584817
-16.325909609564214	-4.138415298861319
-40.56026065120495	-8.447735374959247
-85.93923619989887	-0.8130772579755099
25.015928001381905	-3.2140209527451
-157.6009263521483	-1.6655622157191927
70.63863959883712	7.197049075904196
-98.11404156143865	3.5816977098835707
318.3191612820722	0.6064645323367754
-65.83366294516432	0.38354629776858545
62.70187945846257	0.29999660514809307
-17.18123534905137	-0.28182932198095123
191.98844538074695	-5663.861865568372
-73.63147873300653	-0.26044496554878027
-39.60566322252794	0.9677580229186572
134.9966759311505	-0.5498135445683405
-183.11285040969386	6.581374192944716
-173.59894118771516	1.1041272106798823
117.41913912408602	0.38517380037976606
97.47113181393222	-1.7360760984900319
-82.26079317392679	0.7378192172340421
-98.90474846027564	-10.71112100622618
-31.903498050703742	1.4654692785464813
138.88223970167144	-21.0927008713398
-160.7148231983797	-0.6414759245914824
-35.98382163215974	-3.0357485544301714
-191.78398671551437	21.746534475890442
398.03855065422783	-2.6681006897088975
-52.800876508987834	-3.312619572655648
71.90562028100122	-1.4881078278339865
-263.237249521402	-1.0092849832007993
4.963446107169505	-1.4451501261612432
-43.01438113403734	-3.827506270921432
-59.39848417106443	-2.0579166041443813
-94.59293161167454	-1.1511076698994533
64.3341104280363	1.8032737018381986
-219.7855395829593	0.08651514159925822
197.0325993033433	-2.038089289306301
-77.54510649073572	-84.08624133247805
-241.23157203325516	2.4725606534883484
67.50121421014407	1.553343263685832
-109.19743336531155	3.8123386248408213
-190.76022145986494	-0.7265657332163348
20.555179551620352	0.6847239737189025
73.08132929727796	0.9767236384560004
-171.37671669957695	2.0306264931016402
87.05069132114032	0.23250141312009862
-217.03710941246672	-3.0921865681054905
-43.31839578540164	0.5866271848690179
77.34315790771313	-1.2332197674021566
-25.646783719205043	-0.0019110162040489864
-167.22721445588363	-2.908323383818669
-35.28464242478862	89.01615554969078
121.14645932390232	-2.882723761977822
144.01318035611348	-0.2926942344436598
-22.634399698318333	1.0829994813349648
-11.719277140212549	0.9591624413436006
-182.944708663841	12.109876840791886
155.30597500753026	-2.0958300685569777
161.18053105848477	-0.05734052944275761
64.31279106752885	3.56157312952295
-217.43030976009894	1.5997058943898335
321.4539145009336	81.02564055519028
-332.5918318220075	3.8668963025198555
69.05458496368873	0.5665251270533623
-58.00482183220267	1.0633704707039409
-177.4144922122759	-0.8461373200850565
2.2848484404205194	-2.7261284376888812
-155.35675420083788	0.6156000705594038
305.97972064368776	-2.0012705327322555
101.17229447197914	0.5650179526740433
-76.07164438060776	-1.2573626864887648
54.07344949879764	-0.3048074327612919
-272.7345470803286	2.032474659545491
83.35466528931524	-2.842007007093379
60.210159483936316	57.24559331844589
41.039610631785976	-2.746109282718304
-195.33313877086653	-2.1396633153979248
203.4434236990287	0.25258082986817465
-202.49989848980772	-3.416230929166985
-48.845923518586744	-1.283403603064523
-204.56242260408013	-1.4996776655054989
-339.631847670642	0.07725582995211441
97.88536391130556	-0.1482524890474706
87.96863808604866	2.1592727154092173
8.623704229146972	-4.465413372891151
-86.80734354853014	-3.4730729296811957
-18.554827804572557	-1.2666803660020338
-116.19027347328105	5.788120263805896
88.62361003070266	-1.9423296593851387
129.5648314390075	-1.0344951815284398
166.56694310788228	0.6035621022612616
-29.758450652572794	6.7010231363418145
-245.25220363247396	-3.4386725765383255
149.96445689175323	-4.845494603007973
206.8334312754033	0.1577500417470996
86.48960311192286	3.2524732616228302
23.28291163533473	0.4414885536251488
143.0107098651115	-7.6980802958476815
-88.7852853985243	0.9973622252993645
-158.62412171451638	-2.841685890157737
81.00871071670355	-11.325347676461483
180.5599421115923	-4.266649273603859
71.27084794129202	2.778533446781743
-202.30718445793443	0.31728502328378305
21.68221235897876	-2.7222541199213803
-12.125518284991047	3.74541237288392
61.949151425246576	-2.327069091255988
-138.39744526137181	7.177628177472133
-260.88856313112177	3.4445484291523294
-8.74122316321015	-0.41942672051978
-35.41342840349401	-3.27131373886123
-51.78405294402912	5.828633804909427
-53.15498474006981	0.3160499142994116
-146.44319667527475	1.07119341857511
-117.69431813424735	-0.49991855917057604
-30.891435031077336	-9.691755159181756
70.4791626006134	1.292465789566265
310.0751808388182	-0.14538267921419606
326.01578133849495	16.78984944380017
52.002396203307896	7.644002663147602
-303.1019840706739	0.2169791255816724
182.63822619691334	2.0028752495984303
-3.7075674308200846	-99.83450553057172
-77.2775405869779	-0.821918563704229
-125.64679352860017	0.20443887319301587
168.30681482608176	-1.1685331376428567
13.370002501491928	0.5419502319211708
-105.72104690224748	1.9096618027896317
-232.4198434379369	-29.23636891001122
51.31272295201177	-2.494177282098869
-91.01603852969983	0.35306746465322214
-37.138035340897275	-1.0479182586252374
174.44218600850292	-3.271643603684518
78.7722585420151	1.249664530421148
112.26682868806272	1.255116767118216
376.1537102572505	0.6305966860367291
40.62039924622487	-4.371846827922487
-36.923725900275635	-0.8559725832419646
150.62648664023985	0.4311352261330502
-117.409056233456	0.9671006359217762
208.6880734834214	1.9536077404704457
-253.3158386594445	-12.881085031032462
16.56061850887035	4.57142193890333
6.1967706157010785	-0.13305525856011222
75.83085777351677	-0.9431601776669912
-93.13385299157325	-1.0559032169323428
148.9551859732513	0.3411958134268053
-20.953618609659316	10.836785579041523
3.6356496752250655	-1.8950603438925582
-137.8587512752214	0.8599052481248227
347.624054093799	3.110800971209212
169.2948928751843	-3.901974792135855
129.8165632476785	1.0851960136543919
-131.49121095630622	-2.3267357577576613
63.67446710444031	1.0636714986312439
-382.0786711194077	-2.9180096596488223
-118.00338717096601	-51.88002507971695
-37.305632338341056	9.15275427189853
192.9375906877584	1.963014552867909
213.63960771604218	0.6693436578067038
45.581960253293104	-0.20567272274350049
-221.96155825026474	-1.7722438517628503
-110.98571400395487	-1.5540840156165099
-273.6982309009724	1.2243021837584003
-41.06775451384753	0.28828592380718443
59.172754760560636	-0.1671553723439103
-157.1993526766876	0.5823172115602393
-43.91568802488138	-0.7222822421556037
-134.95682480907848	-4.815158497373065
-118.69816756009911	-1.76502771520281
-27.323064805880268	3.2897036937752735
172.78180507476716	-0.2283636962209819
296.9051516971527	-0.524523492230592
71.95162187200391	3.3279381027762542
-309.4332019242686	-1.7275541848463383
